Image	Object ID	Object type	Name	Classification	Parent	ROI	Centroid X µm	Centroid Y µm	Nucleus: Area	Nucleus: Perimeter	Nucleus: Circularity	Nucleus: Max caliper	Nucleus: Min caliper	Nucleus: Eccentricity	Nucleus: Red mean	Nucleus: Red sum	Nucleus: Red std dev	Nucleus: Red max	Nucleus: Red min	Nucleus: Red range	Nucleus: Green mean	Nucleus: Green sum	Nucleus: Green std dev	Nucleus: Green max	Nucleus: Green min	Nucleus: Green range	Nucleus: Blue mean	Nucleus: Blue sum	Nucleus: Blue std dev	Nucleus: Blue max	Nucleus: Blue min	Nucleus: Blue range	Cell: Area	Cell: Perimeter	Cell: Circularity	Cell: Max caliper	Cell: Min caliper	Cell: Eccentricity	Cell: Red mean	Cell: Red std dev	Cell: Red max	Cell: Red min	Cell: Green mean	Cell: Green std dev	Cell: Green max	Cell: Green min	Cell: Blue mean	Cell: Blue std dev	Cell: Blue max	Cell: Blue min	Cytoplasm: Red mean	Cytoplasm: Red std dev	Cytoplasm: Red max	Cytoplasm: Red min	Cytoplasm: Green mean	Cytoplasm: Green std dev	Cytoplasm: Green max	Cytoplasm: Green min	Cytoplasm: Blue mean	Cytoplasm: Blue std dev	Cytoplasm: Blue max	Cytoplasm: Blue min	Nucleus/Cell area ratio	Delaunay: Num neighbors	Delaunay: Mean distance	Delaunay: Median distance	Delaunay: Max distance	Delaunay: Min distance	Delaunay: Mean triangle area	Delaunay: Max triangle area
71_17_FITC.tif	7c88c9a5-f39c-43f8-bf58-3fb72c2bee2c	Cell		Positive	Annotation	Polygon	361.22	388.45	55.7065	54.215	0.2382	24.403	3.9747	NaN	10.2909	2830	10.6179	43	0	43	179.0509	49239	37.3962	233	75	158	11.6436	3202	11.7754	47	0	47	163.3919	74.2431	0.3725	34.896	7.528	NaN	4.5758	8.4215	43	0	92.2551	74.7177	233	0	4.5758	9.3453	47	0	1.5358	4.7103	43	0	46.087	40.8026	219	0	0.8162	4.4118	43	0	0.3442	6	85.2072	12.8974	449.987	6.939	55.125	153.2213
71_17_FITC.tif	d5770519-3771-4b83-bdc2-718c57c6481a	Cell		Positive	Annotation	Polygon	375.55	392.14	41.4175	47.8096	0.2277	19.3457	3.534	NaN	2.699	556	3.3607	15	0	15	119.8981	24699	25.6613	172	63	109	2.5583	527	3.2541	15	0	15	157.8006	74.0904	0.3612	35.5422	6.8086	NaN	2.1906	3.4025	21	0	58.5796	46.7323	172	0	0.8499	2.168	15	0	2.0036	3.4016	21	0	36.0232	29.1878	143	0	0.2214	1.0382	12	0	0.2644	7	140.6392	56.326	508.6515	13.1681	1808.6674	7587.5957
71_17_FITC.tif	aff4aeb5-6b26-4a46-b3a5-f3279a110ec6	Cell		Positive	Annotation	Polygon	358.88	401.36	3.1063	13.1458	0.2259	6.4318	0.7556	NaN	5	105	4.8374	12	0	12	106.5714	2238	13.3924	123	77	46	4.6667	98	4.6188	12	0	12	31.8915	34.5035	0.3366	16.5997	2.7701	NaN	1.2436	2.6503	12	0	51.4231	31.6951	130	11	1.0962	2.5318	12	0	0.6593	1.4412	6	0	42.8444	24.1759	130	11	0.5407	1.3863	7	0	0.1116	6	274.7845	309.1248	572.9916	5.7231	7187.0254	34877.2852
71_17_FITC.tif	02d6d410-8f8a-4f0b-8727-0640d9547b49	Cell		Positive	Annotation	Polygon	366.1	412.66	53.2215	47.8026	0.2927	22.5518	3.7963	NaN	6.1111	1595	8.9438	35	0	35	168.7395	44041	39.155	230	71	159	7.1341	1862	9.5338	36	0	36	170.2258	76.0141	0.3702	36.6956	7.0883	NaN	2.0739	5.7588	35	0	85.7042	65.9586	230	2	2.3733	6.2819	36	0	0.2057	0.7374	6	0	47.2784	31.3664	166	2	0.1702	0.6415	6	0	0.3139	7	55.2233	16.1364	167.8447	4.5703	187.9686	623.0602
71_17_FITC.tif	2e536f14-9f8c-45eb-96ab-4907829d955d	Cell		Positive	Annotation	Polygon	372.71	412.9	55.4994	50.1806	0.277	21.9724	3.6131	NaN	2.037	550	2.7305	15	0	15	148.537	40105	29.0254	187	60	127	2.3778	642	2.8698	15	0	15	174.5747	75.9475	0.3803	36.3058	6.7458	NaN	0.7976	1.9296	15	0	74.1089	57.6984	187	3	0.8935	2.0643	15	0	0.2157	0.9584	12	0	39.16	25.9032	133	3	0.1965	0.9396	12	0	0.3143	4	58.4554	29.1156	168.1644	7.4259	630.1249	1657.1079
71_17_FITC.tif	ad2c4dbe-dcf3-4ea9-bc1c-8bc2dc06e73f	Cell		Positive	Annotation	Polygon	360.31	411.3	4.5559	12.5112	0.3658	6.1054	0.9621	NaN	9.125	219	10.0793	30	0	30	114.5417	2749	18.0987	140	76	64	9.0417	217	10.0325	30	0	30	28.5781	30.4222	0.388	14.4899	2.8521	NaN	1.6738	5.3312	30	0	57.4326	32.71	140	21	1.6241	5.3003	30	0	0.1453	0.5612	3	0	45.7179	20.3266	118	21	0.1026	0.4804	3	0	0.1453	5	39.1046	6.1588	169.4669	1.7887	87.7091	427.5033
71_17_FITC.tif	435d75da-7fd7-4767-b5bc-68bbb0d9c40b	Cell		Positive	Annotation	Polygon	362.13	409.09	1.4496	5.2871	0.6517	2.3937	0.6903	NaN	0.6667	6	0.866	2	0	2	112.2222	1010	10.9291	126	94	32	0.5556	5	0.7265	2	0	2	7.8693	20.2288	0.2417	9.8332	1.3367	NaN	0.3488	0.8131	3	0	80.907	29.2736	132	26	0.3721	0.8172	3	0	0.2647	0.7904	3	0	72.6176	26.8971	132	26	0.3235	0.8428	3	0	0.1355	3	6.3285	4.5703	12.6267	1.7887	11.3371	20.7822
71_17_FITC.tif	d89191cf-96d6-4eb9-9193-6eb517ef9fa8	Cell		Positive	Annotation	Polygon	391.47	448.08	7.2481	16.1316	0.35	7.8674	1.2219	NaN	16.0811	595	15.6549	56	0	56	88.7838	3285	25.6636	134	50	84	16.0811	595	15.8717	56	0	56	87.598	50.6348	0.4293	24.028	4.7459	NaN	3.3514	6.5552	56	0	25.7358	23.1439	134	3	1.6108	6.4794	56	0	2.1344	2.6861	11	0	19.708	10.3973	69	3	0.2274	0.7234	5	0	0.0796	5	74.819	63.7719	131.9404	42.5443	1037.3358	2756.9363
71_17_FITC.tif	24621eb2-366e-4edf-a278-d4dc4ae4efc2	Cell		Positive	Annotation	Polygon	420.24	501.43	31.6844	29.4311	0.4597	13.6217	3.4537	NaN	4.4214	703	4.397	18	0	18	154.9623	24639	28.0634	198	89	109	3.9434	627	4.1189	16	0	16	120.939	53.6282	0.5284	24.733	7.1585	NaN	2.0646	3.4487	18	0	72.6156	61.0476	198	0	1.3027	2.9407	16	0	1.1911	2.5192	17	0	42.0956	36.984	187	0	0.324	1.4306	13	0	0.2644	5	69.485	63.7719	136.3476	10.2532	709.2443	2597.8835
71_17_FITC.tif	eedaef2a-f31d-410d-9fe6-23c508d9ad85	Cell		Positive	Annotation	Polygon	423.73	516.57	23.1938	23.1535	0.5437	10.6557	2.7792	NaN	5.4825	625	6.8204	28	0	28	153.2193	17467	32.0348	203	73	130	5.5877	637	6.9075	29	0	29	82.4208	52.8982	0.3701	25.6749	5.1532	NaN	2.4612	4.6368	28	0	69.2331	61.3559	203	1	1.6867	4.4608	29	0	1.2526	2.548	15	0	35.6386	30.056	128	1	0.1263	0.5918	4	0	0.2702	4	75.8178	68.8595	157.7013	7.8509	1533.3818	5470.0312
71_17_FITC.tif	a9941af5-34a8-4846-95cf-e345b2026c1c	Cell		Positive	Annotation	Polygon	419.86	523.96	11.1827	21.0144	0.3182	10.1256	1.7407	NaN	9.0526	516	7.1199	28	0	28	105.5965	6019	17.9512	137	63	74	7.3158	417	6.9543	27	0	27	83.4562	50.5788	0.41	24.1514	4.5663	NaN	3.3317	4.9266	28	0	53.8688	31.0329	137	11	1.5297	3.92	27	0	2.3919	3.7132	18	0	45.3718	23.5866	105	11	0.5793	1.9102	15	0	0.1309	7	95.9528	79.5123	255.1931	7.8509	1869.639	7794.5659
71_17_FITC.tif	f80839dd-9672-4c02-a000-f13547b98fbc	Cell		Positive	Annotation	Polygon	368.15	576.25	21.7442	31.2851	0.2792	14.7724	2.7725	NaN	9.4775	1052	7.7599	29	0	29	187.4234	20804	22.589	224	134	90	10.2072	1133	9.6372	42	0	42	93.6035	60.7431	0.3188	29.1025	5.0315	NaN	3.9029	6.2219	29	0	82.7793	73.2169	224	2	3.1987	7.1578	42	0	2.0936	4.3	27	0	48.8158	47.1137	220	2	0.924	4.0956	42	0	0.2347	7	79.9189	76.6841	168.1644	2.6474	686.1939	2756.9363
71_17_FITC.tif	8bf2bda8-ab64-4bab-840d-12ba14c288af	Cell		Positive	Annotation	Polygon	363.81	574.72	5.1772	13.4225	0.3611	6.3411	1.1833	NaN	6.3333	171	6.5984	22	0	22	174.7407	4718	17.3374	201	145	56	6.5185	176	6.8184	23	0	23	39.3466	39.8435	0.3115	19.4397	2.9682	NaN	4.0052	5.1782	22	0	101.5619	56.7841	203	8	2.4742	4.6205	23	0	3.6287	4.8302	19	0	89.7305	51.8649	203	8	1.8204	3.8012	19	0	0.1229	7	132.6786	166.0115	400.7199	3.3617	1125.7922	7595.6538
71_17_FITC.tif	027bd29a-6845-4422-8882-be89d44af362	Cell		Positive	Annotation	Polygon	365.28	579.72	1.8638	7.2199	0.4493	3.4272	0.7972	NaN	13.0833	157	10.5007	30	0	30	206.4167	2477	11.9807	224	188	36	13.3333	160	11.2277	34	0	34	3.5205	9.2283	0.5195	4.2579	1.004	NaN	11.1053	11.14	30	0	201.7368	15.8389	224	175	11.8421	12.348	34	0	7.7143	12.2027	26	0	193.7143	19.2502	220	175	9.2857	14.6369	33	0	0.5615	3	4.4216	3.413	7.2044	2.6474	4.4999	8.3615
71_17_FITC.tif	0c7e1eb2-53c5-4218-9c04-4cf6a21a54fb	Cell		Positive	Annotation	Polygon	365.76	591.27	29.6135	33.9441	0.323	14.241	3.081	NaN	10.6757	1580	13.3693	48	0	48	190.5473	28201	27.231	240	120	120	12.9257	1913	17.9273	66	0	66	94.4318	51.7591	0.443	22.9255	5.8466	NaN	7.1808	9.2082	48	0	119.3137	59.6079	240	32	4.5882	11.8343	66	0	5.5177	5.6488	31	0	85.4148	36.3651	208	32	0.6206	2.3522	29	0	0.3091	7	132.1747	84.0687	390.6929	7.2044	4113.4067	23865.8477
71_17_FITC.tif	71ebe7be-6efd-4196-b3b9-efdd1c40e7e0	Cell		Positive	Annotation	Polygon	450.97	670.19	13.4607	24.4371	0.2833	11.3175	1.9124	NaN	5.5606	367	4.3079	16	0	16	88.8485	5864	14.3304	114	60	54	4.2576	281	3.9196	13	0	13	109.9634	58.1397	0.4088	28.004	5.3787	NaN	3.0544	3.4373	18	0	42.1407	22.6254	114	14	0.9531	2.4571	18	0	2.7002	3.1439	18	0	35.5396	14.2519	100	14	0.4861	1.7275	18	0	0.1186	5	126.0565	129.9048	157.7013	85.9635	2431.9514	5470.0312
71_17_FITC.tif	b256683c-1c86-4a87-8fb3-1bc59658a4e0	Cell		Positive	Annotation	Polygon	449.16	773.85	37.6899	50.0376	0.1892	19.6943	3.311	NaN	2.508	469	3.2135	14	0	14	122.262	22863	20.7924	158	70	88	2.7166	508	3.2295	14	0	14	166.2912	78.5458	0.3387	34.5234	6.9447	NaN	2.4179	3.3972	18	0	68.0249	37.4442	158	12	1.0423	2.2921	15	0	2.3906	3.453	18	0	51.5867	23.0976	131	12	0.5348	1.6094	15	0	0.2288	6	105.1436	66.08	255.1931	11.0146	1750.2063	7794.5659
71_17_FITC.tif	f9f6eba6-c1b4-4930-a422-9653dfb60e38	Cell		Positive	Annotation	Polygon	450.62	790.96	4.3488	10.5131	0.4944	4.8116	1.109	NaN	1.0476	22	1.9869	7	0	7	94.8571	1992	8.9626	111	80	31	1.0476	22	1.9869	7	0	7	34.5836	28.4175	0.5382	13.0026	3.6313	NaN	1.6509	2.6574	12	0	56.6686	22.5433	111	18	0.8402	2.1026	12	0	1.7365	2.7339	12	0	51.25	18.2201	104	18	0.8108	2.1232	12	0	0.107	7	312.9809	217.1876	1039.4355	11.0146	17805.1797	59646.2344
71_17_FITC.tif	d40164a1-0895-4460-8ff5-1b08674eafcc	Cell		Positive	Annotation	Polygon	455.56	801.21	20.7087	32.9595	0.2396	14.6083	2.4813	NaN	9.6449	1032	8.0097	33	0	33	134.8878	14433	29.5157	189	72	117	8.0561	862	7.8941	33	0	33	119.9036	65.2298	0.3541	31.1249	5.0307	NaN	5.0948	5.8069	33	0	65.7207	40.3144	189	15	1.8793	4.6711	33	0	4.0655	4.6045	20	0	50.074	21.6373	121	15	0.482	1.4716	12	0	0.1803	5	13.5675	15.5864	26.3653	3.3946	19.4773	43.6291
71_17_FITC.tif	b52f55fc-965e-4c85-9bda-2d897d176737	Cell		Positive	Annotation	Polygon	184.49	804.63	5.1772	13.6927	0.347	6.6194	1.1272	NaN	9.5172	276	5.8225	19	0	19	75.8966	2201	10.9393	94	51	43	1.5862	46	2.5983	10	0	10	48.8726	37.911	0.4273	18.1394	3.5999	NaN	10.8792	5.9261	28	0	44.4542	20.9302	94	9	0.5208	1.4777	10	0	11.0664	5.9294	28	0	40.1327	18.0921	89	9	0.3744	1.1861	10	0	0.108	5	202.1589	108.9614	449.987	2.6408	167.6991	444.481
71_17_FITC.tif	bc479536-bff8-4706-bfd3-ad40f904a8d3	Cell		Positive	Annotation	Polygon	186.99	809.91	3.1063	9.6696	0.4175	4.6368	0.9442	NaN	6.5	117	3.365	14	2	12	75.7222	1363	12.5876	96	54	42	2.5556	46	4.0905	14	0	14	31.0631	35.741	0.3056	17.5848	2.6425	NaN	7.5098	4.6327	19	0	44.9412	20.4078	96	11	0.5882	1.8047	14	0	7.6444	4.77	19	0	40.837	17.5521	85	11	0.3259	0.9912	6	0	0.0945	6	168.0175	181.4001	444.8036	2.6408	7027.4346	34877.2852
71_17_FITC.tif	9804dbcb-b1bf-43c1-b969-42e2b844bd52	Cell		Positive	Annotation	Polygon	184.74	818.45	2.8992	8.9963	0.4502	3.9072	1.1607	NaN	9.5556	172	5.0202	17	1	16	70.2778	1265	7.3629	80	57	23	0.7222	13	1.2744	4	0	4	34.7907	27.5808	0.5747	12.4764	3.7884	NaN	10.1471	5.8468	26	0	40.2529	15.2704	80	10	0.3235	0.9767	5	0	10.2171	5.9478	26	0	36.6974	11.6056	80	10	0.2763	0.9293	5	0	0.0838	6	90.2118	108.2932	190.4323	3.9205	768.3723	4163.7598
71_17_FITC.tif	bd8b3f67-6f79-49bc-89c1-9d3b7d011b85	Cell		Positive	Annotation	Polygon	163.03	911.45	21.1229	31.2352	0.2721	14.1053	2.0865	NaN	49.9434	5294	10.1389	71	13	58	75.2642	7978	9.4761	95	50	45	1.2642	134	2.0531	9	0	9	104.372	55.339	0.4283	26.0531	5.4386	NaN	24.2564	19.7705	71	0	43.8856	23.4527	95	4	0.5799	1.5268	10	0	17.4663	15.697	64	0	35.591	18.502	79	4	0.399	1.2982	10	0	0.2019	4	59.7426	59.6089	108.9614	10.7912	59.1115	101.9469
71_17_FITC.tif	60ac0af3-8323-4b36-8a95-5efb0309c458	Cell		Positive	Annotation	Polygon	162.56	925.46	12.6323	18.6891	0.4545	8.6327	2.0513	NaN	51.9219	3323	8.9501	66	24	42	75.6094	4839	6.1402	89	54	35	0.6406	41	1.3612	5	0	5	35.2049	33.5159	0.3938	15.2701	3.7247	NaN	29.1486	22.6751	68	0	48.2057	26.3374	89	1	0.44	1.239	7	0	16.018	17.0795	68	0	32.4054	19.6674	74	1	0.3243	1.1534	7	0	0.3499	4	35.1643	10.7674	113.6058	5.5167	54.1972	103.1448
71_17_FITC.tif	1191d59a-2637-4329-941e-1897c5376d95	Cell		Positive	Annotation	Polygon	160.2	929.38	3.1063	10.6552	0.3438	5.1442	0.9127	NaN	41.5556	748	9.4572	52	23	29	67.1667	1209	9.0245	81	52	29	1.7222	31	3.14	8	0	8	24.8505	30.2786	0.3406	14.4164	2.7518	NaN	14.4918	19.0016	54	0	34.2541	21.5201	81	8	0.5082	1.5116	8	0	9.8077	16.1011	54	0	28.5577	17.5653	74	8	0.2981	0.8689	4	0	0.1365	5	104.934	16.2372	251.9184	5.4475	48.9484	117.8448
71_17_FITC.tif	b6a80ac9-1a63-4f79-9bdd-2013237d8e61	Cell		Positive	Annotation	Polygon	162.18	939.74	8.6977	18.6287	0.315	8.3832	1.8669	NaN	50.6667	2432	9.4921	69	29	40	73.8542	3545	9.3079	92	46	46	2.2083	106	3.3451	14	0	14	65.8538	38.8529	0.5482	16.8331	5.3762	NaN	22.9781	18.2633	69	0	41.7931	22.6055	92	1	0.6489	1.8452	14	0	18.0738	14.7217	62	0	36.1144	19.2786	74	1	0.3727	1.2463	9	0	0.1427	5	93.3393	86.1071	240.1901	5.4475	2235.9778	6789.2637
71_17_FITC.tif	9419883a-e19f-4810-b77d-e262944c229c	Cell		Positive	Annotation	Polygon	288.71	969.78	45.5592	62.8522	0.1449	30.8827	2.4956	NaN	4.473	993	5.3954	27	0	27	185.554	41193	15.3058	219	144	75	4.9505	1099	5.4956	27	0	27	220.341	97.1555	0.2933	47.0449	6.0402	NaN	1.698	3.8491	30	0	118.3612	57.4364	219	2	1.9398	3.9364	30	0	0.9655	2.9155	30	0	100.6243	50.9998	185	2	1.1451	2.9355	30	0	0.2047	8	337.4165	395.7064	572.9916	55.1893	14639.0518	34877.2852
71_17_FITC.tif	a0ab9588-137c-4052-b902-b4e670088dc6	Cell		Positive	Annotation	Polygon	234.12	977.03	19.2591	21.3969	0.5286	9.602	2.6781	NaN	4.3936	413	5.4402	23	0	23	90.3617	8494	23.3076	128	40	88	4.234	398	5.385	23	0	23	129.6367	56.4497	0.5112	26.0476	6.188	NaN	1.3882	2.9308	23	0	34.4042	28.3093	128	3	0.8962	2.6834	23	0	0.8571	1.7451	14	0	24.5169	13.9962	77	3	0.3064	1.037	11	0	0.1401	5	142.4095	55.1893	415.8307	29.5515	4442.0205	11471.1562
71_17_FITC.tif	13538888-70a5-4e2d-bb6b-b6eaaecd63ae	Cell		Positive	Annotation	Polygon	217.91	999.72	39.7608	49.2993	0.2056	24.3792	2.5143	NaN	6.5178	1284	7.065	28	0	28	144.5533	28477	32.9461	197	71	126	7.3655	1451	7.1933	28	0	28	159.4573	84.8043	0.2786	41.0441	6.1423	NaN	2.4334	4.6857	28	0	58.7853	56.8833	197	0	2.0906	4.905	28	0	1.0365	2.1894	16	0	29.4514	24.3319	135	0	0.2865	1.3678	16	0	0.2502	6	115.7194	135.1201	193.9398	10.1526	2251.4836	6789.2637
71_17_FITC.tif	4574bd85-24d6-40c0-8868-9e0677870886	Cell		Positive	Annotation	Polygon	219.32	1014.3	2.278	9.9214	0.2908	4.8414	0.6084	NaN	0.5385	7	0.9674	3	0	3	75.8462	986	8.8586	89	61	28	0.5385	7	0.9674	3	0	3	36.8616	35.6843	0.3638	17.0931	2.6778	NaN	0.5754	1.3063	7	0	36.8268	18.9783	98	9	0.3017	0.7922	5	0	0.5783	1.3314	7	0	33.7711	15.9216	98	9	0.2831	0.7773	5	0	0.0514	8	217.404	226.8803	383.318	10.1526	3749.6003	18932.7559
71_17_FITC.tif	c05844ea-6d25-4031-9572-d434cb577d69	Cell		Positive	Annotation	Polygon	160.01	1172.6	10.5615	13.8257	0.6943	5.8398	2.7597	NaN	2.8545	157	3.0394	9	0	9	187.5091	10313	11.4534	202	161	41	3.8	209	4.5518	17	0	17	67.3034	35.2664	0.68	14.8999	6.1784	NaN	1.9266	3.139	24	0	112.3364	58.7059	202	11	2.0183	3.3752	19	0	1.739	3.1309	24	0	97.136	52.3537	202	11	1.6581	2.9667	19	0	0.1536	6	143.4341	179.4644	245.5504	6.3902	1284.3737	6789.2637
71_17_FITC.tif	54a4ed11-3e41-493a-9612-e9298e4fd762	Cell		Positive	Annotation	Polygon	158.38	1185.2	9.1118	14.8458	0.5195	6.3254	1.9962	NaN	5.3673	263	4.8592	17	0	17	195.102	9560	9.6722	211	174	37	6.3673	312	6.1159	21	0	21	43.2813	34.1231	0.4671	15.7601	4.0021	NaN	1.6132	3.3233	17	0	171.5047	16.9941	211	136	2.0755	4.3501	21	0	0.4847	1.3579	11	0	164.411	11.3745	206	136	0.7853	2.5135	17	0	0.217	7	373.7	121.5355	1217.1234	3.5351	1247.0731	3962.165
71_17_FITC.tif	13c2fc16-e52a-4b14-86d7-dd7ea434f517	Cell		Positive	Annotation	Polygon	161.47	1189.4	11.804	25.9411	0.2204	12.7465	1.2488	NaN	7.7833	467	7.1689	23	0	23	197.2167	11833	13.0736	218	164	54	8.55	513	6.9292	23	0	23	65.0254	46.5219	0.3776	21.8787	3.9137	NaN	1.9238	4.4472	23	0	132.6286	47.4341	218	41	2.0857	4.5911	23	0	0.5451	1.5789	13	0	117.4314	39.0448	203	41	0.5647	1.6466	12	0	0.178	4	72.0985	50.7274	183.4041	3.5351	936.9429	3307.9902
71_17_FITC.tif	08b32c14-0a58-4e6e-a01b-4beea8f9289f	Cell		Positive	Annotation	Polygon	168.84	1276.2	49.4939	52.1866	0.2284	25.2876	2.8216	NaN	3.5244	867	4.8929	27	0	27	116.3537	28623	16.7742	142	65	77	3.7561	924	4.6578	27	0	27	194.8692	85.6555	0.3338	41.6112	6.3946	NaN	1.429	3.1288	27	0	58.3294	39.1924	142	9	1.2023	2.9334	27	0	0.6905	1.6533	10	0	37.8797	19.2924	97	9	0.3023	0.9501	8	0	0.2618	6	96.0731	74.7768	270.3564	26.5622	920.6248	3307.9902
71_17_FITC.tif	dd16b4d9-9192-4452-956a-fb585b71099e	Cell		Positive	Annotation	Polygon	167.3	1303.6	22.5725	37.7176	0.1994	18.1863	2.1618	NaN	2.7368	312	3.8213	21	0	21	98.0439	11177	12.918	119	60	59	2.8947	330	3.9586	21	0	21	103.1295	65.1989	0.3049	31.6446	5.3103	NaN	0.994	2.3289	21	0	53.9679	33.436	119	6	1.1523	2.5961	21	0	0.4779	1.2521	8	0	40.9169	25.5586	109	6	0.6364	1.7208	12	0	0.2217	6	212.2128	80.6401	799.0489	8.441	1644.0061	5376.062
71_17_FITC.tif	d0001745-a2c6-4e84-b08f-acef99962a64	Cell		Positive	Annotation	Polygon	170.28	1313.9	9.9402	19.7504	0.3202	9.5639	1.7371	NaN	3.4909	192	3.9152	14	0	14	104.6364	5755	14.8353	127	64	63	4.0182	221	3.937	14	0	14	62.5404	48.0512	0.3404	23.2758	3.756	NaN	1.3399	2.5612	14	0	52.7288	31.9547	127	7	1.1471	2.5712	14	0	0.8685	1.8576	12	0	41.3546	21.8071	99	7	0.5179	1.5832	12	0	0.157	4	24.3842	27.1473	34.8013	8.441	27.7026	39.4194
71_17_FITC.tif	81abc708-6e0a-4407-bcb0-06a2cd345cce	Cell		Positive	Annotation	Polygon	172.8	1332.3	22.7796	29.2434	0.3347	13.5829	2.5537	NaN	1.6339	183	2.3937	13	0	13	118.8929	13316	18.8681	148	75	73	1.7857	200	2.4252	13	0	13	85.9413	51.4728	0.4076	24.6789	5.002	NaN	0.6571	1.6643	13	0	60.4119	43.5196	148	4	0.6548	1.6545	13	0	0.3019	1.111	7	0	39.1461	27.4733	140	4	0.2435	0.9865	7	0	0.259	6	76.7947	24.8098	326.5432	8.6457	507.6353	1912.7272
71_17_FITC.tif	efd0d5c6-98dd-4e0f-a518-6dc29fa5ca83	Cell		Positive	Annotation	Polygon	170.37	1344	35.2049	37.6518	0.3121	17.7649	3.0688	NaN	0.7143	125	1.3932	9	0	9	111.2686	19472	17.9892	147	60	87	0.8171	143	1.4427	9	0	9	98.9878	62.3983	0.3195	30.2762	5.1487	NaN	0.6258	1.4752	10	0	67.0915	41.5555	147	10	0.6362	1.4501	10	0	0.5752	1.5201	10	0	41.8268	27.8009	137	10	0.5327	1.4465	10	0	0.3629	8	71.2992	29.5444	238.2707	8.6457	97.4434	306.1135
71_17_FITC.tif	45c2bc8b-6e97-4e16-9ce9-104bbe8b0383	Cell		Positive	Annotation	Polygon	174.01	1351.3	10.7685	17.9684	0.4191	8.4821	1.8336	NaN	0.3889	21	0.8777	4	0	4	107.2407	5791	8.1887	123	87	36	0.4444	24	0.8831	4	0	4	26.3001	29.9899	0.3675	14.0092	2.4134	NaN	0.4462	1.2517	9	0	83.1769	30.3674	123	14	0.4846	1.2834	9	0	0.4868	1.4651	9	0	66.0789	28.7331	108	14	0.5132	1.5099	9	0	0.4074	4	10.5739	9.1778	18.3163	5.6238	9.1947	14.22
71_17_FITC.tif	475cd5ef-72cb-4dc2-bacc-a9be8018c26b	Cell		Positive	Annotation	Polygon	175.89	1361.7	12.2182	29.029	0.1822	14.287	1.1467	NaN	1.6667	105	2.7357	13	0	13	97.381	6135	10.1655	117	74	43	1.6825	106	2.7405	13	0	13	58.3986	55.2543	0.2404	27.3223	3.0239	NaN	0.9756	2.1409	13	0	50.4564	33.6888	117	1	0.6272	1.777	13	0	0.7812	1.9038	10	0	37.2589	25.0961	107	1	0.3304	1.2484	9	0	0.1999	8	79.9757	18.1624	352.5273	2.8055	2968.3391	18932.7559
71_17_FITC.tif	dd87f3c2-400f-4efc-bc31-7772f5a4c165	Cell		Positive	Annotation	Polygon	172.07	1360.7	0.8283	3.6387	0.7862	1.6624	0.4418	NaN	0	0	0	0	0	0	89.5	358	3.873	94	85	9	0	0	0	0	0	0	9.3189	14.9	0.5275	6.6978	1.8966	NaN	0.1224	0.5257	3	0	61.0612	19.6611	94	25	0.0612	0.4286	3	0	0.1333	0.5477	3	0	58.5333	18.4558	86	25	0.0667	0.4472	3	0	0.03	5	8.3675	5.6238	15.3777	3.3206	5.3734	10.383
71_17_FITC.tif	4094cf26-c966-4ad9-95e7-0d4d198bca97	Cell		Positive	Annotation	Polygon	173.03	1366.2	5.3843	18.8947	0.1895	9.2927	0.9539	NaN	0.1818	6	0.4647	2	0	2	94.9394	3133	4.6566	103	88	15	0.4848	16	0.8704	3	0	3	22.3654	29.3249	0.3268	14.2778	2.6871	NaN	0.5487	1.4205	9	0	78.0796	20.3935	103	31	0.8496	1.8333	9	0	0.7	1.6412	9	0	71.125	20.3254	100	31	1	2.0928	9	0	0.2418	3	5.0453	5.1872	7.1433	2.8055	3.461	5.4788
71_17_FITC.tif	f1043e6c-546a-43be-8ac6-f3e500b41769	Cell		Positive	Annotation	Polygon	173.98	1375.5	2.6921	7.7027	0.5702	3.556	1.0561	NaN	0.5333	8	1.1255	3	0	3	90.2	1353	2.7308	96	87	9	0.8667	13	1.1872	3	0	3	30.4418	26.8719	0.5298	12.4811	3.7848	NaN	0.8133	1.9051	13	0	62.1067	21.4567	96	25	0.88	1.9245	13	0	0.8444	1.9732	13	0	58.9852	20.322	95	25	0.8815	1.9927	13	0	0.077	6	57.8071	20.0163	171.698	7.1433	68.4909	204.3409
71_17_FITC.tif	9d8ca484-835f-4394-a5b7-2d1efa3f5a53	Cell		Positive	Annotation	Polygon	279.16	1388.4	3.7276	11.1121	0.3794	5.2941	1.0369	NaN	2.1905	46	1.9396	6	0	6	72.381	1520	9.7851	89	52	37	1.7143	36	2.0529	6	0	6	52.6002	43.5664	0.3483	21.0391	3.4578	NaN	1.5058	2.322	14	0	39.6965	18.0873	89	11	0.642	1.5246	9	0	1.4449	2.3468	14	0	36.7881	15.6294	80	11	0.5466	1.4358	9	0	0.0753	8	254.968	282.7214	420.8341	4.8479	6475.936	18932.7559
71_17_FITC.tif	ce998693-b3d6-45a1-813e-0e3adfe553ef	Cell		Positive	Annotation	Polygon	281.43	1397	8.0764	17.8805	0.3174	8.4369	1.5198	NaN	1.8333	77	2.9127	11	0	11	75.0476	3152	10.4577	95	53	42	1.7619	74	2.9451	11	0	11	67.7176	47.2724	0.3808	22.7069	4.4406	NaN	0.997	2.2544	12	0	40.8267	19.2858	95	4	0.459	1.4395	11	0	0.8746	2.1201	12	0	35.8188	14.62	76	4	0.2683	0.9205	8	0	0.1198	7	381.7465	433.9725	631.4308	4.8479	17444.1992	59646.2344
71_17_FITC.tif	0ca449b2-0486-45da-bb63-62c24140ebd5	Cell		Positive	Annotation	Polygon	179.4	1486	10.3544	17.7721	0.412	8.3657	1.6218	NaN	5.8302	309	5.4163	17	0	17	116.3019	6164	20.6282	152	83	69	5.6604	300	5.2658	16	0	16	69.1672	39.8457	0.5475	17.7238	5.0764	NaN	1.4184	3.2256	17	0	50.9674	35.452	152	8	1.3353	3.0769	16	0	0.5951	1.6241	12	0	38.7746	21.5739	118	8	0.5282	1.4102	12	0	0.1526	6	106.1345	123.1216	172.6393	23.5465	2824.135	9766.0312
71_17_FITC.tif	f652eeba-9525-4b29-a559-f4388c1e704a	Cell		Positive	Annotation	Polygon	179.92	1511.1	36.2403	42.2116	0.2556	19.6464	2.7118	NaN	1.7797	315	2.5005	13	0	13	137.2316	24290	22.3888	176	83	93	2.322	411	2.8008	14	0	14	106.8571	54.8646	0.4461	22.1582	6.2126	NaN	0.7162	1.7411	13	0	81.4112	47.432	176	15	0.9903	2.0605	14	0	0.1642	0.692	7	0	52.437	26.4093	141	15	0.2991	0.9963	7	0	0.337	4	54.1853	26.7252	149.3025	13.9885	111.1579	251.715
71_17_FITC.tif	ae28e9af-0450-45f5-9028-42e94e9862fe	Cell		Positive	Annotation	Polygon	177.17	1579.3	6.6268	14.1411	0.4164	6.7881	1.2047	NaN	2.4286	85	2.2917	9	0	9	102.7143	3595	7.6948	114	78	36	3.1143	109	2.6983	9	0	9	57.7774	41.9636	0.4123	20.032	4.1389	NaN	1.5231	2.1598	11	0	59.484	29.9632	114	7	1.0427	2.0226	9	0	1.3943	2.1139	11	0	53.3333	26.6996	106	7	0.748	1.7219	9	0	0.1077	5	216.4677	238.2707	521.6042	5.5278	1245.7937	5376.062
71_17_FITC.tif	b465dc73-04d0-4d90-bc45-fa233a44f9c9	Cell		Positive	Annotation	Polygon	179.51	1585.2	6.0055	12.9884	0.4474	6.0005	1.5497	NaN	3.8182	126	3.9247	14	0	14	100.2121	3307	7.9402	112	79	33	1.8182	60	2.6746	9	0	9	29.4064	29.0418	0.4381	12.8335	3.5917	NaN	2.8151	3.0783	14	0	84.2329	12.6704	112	40	0.8356	1.8938	9	0	2.5221	2.7357	10	0	79.5664	9.6241	99	40	0.5487	1.494	7	0	0.2098	6	202.5474	68.8258	516.2006	5.5278	1464.411	7161.5381
71_17_FITC.tif	d92cb495-82d8-4f9a-b850-5ae57bf70672	Cell		Positive	Annotation	Polygon	510.27	607.84	45.5592	49.0039	0.2384	20.1666	3.5628	NaN	11.9604	2715	13.2739	58	0	58	172.4493	39146	39.0852	230	58	172	12.3172	2796	13.466	60	0	60	199.8393	78.5536	0.407	37.0619	7.1724	NaN	3.1295	8.1436	58	0	66.5005	66.6424	230	1	3.0819	8.3279	60	0	0.4133	1.1431	8	0	33.9119	28.6323	135	1	0.2412	0.871	8	0	0.23	10	244.4462	211.2288	703.7249	85.9635	10136.334	53616.1484
71_17_FITC.tif	16771c08-940f-4b57-b8dc-cb40b76bc7ca	Cell		Positive	Annotation	Polygon	695.95	788.63	3.9347	11.0478	0.4051	5.0248	0.9662	NaN	10.9545	241	9.7711	31	0	31	63.4091	1395	15.6925	92	42	50	10.2273	225	10.1415	31	0	31	75.1727	45.2081	0.4622	21.0202	4.3488	NaN	2.283	4.0885	31	0	20.4753	13.5118	92	3	0.8159	3.5008	31	0	1.7251	2.5983	12	0	17.7134	7.2533	42	3	0.2105	0.7937	6	0	0.0529	6	229.0619	202.9786	508.6515	14.3407	2512.5818	7587.5957
71_17_FITC.tif	99b8f78d-0ac6-4a14-82df-b993c9f18033	Cell		Positive	Annotation	Polygon	684.48	797.43	6.0055	16.6934	0.2708	8.1455	1.0228	NaN	14.2647	485	11.8201	38	0	38	80.3235	2731	24.1607	118	36	82	12.7941	435	11.7158	37	0	37	88.2192	52.2729	0.4057	25.0294	4.5311	NaN	2.8712	5.4948	38	0	24.4567	21.152	118	4	1.3466	4.891	37	0	1.8855	2.9692	19	0	19.6234	11.9559	93	4	0.3562	1.4464	19	0	0.0721	5	299.1603	257.7102	518.7733	14.3407	18145.6973	53616.1484
71_17_FITC.tif	1165e051-e85f-4743-bec2-5ef7a75ac73c	Cell		Positive	Annotation	Polygon	459.22	795.23	10.3544	19.0019	0.3604	8.5985	1.7746	NaN	4.0357	226	3.4692	18	0	18	107.8036	6037	15.6652	134	70	64	2.1964	123	2.5328	8	0	8	51.9789	39.8443	0.4114	18.721	3.8899	NaN	5.8118	4.9704	19	0	62.1922	33.6623	134	17	1.0392	2.2914	12	0	6.3116	5.2159	19	0	49.3568	25.1295	109	17	0.7136	2.1138	12	0	0.205	6	62.2994	17.7956	198.6529	3.3946	852.7128	4091.4082
71_17_FITC.tif	48d8f11d-a71c-44fa-b6bf-d01da3bf954a	Cell		Positive	Annotation	Polygon	461.37	806.97	16.1528	27.4373	0.2696	11.4419	2.2508	NaN	11.4304	903	5.6106	27	3	24	109.9747	8688	16.5398	134	66	68	1.3418	106	1.9407	9	0	9	61.2979	52.7694	0.2766	25.4344	4.3438	NaN	11.3278	6.9639	29	0	70.8829	30.9539	134	21	0.5753	1.3819	9	0	11.2909	7.4009	29	0	56.8455	21.3807	122	21	0.3	0.9844	7	0	0.2621	4	57.1834	8.8073	207.4731	3.646	168.5776	426.0201
71_17_FITC.tif	3e68ee35-1e84-4d7f-ac67-10d15c0e7a80	Cell		Positive	Annotation	Polygon	459.17	807.45	3.5205	9.2191	0.5205	4.3256	1.1587	NaN	2.05	41	2.4597	8	0	8	108.15	2163	8.5918	121	91	30	1.55	31	2.6651	9	0	9	9.3189	18.6199	0.3378	9.0376	1.7402	NaN	2.32	2.8244	11	0	91.42	17.5221	121	64	0.76	1.8688	9	0	2.5	3.071	11	0	80.2667	12.1936	107	64	0.2333	0.7279	3	0	0.3413	4	6.7558	6.0178	11.3418	3.646	8.2885	14.7832
71_17_FITC.tif	88ab9830-0e4b-4af9-a960-bd2b07a4adf2	Cell		Positive	Annotation	Polygon	461.81	820.09	11.3898	18.2036	0.4319	8.5353	2.1009	NaN	10.1695	600	6.9782	28	0	28	103.0678	6081	17.9077	137	63	74	1.7119	101	3.0516	14	0	14	64.1971	39.625	0.5138	18.3027	4.6534	NaN	10.5481	5.9773	28	0	58.7821	26.4408	137	19	0.5609	1.6423	14	0	10.6364	5.7309	25	0	48.4545	14.9242	119	19	0.2925	0.8961	5	0	0.172	8	312.3341	123.6348	1010.3008	7.8467	16220.0566	69706.9375
71_17_FITC.tif	088f76e0-cd96-4abe-97b5-e34fde5454f0	Cell		Positive	Annotation	Polygon	763.71	961.03	3.5205	11.1769	0.3541	5.322	0.8749	NaN	3.95	79	4.4305	13	0	13	107.85	2157	9.1782	121	86	35	3.7	74	4.6578	13	0	13	53.2215	44.3952	0.3393	21.4586	3.2664	NaN	1.5753	2.8045	15	0	75.2124	24.1888	121	28	1.2703	2.8942	15	0	1.3766	2.5389	15	0	72.4812	23.0334	120	28	1.0669	2.6097	15	0	0.0639	5	62.5132	52.3914	185.8982	4.6308	96.9443	309.1884
71_17_FITC.tif	518db19d-1ca5-495a-8a52-ec3a489317cf	Cell		Positive	Annotation	Polygon	760.85	963.09	6.0055	15.7948	0.3025	7.6594	1.0699	NaN	7.9677	247	5.6243	17	0	17	106.7097	3308	12.7546	125	80	45	3.7419	116	4.3967	15	0	15	38.5183	35.8852	0.3759	17.3143	3.1306	NaN	4.1337	4.7889	17	0	64.246	34.4009	125	15	1.3797	2.9676	15	0	3.3718	4.2277	17	0	55.8077	30.9245	113	15	0.9103	2.3428	14	0	0.1474	5	49.158	13.7079	189.1492	4.6308	341.3633	1371.4756
71_17_FITC.tif	b96cd545-53fe-45bf-8a34-a541167cf1a9	Cell		Positive	Annotation	Polygon	762.43	975.11	4.1417	12.0238	0.36	5.6744	0.8942	NaN	2.3182	51	2.3174	9	0	9	106.3636	2340	8.8347	118	87	31	1.7273	38	1.8043	5	0	5	21.9513	24.5637	0.4572	11.4847	2.6369	NaN	2.3273	3.9027	18	0	72.6364	23.2757	118	25	0.8909	1.5875	7	0	2.3295	4.2174	18	0	64.2045	17.3306	107	25	0.6818	1.4664	7	0	0.1698	5	17.2416	11.8066	40.7708	6.3449	24.1439	48.225
71_17_FITC.tif	a2803e89-5697-4cec-af63-aa5858a52ed0	Cell		Positive	Annotation	Polygon	759.67	979.2	20.9158	25.3203	0.41	11.9261	2.8611	NaN	3.2	352	3.9511	16	0	16	112.2364	12346	13.2637	136	75	61	2.4455	269	3.6007	15	0	15	75.794	48.805	0.3999	21.5076	5.2365	NaN	1.8943	3.0844	16	0	72.2656	36.4071	136	9	1.0488	2.5244	17	0	1.3398	2.4369	16	0	55.2896	29.0827	111	9	0.4556	1.558	17	0	0.2835	4	12.6972	13.6571	17.1295	6.3449	13.9169	25.669
71_17_FITC.tif	c0b5e5f8-08d2-4e29-b211-20c4983adb46	Cell		Positive	Annotation	Polygon	756.44	996.28	31.0631	43.2703	0.2085	20.8585	2.5353	NaN	1.8302	291	2.8578	16	0	16	120.0314	19085	14.8705	145	86	59	2.2956	365	3.1694	15	0	15	121.1461	77.0618	0.2564	37.8223	4.9701	NaN	1.0477	2.1563	16	0	73.5128	35.8073	145	15	0.9319	2.1973	15	0	0.757	1.7453	10	0	56.2313	23.9297	119	15	0.4252	1.3997	10	0	0.2657	8	158.8493	121.5027	465.0119	4.8848	6308.2402	24358.8848
71_17_FITC.tif	6dc2de02-c5e5-4795-ab39-e2c075b751c3	Cell		Positive	Annotation	Polygon	761.15	995.36	7.6622	18.2402	0.2894	8.8457	1.1183	NaN	1.625	65	2.35	8	0	8	107.5	4300	5.7735	117	94	23	1.7	68	2.5136	8	0	8	50.1151	39.7035	0.3995	18.1059	3.7503	NaN	1.7409	3.0453	17	0	84.4494	19.1974	117	43	1.1741	2.6315	17	0	1.7633	3.1664	17	0	79.9952	17.6262	115	43	1.0725	2.6475	17	0	0.149	5	14.2553	13.6063	21.2356	4.8848	28.693	46.0067
71_17_FITC.tif	a2851811-3519-4529-8eb4-083eb1977c8f	Cell		Positive	Annotation	Polygon	759.28	1008	6.2126	14.9246	0.3505	7.0162	1.5159	NaN	4.8485	160	6.109	19	0	19	110.7273	3654	13.1084	134	80	54	4.7576	157	6.1848	19	0	19	42.4529	37.4764	0.3798	17.8937	3.3557	NaN	1.3014	3.1925	19	0	68.0574	29.3837	134	18	1.1627	3.2049	19	0	0.6364	1.5725	8	0	60.0568	24.2298	111	18	0.4886	1.5231	9	0	0.1331	5	100.8189	11.765	456.787	8.5042	368.855	1263.6509
71_17_FITC.tif	bf58b02b-4910-43ee-a312-286628f78314	Cell		Positive	Annotation	Polygon	764.48	1009.5	4.3488	13.7433	0.2893	6.7169	0.9499	NaN	2.625	63	3.5608	11	0	11	104.25	2502	12.5672	117	77	40	0.875	21	1.5411	6	0	6	35.619	34.1122	0.3847	16.4904	3.2533	NaN	1.3886	2.404	11	0	78.3829	17.7688	117	43	0.6914	1.7076	9	0	1.1921	2.1157	11	0	74.2715	14.7634	114	43	0.6623	1.7355	9	0	0.1206	6	22.8438	16.0693	52.3914	5.5077	31.1962	48.225
71_17_FITC.tif	fa1a8fea-b321-4269-a9c3-6362d41beadd	Cell		Positive	Annotation	Polygon	762.81	1022.2	15.5316	23.0601	0.367	10.8632	1.7548	NaN	2.8101	222	3.8065	16	0	16	119.0253	9403	17.6301	150	77	73	2.7975	221	3.7361	15	0	15	85.1129	56.2448	0.3381	26.9957	4.4128	NaN	1.5631	2.769	16	0	65.4345	34.5261	150	14	0.8617	2.2394	15	0	1.2673	2.3728	12	0	52.7207	23.6042	124	14	0.4024	1.3511	11	0	0.1775	4	116.5632	11.1948	441.6646	2.1984	433.9785	1263.6509
71_17_FITC.tif	bf0b3752-3ee4-4a2e-a40c-5676808a6b7f	Cell		Positive	Annotation	Polygon	766.37	1019.7	4.9701	11.585	0.4654	5.3544	1.4172	NaN	4.25	119	4.9037	16	0	16	111.5714	3124	11.777	127	90	37	4.2857	120	5.0248	16	0	16	38.5183	37.5804	0.3427	18.3807	3.4121	NaN	1.4762	2.9492	16	0	74.4021	28.2381	127	23	1.127	2.7415	16	0	0.9938	2.1404	11	0	67.9379	25.094	116	23	0.5776	1.5876	11	0	0.141	5	273.9302	57.8388	861.5454	2.1984	1595.3794	5909.4131
71_17_FITC.tif	d16a0e0b-8004-4bca-abca-bd33ecef3bc9	Cell		Positive	Annotation	Polygon	634.92	1287.3	12.0111	25.5931	0.2304	11.6101	1.6947	NaN	5.0758	335	6.5898	25	0	25	78.4242	5176	19.2802	114	45	69	4.9242	325	6.6525	25	0	25	120.1107	61.1878	0.4031	29.0175	5.3604	NaN	1.3425	3.1647	25	0	34.148	22.0051	114	4	1.2151	3.1629	25	0	0.8641	1.947	11	0	28.4738	14.677	80	4	0.7398	1.9232	11	0	0.1064	7	378.8351	315.4503	758.0576	51.0344	20127.6035	30459.2637
71_17_FITC.tif	f2f1e2b4-a8dc-44b0-99e3-5d1b94c1dd64	Cell		Positive	Annotation	Polygon	587.75	1307.2	16.1528	26.6736	0.2853	13.0434	1.8488	NaN	10.7857	906	9.1455	31	0	31	120.619	10132	33.8985	177	51	126	10.9286	918	9.5221	31	0	31	122.1816	62.4818	0.3933	30.0021	5.3843	NaN	2.1844	5.1197	31	0	38.5398	38.5986	177	3	1.714	5.2223	31	0	0.7594	1.5896	9	0	24.9408	15.6525	97	3	0.1874	0.7046	5	0	0.1334	6	367.0564	360.1369	703.7249	51.0344	20992.9219	53616.1484
71_17_FITC.tif	bc309975-13d1-4dc9-a34f-64bcacc29e2a	Cell		Positive	Annotation	Polygon	729.74	1461.2	51.3577	61.7526	0.1692	25.7555	3.428	NaN	3.552	888	4.2321	20	0	20	117.98	29495	34.2185	184	36	148	3.748	937	4.4384	19	0	19	234.0087	91.2517	0.3532	43.0115	7.3125	NaN	1.5381	2.8103	20	0	52.7363	42.6546	184	6	1.0584	2.6917	19	0	0.9659	1.8945	11	0	34.2011	21.2268	142	6	0.2943	1.0411	10	0	0.2192	7	406.2236	441.6646	465.0119	197.5382	7657.0488	24358.8848
71_17_FITC.tif	4025bb53-71ed-43a9-8707-4b2eb78a404e	Cell		Positive	Annotation	Polygon	528.44	1512.4	116.5902	78.0518	0.2405	37.9933	4.9437	NaN	11.8986	6687	8.0744	35	0	35	196.3203	110332	22.0335	228	120	108	14.0249	7882	9.5823	44	0	44	328.2335	113.0499	0.3227	55.0748	8.6497	NaN	4.6368	7.3368	35	0	105.4666	74.7421	228	4	5.1293	8.7692	44	0	0.6514	1.6669	20	0	55.6035	36.9552	173	4	0.2471	1.2079	20	0	0.3542	7	560.0983	699.1508	874.9523	37.5237	35627.1211	78185.7969
71_17_FITC.tif	cd7d86f0-90b9-46cb-90cf-975ddf8ce39b	Cell		Positive	Annotation	Polygon	565.97	1514.8	117.0044	98.1773	0.1525	41.7418	5.6497	NaN	10.5394	6018	8.3605	33	0	33	191.6883	109454	23.7322	227	114	113	12.5464	7164	9.5463	41	0	41	363.2313	119.9508	0.3172	58.0761	9.3774	NaN	4.0262	6.7697	33	0	100.9641	71.3968	227	8	4.2474	7.9662	41	0	0.8825	1.969	16	0	57.1741	37.3236	202	8	0.2418	0.9156	10	0	0.323	5	377.0668	237.0286	865.6721	37.5237	16285.166	29751.6895
71_17_FITC.tif	0aaaa9b0-1d97-44d3-87a4-d439da7002ed	Cell		Positive	Annotation	Polygon	180.05	1529.8	12.6323	18.8027	0.449	8.68	2.0252	NaN	1.0909	72	1.9353	10	0	10	121.5606	8023	12.9188	145	97	48	1.4242	94	1.985	10	0	10	59.227	36.1394	0.5699	16.087	5.4766	NaN	0.3737	1.139	10	0	75.8858	34.7241	145	4	0.4706	1.2191	10	0	0.1614	0.6231	5	0	62.3677	26.6755	114	4	0.1883	0.651	5	0	0.2133	4	56.4415	38.1432	135.4911	13.9885	255.4818	816.3472
71_17_FITC.tif	3c2b81fb-a416-4e54-9b0d-72d775c527e4	Cell		Positive	Annotation	Polygon	178.31	1543.8	4.763	12.7912	0.3658	6.0292	1.0707	NaN	0.8	20	1.4434	5	0	5	108.6	2715	4.0927	118	104	14	0.84	21	1.4629	5	0	5	73.3089	45.3045	0.4488	21.512	4.7567	NaN	0.9048	1.7743	12	0	82.5854	20.982	118	29	1.1401	2.0778	12	0	0.9127	1.7983	12	0	80.6265	20.4283	115	29	1.1627	2.1168	12	0	0.0602	7	79.1051	44.4283	199.333	15.959	100.1278	223.7346
71_17_FITC.tif	875ec4b4-b8d8-4fe0-9085-8375683b7680	Cell		Positive	Annotation	Polygon	203.09	1659	13.8749	20.1762	0.4283	9.6701	1.8932	NaN	0.5714	40	0.8439	3	0	3	160.5714	11240	11.1154	183	140	43	0.8857	62	1.2688	5	0	5	67.5105	51.1429	0.3243	24.8588	3.9116	NaN	1.8196	3.0408	18	0	109.7676	39.2945	183	33	1.1957	2.6443	18	0	2.1595	3.3228	18	0	95.93	32.1711	183	33	1.2802	2.9046	18	0	0.1952	7	180.1355	149.3025	440.2923	5.3611	2729.7563	9766.0312
71_17_FITC.tif	5b2cd50f-95c1-4460-9029-540b1bf00524	Cell		Positive	Annotation	Polygon	206.17	1666.7	30.0277	39.1449	0.2463	17.2738	2.8311	NaN	0.8411	127	1.7817	13	0	13	154.8808	23387	13.2936	179	125	54	1.4901	225	2.0844	8	0	8	127.98	72.2104	0.3084	34.0352	5.7865	NaN	2.9	4.32	21	0	109.6258	37.9647	179	24	1.2581	2.5212	17	0	3.5629	4.6752	21	0	95.0554	31.2438	164	24	1.1834	2.6442	17	0	0.2387	6	280.5821	282.7854	447.2097	5.3611	10883.9229	36995.8555
71_17_FITC.tif	1a826004-66db-4394-87b6-e5520021ddf6	Cell		Positive	Annotation	Polygon	358.05	1819.4	10.3544	18.3237	0.3875	7.8613	1.8084	NaN	4.5283	240	4.9831	19	0	19	109.4528	5801	12.768	127	79	48	4.4528	236	4.9286	19	0	19	73.516	42.5053	0.5113	19.3813	5.2899	NaN	1.3894	2.9265	19	0	58.6807	32.8701	127	6	1.1036	2.8161	19	0	0.8421	1.9434	11	0	49.8289	26.6822	115	6	0.5197	1.6866	11	0	0.139	7	487.368	433.9725	1039.4355	8.7863	27262.7188	69706.9375
71_17_FITC.tif	d824bcce-a22f-43c6-b226-ed86388cc1e4	Cell		Positive	Annotation	Polygon	358.23	1832.6	7.4551	14.4556	0.4483	6.653	1.6798	NaN	2.973	110	3.64	14	0	14	110.4595	4087	12.0499	125	83	42	3.1892	118	3.7256	14	0	14	27.9568	30.9864	0.3659	14.7287	3.1258	NaN	1.1739	2.5284	14	0	63.442	40.048	129	12	0.9783	2.4329	14	0	0.5149	1.5337	8	0	46.2178	32.0533	129	12	0.1683	0.8009	7	0	0.2438	4	141.027	7.4603	546.833	2.3543	160.7219	334.0737
71_17_FITC.tif	26d4178d-89b3-4f11-b3c0-7d8e6fbfa47a	Cell		Positive	Annotation	Polygon	355.1	1828.6	2.8992	12.4671	0.2344	6.1019	0.7123	NaN	3.6471	62	5.9681	17	0	17	100.2941	1705	8.2293	115	82	33	3.7059	63	6.0598	17	0	17	21.7442	29.0876	0.323	14.2434	2.286	NaN	1.2703	3.018	17	0	75.4504	19.3183	115	36	0.991	2.8746	17	0	0.8404	1.8509	9	0	70.9574	17.2202	105	36	0.5	1.3659	7	0	0.1335	5	94.0492	8.9647	443.7131	2.3543	324.9283	880.5506
71_17_FITC.tif	1ad5fd20-7afa-4392-a959-c65a994e4b64	Cell		Positive	Annotation	Polygon	357.16	1841.2	7.8693	16.6591	0.3563	7.8617	1.565	NaN	4.4524	187	4.4404	14	0	14	112.5238	4726	18.2626	138	66	72	4.4762	188	4.4734	14	0	14	31.6844	32.5586	0.3756	15.5255	2.9253	NaN	1.4713	3.1103	14	0	54.9363	39.8395	138	11	1.2357	3.0258	14	0	0.3826	1.2949	8	0	33.9043	19.595	115	11	0.0522	0.2234	1	0	0.2488	4	139.1755	5.6002	540.8229	4.6788	297.399	842.0861
71_17_FITC.tif	a7b7514a-823b-49c8-aa02-0bde541bbb8f	Cell		Positive	Annotation	Polygon	353.34	1842.4	17.3953	24.4695	0.3651	9.8253	2.946	NaN	7.0899	631	6.3401	23	0	23	117.1685	10428	24.3055	167	76	91	6.9438	618	6.4144	23	0	23	98.1594	53.8433	0.4255	25.7504	4.9558	NaN	2.0529	4.1353	23	0	51.5159	38.5121	167	7	1.5518	3.8847	23	0	0.8854	2.1394	13	0	36.2995	21.4093	115	7	0.3021	0.9068	5	0	0.1834	7	321.9073	331.8142	688.7189	5.066	23569.9688	55258.4336
71_17_FITC.tif	00258455-d4af-4cbd-b8f8-5b0bd869c7c8	Cell		Positive	Annotation	Polygon	156.47	2101.4	23.608	34.3145	0.2519	16.3386	2.2836	NaN	10.0342	1174	7.1835	31	0	31	174.8547	20458	19.752	203	122	81	6.0598	709	6.7814	31	0	31	95.0531	65.4471	0.2789	31.9134	4.1456	NaN	20.2857	11.4918	58	0	101.4481	53.5597	203	19	1.8723	4.4247	31	0	23.7623	10.5693	58	2	76.5536	35.4753	186	19	0.4522	1.6561	16	0	0.2456	8	411.3326	406.5767	920.2325	5.0384	1763.4711	5376.062
71_17_FITC.tif	a5dc6b12-a15c-44b4-99e3-c50c31f97304	Cell		Positive	Annotation	Polygon	159.73	2094.9	6.2126	10.9685	0.6489	4.7337	1.8754	NaN	13.9714	489	8.1149	30	0	30	152.2286	5328	6.5444	163	142	21	0.9143	32	1.2919	6	0	6	42.8671	31.2678	0.551	14.0669	3.837	NaN	9.8673	6.9817	30	0	131.6303	22.7036	166	42	1.7156	3.157	15	0	9.0511	6.4545	30	0	127.5341	22.5497	166	42	1.875	3.3884	15	0	0.1514	5	280.8282	435.4755	511.476	5.0384	1703.4525	7161.5381
71_17_FITC.tif	e5c48f0c-18fe-4a16-b582-6715149e3389	Cell		Positive	Annotation	Polygon	160.22	2112.9	24.8505	26.8823	0.4321	12.017	2.4834	NaN	11.2787	1376	6.95	29	0	29	176.3934	21520	19.121	209	130	79	3.0738	375	4.4743	19	0	19	91.1184	52.7517	0.4115	24.3634	5.1009	NaN	9.1833	8.504	33	0	115.2014	46.2246	209	43	1.1154	2.8208	19	0	8.3844	8.907	33	0	91.8719	28.934	174	43	0.3688	1.1751	9	0	0.263	7	234.3765	220.9763	447.2097	7.5908	12502.2959	44519.6602
71_17_FITC.tif	553121ff-b38a-4eb4-883b-a4ed3ef05c90	Cell		Positive	Annotation	Polygon	154.8	2327.1	44.5238	51.6572	0.2097	24.071	3.0384	NaN	3.8054	841	4.4704	22	0	22	147.1131	32512	35.3097	207	65	142	4.0045	885	4.2635	22	0	22	187.207	85.7571	0.3199	41.0194	6.3749	NaN	2.2018	3.6548	22	0	72.6885	51.5863	207	3	1.2007	2.7759	22	0	1.6814	3.1822	21	0	48.536	27.171	148	3	0.2907	0.972	8	0	0.2375	5	113.3586	73.0697	223.9922	4.3792	237.2997	514.3707
71_17_FITC.tif	b440a375-da86-47ca-8b7d-eb72c0440532	Cell		Positive	Annotation	Polygon	157.28	2331.5	1.6567	8.1739	0.3116	3.9613	0.5153	NaN	0.8	8	1.5492	5	0	5	102.8	1028	9.5661	115	88	27	0.3	3	0.6749	2	0	2	21.7442	27.0569	0.3732	12.9399	2.3454	NaN	4.2018	3.8098	15	0	64.4312	19.2808	118	39	0.1284	0.4926	3	0	4.5455	3.8046	15	0	60.5556	15.3585	118	39	0.1111	0.4714	3	0	0.0768	5	99.1001	44.3079	220.9763	4.3792	1147.877	5175.7632
71_17_FITC.tif	9d1e3d1d-5414-4504-8345-1f8c35dbc0c7	Cell		Positive	Annotation	Polygon	160.01	2368.3	7.041	15.3776	0.3742	7.2688	1.3999	NaN	5.9737	227	7.1489	29	0	29	92.3947	3511	16.0767	126	61	65	5.8947	224	7.1008	29	0	29	61.505	46.9772	0.3502	22.7637	3.7343	NaN	1.6856	3.6373	29	0	45.2074	24.2751	126	14	1.0435	3.3461	29	0	1.0613	2.1935	13	0	38.3372	16.3036	92	14	0.3372	1.3102	13	0	0.1074	3	64.3117	39.2101	148.0373	5.6879	299.3544	577.2299
71_17_FITC.tif	674f9ab7-ee6e-4c6d-9af0-e06419ac52cd	Cell		Positive	Annotation	Polygon	156.73	2376.2	23.608	30.2186	0.3249	12.5758	3.0048	NaN	2.0504	244	2.7948	14	0	14	107.8487	12834	17.0893	145	71	74	1.8908	225	2.7641	14	0	14	121.1461	61.4037	0.4038	29.0151	5.7982	NaN	1.3288	2.3264	14	0	67.3271	27.0307	145	22	0.661	1.6859	14	0	1.1453	2.1567	12	0	57.0235	17.8394	115	22	0.3483	1.0736	8	0	0.1994	5	53.5523	44.3079	143.6996	5.6879	416.9679	1044.9286
71_17_FITC.tif	399d7e1b-fdee-4b20-9aca-7a430aaf449b	Cell		Positive	Annotation	Polygon	396.16	2376	7.041	13.5	0.4855	6.0296	1.2425	NaN	14.5556	524	8.9521	31	0	31	63.3333	2280	9.252	86	46	40	14.5	522	8.9777	31	0	31	85.7342	47.6797	0.4739	22.0441	4.5559	NaN	2.1875	4.9672	31	0	13.6082	15.9882	86	2	1.5385	4.832	31	0	1.0158	1.926	12	0	8.8974	3.858	25	2	0.3105	0.8079	5	0	0.0685	8	462.5692	538.8295	873.3696	179.8429	29135.7559	78185.7969
71_17_FITC.tif	c5ffc6f2-0f6d-49fe-908f-bf18a87745a9	Cell		Positive	Annotation	Polygon	149.68	2399.7	31.8915	33.9617	0.3475	15.8996	2.9274	NaN	2.0621	332	2.9148	13	0	13	92.0248	14816	17.6143	127	49	78	1.9068	307	2.7969	15	0	15	170.64	69.3199	0.4462	33.0051	6.7305	NaN	0.8265	1.8439	13	0	42.7585	29.7681	127	2	0.6335	1.6931	15	0	0.5264	1.3084	8	0	30.7949	17.1179	92	2	0.3243	1.0878	9	0	0.191	5	347.2495	123.5527	1217.1234	25.5489	1245.3444	3212.0952
71_17_FITC.tif	dcf3c128-68f8-4a06-a237-8fc83be03d4c	Cell		Positive	Annotation	Polygon	200.39	2512.3	11.3898	21.7221	0.3033	9.1296	2.1242	NaN	4.6	276	5.2374	18	0	18	67.5833	4055	15.3924	97	35	62	4.7833	287	5.1489	18	0	18	110.5847	55.0294	0.4589	26.0359	5.5914	NaN	1.1948	2.6389	18	0	22.4513	20.3692	97	1	0.7453	2.388	18	0	0.7637	1.6639	11	0	16.7384	12.12	68	1	0.2342	0.888	10	0	0.1054	8	274.0362	212.5571	688.7189	123.5527	16612.4277	55258.4336
71_17_FITC.tif	af5b5b08-5d08-4967-81d9-b544580d4969	Cell		Positive	Annotation	Polygon	443.97	2599.9	13.0465	23.5449	0.2957	11.5638	1.5209	NaN	22.6119	1515	17.3283	55	0	55	134.3582	9002	38.8999	194	54	140	23.6866	1587	17.6988	55	0	55	107.4783	58.4448	0.3954	28.0052	4.9602	NaN	4.1115	9.6653	55	0	31.2731	43.5822	194	0	3.2788	10.11	55	0	1.3753	2.2764	15	0	16.0265	12.3231	74	0	0.2605	0.8715	7	0	0.1232	4	265.4229	254.7773	323.3287	228.8081	16035.3262	25157.0508
71_17_FITC.tif	3d27db2f-9728-40d5-8c42-e6bc5f45a60b	Cell		Positive	Annotation	Polygon	719.79	1881.8	9.9402	22.7357	0.2417	10.9244	1.5211	NaN	1.9231	100	2.6704	12	0	12	91.5385	4760	10.9892	116	68	48	1.9038	99	2.6735	12	0	12	79.9357	58.0892	0.2977	28.0045	3.7202	NaN	1.4419	2.4386	12	0	61.5065	19.813	116	21	0.938	2.0299	12	0	1.3672	2.3963	12	0	56.8448	16.5232	95	21	0.7881	1.8716	12	0	0.1231	5	334.0436	420.5809	599.9642	2.3084	12597.6143	30459.2637
71_17_FITC.tif	b3889902-5652-4267-8d19-a3a4482fe40d	Cell		Positive	Annotation	Polygon	723.01	1880	12.4252	20.0404	0.3888	9.4548	1.7494	NaN	4.5312	290	4.5214	21	0	21	98.5312	6306	14.8516	121	67	54	4.2031	269	4.5988	21	0	21	76.8294	54.5933	0.3239	26.0581	3.7057	NaN	1.4332	2.9188	21	0	48.2032	29.3737	121	5	1.1283	2.7602	21	0	0.7935	1.9281	11	0	37.8129	19.069	89	5	0.4935	1.5883	11	0	0.1502	4	437.4839	443.041	861.5454	2.3084	2247.2954	5909.4131
71_17_FITC.tif	56a02070-8553-4caf-9653-35d30bb2c3b6	Cell		Positive	Annotation	Polygon	641.38	2045.5	6.6268	15.0285	0.3687	7.1634	1.2071	NaN	19.2059	653	19.0403	67	0	67	92.5294	3146	29.3033	145	42	103	19.3235	657	19.175	66	0	66	86.9767	50.4535	0.4294	24.0087	4.763	NaN	2.2304	7.4684	67	0	18.81	25.1745	145	2	1.6865	7.5145	66	0	0.739	1.4438	8	0	12.3333	9.7683	61	2	0.137	0.4488	3	0	0.0712	5	422.0823	340.5248	758.0576	182.1814	21269.166	30459.2637
71_17_FITC.tif	429953b4-4875-4f69-8e1f-ed8142f70a19	Cell		Positive	Annotation	Polygon	634.41	2338.6	3.9347	12.745	0.3044	6.242	1.0329	NaN	25	550	20.0855	60	0	60	104.5909	2301	32.8904	153	44	109	24.0909	530	20.6718	59	0	59	79.1074	48.0549	0.4305	23.0033	4.5559	NaN	3.2428	8.8959	60	0	22.1593	31.2509	153	0	2.4151	8.9972	59	0	1.9169	5.4542	54	0	17.1357	23.0791	151	0	1.0942	5.5234	54	0	0.0489	6	282.4821	308.1993	466.6602	70.8389	4591.1035	10990.0459
71_17_FITC.tif	2701f957-915b-4fa9-9166-a13baa154a21	Cell		Positive	Annotation	Polygon	577.33	2378.3	9.7331	13.8549	0.6372	6.1766	2.3335	NaN	8.8235	450	7.6673	26	0	26	88.2157	4499	21.0079	119	40	79	8.8431	451	7.6508	26	0	26	77.4507	46.5362	0.4494	22	5.3326	NaN	1.984	4.2256	26	0	25.9734	29.9333	119	0	1.5452	4.1714	26	0	0.9108	1.7537	10	0	16.2062	16.2305	100	0	0.4	1.1863	10	0	0.1284	5	430.4366	340.5248	868.4805	6.6666	11021.7686	29751.6895
71_17_FITC.tif	bcb878e1-b40a-484e-9d7f-c5fa66d356ef	Cell		Positive	Annotation	Polygon	575.21	2389.4	5.5914	13.6451	0.3774	6.5926	1.0823	NaN	6.3103	183	5.9167	21	0	21	69.2069	2007	19.9273	99	30	69	5.3793	156	6.1145	21	0	21	53.8427	40.7149	0.4082	19.5018	4.2156	NaN	2.6705	3.7415	21	0	23.8161	20.6769	99	2	0.8889	2.6788	21	0	2.2155	3.1051	14	0	18.1422	11.9201	68	2	0.3276	0.8351	4	0	0.0928	5	277.6026	179.8429	874.9523	6.6666	20398.9375	78185.7969
