Image	Object ID	Object type	Name	Classification	Parent	ROI	Centroid X µm	Centroid Y µm	Nucleus: Area	Nucleus: Perimeter	Nucleus: Circularity	Nucleus: Max caliper	Nucleus: Min caliper	Nucleus: Eccentricity	Nucleus: Red mean	Nucleus: Red sum	Nucleus: Red std dev	Nucleus: Red max	Nucleus: Red min	Nucleus: Red range	Nucleus: Green mean	Nucleus: Green sum	Nucleus: Green std dev	Nucleus: Green max	Nucleus: Green min	Nucleus: Green range	Nucleus: Blue mean	Nucleus: Blue sum	Nucleus: Blue std dev	Nucleus: Blue max	Nucleus: Blue min	Nucleus: Blue range	Cell: Area	Cell: Perimeter	Cell: Circularity	Cell: Max caliper	Cell: Min caliper	Cell: Eccentricity	Cell: Red mean	Cell: Red std dev	Cell: Red max	Cell: Red min	Cell: Green mean	Cell: Green std dev	Cell: Green max	Cell: Green min	Cell: Blue mean	Cell: Blue std dev	Cell: Blue max	Cell: Blue min	Cytoplasm: Red mean	Cytoplasm: Red std dev	Cytoplasm: Red max	Cytoplasm: Red min	Cytoplasm: Green mean	Cytoplasm: Green std dev	Cytoplasm: Green max	Cytoplasm: Green min	Cytoplasm: Blue mean	Cytoplasm: Blue std dev	Cytoplasm: Blue max	Cytoplasm: Blue min	Nucleus/Cell area ratio	Delaunay: Num neighbors	Delaunay: Mean distance	Delaunay: Median distance	Delaunay: Max distance	Delaunay: Min distance	Delaunay: Mean triangle area	Delaunay: Max triangle area
71_16_FITC.tif	d554d77e-e8ed-40bb-a017-2f2965a6e9a3	Cell		Positive	Annotation	Polygon	344.71	236.77	51.5648	61.7851	0.1697	27.9674	3.9261	NaN	3.2411	820	4.1825	22	0	22	133.5771	33795	32.8731	186	51	135	3.7036	937	4.3973	18	0	18	204.6023	93.104	0.2966	45.0153	7.2425	NaN	2.6263	3.6079	22	0	63.4051	49.6798	186	1	1.2242	2.8756	18	0	2.4152	3.3656	15	0	39.3161	25.9376	139	1	0.3731	1.2856	12	0	0.2548	6	57.2581	13.7408	195.7327	7.575	473.1667	2038.8047
71_16_FITC.tif	a272d308-082b-4737-8ad2-0fc315a2946e	Cell		Positive	Annotation	Polygon	354.95	240.24	31.0631	35.8483	0.3038	12.4567	3.7589	NaN	12.0129	1862	14.0518	49	0	49	167.329	25936	48.0417	242	53	189	13.7548	2132	16.4926	65	0	65	122.1816	62.8556	0.3886	27.3392	6.7551	NaN	3.7285	8.9276	49	0	65.2142	70.4217	242	1	3.9393	10.3951	65	0	0.7968	2.3302	21	0	29.0776	29.9585	157	1	0.4658	2.0647	21	0	0.2592	5	18.4005	10.3668	55.8462	4.7151	54.153	176.3398
71_16_FITC.tif	453917f2-5757-45f3-91c6-0211ebd29e92	Cell		Positive	Annotation	Polygon	347.94	245.45	8.0764	15.7762	0.4078	7.558	1.5396	NaN	6.9024	283	8.7544	26	0	26	95.1707	3902	14.4567	115	59	56	6.8293	280	8.7175	26	0	26	34.5836	37.6313	0.3069	18.3072	2.9482	NaN	2.3824	5.2252	26	0	50.5941	31.517	115	6	1.7294	5.1496	26	0	0.9457	1.8638	7	0	36.4264	20.1842	99	6	0.1085	0.5339	4	0	0.2077	4	6.8417	6.9834	8.8147	4.5854	8.7052	13.126
71_16_FITC.tif	27311869-3752-463d-8a3e-a96e4ff1340e	Cell		Positive	Annotation	Polygon	351.29	244.36	10.7685	16.719	0.4841	7.7906	1.9786	NaN	20.037	1082	20.4966	74	0	74	192.1667	10377	32.9057	237	107	130	22.2778	1203	21.266	74	0	74	28.7851	33.4379	0.3235	16.4047	2.5797	NaN	8.3901	16.3125	74	0	108.0993	83.3098	237	8	9.2624	17.3648	74	0	1.1609	6.0191	39	0	55.9195	58.6448	234	8	1.1839	6.3071	41	0	0.3444	6	6.5666	5.8973	11.1308	4.2827	11.5107	24.3973
71_16_FITC.tif	28c90353-b9b3-45a8-a0bd-c7163f4fd46a	Cell		Positive	Annotation	Polygon	350.09	248.88	2.485	8.4849	0.4338	4.0598	0.8704	NaN	4.7143	66	3.9111	11	0	11	105.5	1477	11.6404	120	84	36	4.6429	65	3.8949	11	0	11	7.041	16.5411	0.3234	8.0001	1.2167	NaN	2.0263	3.2423	11	0	67.6316	43.5185	127	4	1.9737	3.2004	11	0	0.4583	1.1413	4	0	45.5417	39.8497	127	4	0.4167	1.018	3	0	0.2912	4	4.3554	3.9576	6.3918	3.1147	6.0907	9.8118
71_16_FITC.tif	3222f59e-10c7-4859-972f-260b72d034b6	Cell		Positive	Annotation	Polygon	352.99	258.6	3.1063	11.787	0.281	5.7354	0.8473	NaN	0.4211	8	0.8377	2	0	2	104.4737	1985	20.6972	144	73	71	0.8421	16	0.9582	2	0	2	23.1938	30.8827	0.3056	14.9178	2.3625	NaN	0.4298	1.1822	6	0	64.3246	28.4774	144	23	0.4298	1.0216	6	0	0.4316	1.2433	6	0	56.2947	22.4024	137	23	0.3474	1.0186	6	0	0.1319	5	26.8412	7.0795	112.6652	1.4573	38.8405	106.1936
71_16_FITC.tif	6a038fd8-60fd-4bf7-b762-6c12a50e0443	Cell		Positive	Annotation	Polygon	354.53	255.69	1.6567	8.4483	0.2917	4.1402	0.6073	NaN	0.5	5	1.0801	3	0	3	93.6	936	12.7819	118	78	40	0.5	5	1.0801	3	0	3	13.2536	21.9751	0.3449	10.6183	1.8119	NaN	0.5147	1.4912	9	0	61.0441	23.7678	118	26	0.4853	1.471	9	0	0.5172	1.5587	9	0	55.431	20.4991	111	26	0.4828	1.536	9	0	0.1156	4	43.3795	29.2549	113.5511	1.4573	483.8599	1688.6711
71_16_FITC.tif	28f1457a-7484-4536-8f3f-ba37d2973594	Cell		Positive	Annotation	Polygon	348.78	257.2	4.763	10.6613	0.5266	5.0117	1.2483	NaN	20.16	504	15.4991	48	0	48	110.48	2762	21.5022	143	62	81	20.2	505	15.5483	48	0	48	33.5482	31.7774	0.4175	15.0073	3.2043	NaN	3.4036	9.2795	48	0	47.9036	32.1006	143	9	3.2651	9.3324	48	0	0.4326	1.1295	5	0	36.8085	17.6627	109	9	0.2624	0.9535	5	0	0.121	5	23.4961	8.8147	87.1956	2.0046	77.2095	284.9058
71_16_FITC.tif	69652d80-9e50-4163-bda5-cbdd5edfbb05	Cell		Positive	Annotation	Polygon	351.08	258.83	2.0709	9.1829	0.3086	4.4328	0.6213	NaN	0.7692	10	1.4233	5	0	5	98.9231	1286	13.1938	117	78	39	0.8462	11	1.4051	5	0	5	17.8095	27.3978	0.2981	13.302	1.6567	NaN	0.3111	0.9439	5	0	62.6111	23.4888	123	33	0.3444	0.9734	5	0	0.2338	0.8255	4	0	56.4805	18.8412	123	33	0.2597	0.8645	4	0	0.1151	6	35.7306	5.6193	112.3468	1.9145	300.4619	1596.4702
71_16_FITC.tif	17d1b02c-b1ff-4df8-8c41-f9bc1935b44f	Cell		Positive	Annotation	Polygon	388.5	287.15	8.2835	18.728	0.2968	8.9429	1.3576	NaN	5.8667	264	6.4194	25	0	25	63.1333	2841	15.0704	97	43	54	4.4444	200	6.5905	25	0	25	98.1594	54.4601	0.4159	26.0012	4.9701	NaN	3.0758	3.8564	25	0	30.4821	14.057	97	6	0.72	2.5232	25	0	2.7837	3.362	15	0	27.0651	8.4559	61	6	0.3302	0.986	6	0	0.085	7	294.5629	324.785	542.2921	48.5248	5578.7144	13452.9326
71_16_FITC.tif	16867d92-b9d0-4d96-b055-61158261cbd0	Cell		Positive	Annotation	Polygon	336.07	340.07	6.8339	18.3744	0.2544	9.0346	0.9765	NaN	9.8378	364	10.782	36	0	36	77	2849	21.1476	118	46	72	9.8378	364	10.694	36	0	36	90.4972	53.9236	0.3911	26.0007	4.4801	NaN	1.3707	4.3208	36	0	22.7941	20.4973	118	3	0.9954	4.1381	36	0	0.5875	1.6276	11	0	17.78	11.0034	62	3	0.1775	0.6871	5	0	0.0735	6	86.6244	92.4619	104.0466	41.5047	1060.5443	2117.3103
71_16_FITC.tif	7f0b7f3e-9c7a-4744-ab12-dde7a76462b1	Cell		Positive	Annotation	Polygon	368.93	365.41	26.7143	37.8906	0.2338	14.7813	2.8838	NaN	2.694	361	3.6196	16	0	16	83.1119	11137	20.1579	126	40	86	2.6194	351	3.6682	16	0	16	158.0077	67.3884	0.4372	32.0979	6.5905	NaN	1.3686	2.4226	16	0	36.2732	27.3751	126	1	0.7569	2.0353	16	0	1.0872	1.9745	11	0	26.3265	16.04	82	1	0.3613	1.135	9	0	0.1748	9	308.2779	112.6652	989.7071	41.5047	18495.5684	67160.3359
71_16_FITC.tif	63b44b15-fbff-4442-87f0-4e3c77f2352a	Cell		Positive	Annotation	Polygon	287.99	422.72	7.6622	17.5303	0.3133	8.493	1.3154	NaN	6.7317	276	6.0084	22	0	22	69.3415	2843	16.7923	94	32	62	5.0976	209	5.2669	21	0	21	62.9546	47.9347	0.3443	23.2835	3.9037	NaN	2.5909	3.5295	22	0	26.1721	21.3167	94	3	0.8766	2.6778	21	0	1.9551	2.429	9	0	19.5431	12.2754	84	3	0.2285	0.9676	9	0	0.1269	5	298.4499	195.7327	627.5339	7.9073	6094.6143	21499.0176
71_16_FITC.tif	b414f1bd-5d51-48e6-99c8-162ddad16b0e	Cell		Positive	Annotation	Polygon	290.15	435.27	13.6678	27.8115	0.2221	13.6937	1.4383	NaN	4.2794	291	4.8557	17	0	17	76.5588	5206	11.5789	96	48	48	3.9265	267	4.8602	18	0	18	84.2846	58.7504	0.3069	28.5455	4.509	NaN	1.7946	3.0537	17	0	33.6675	23.1485	96	3	0.8704	2.5877	18	0	1.2991	2.2502	10	0	25.1144	13.2402	62	3	0.261	1.0679	9	0	0.1591	5	315.599	104.1877	741.9885	7.9073	9253.9736	28750.9434
71_16_FITC.tif	59bc83b2-4bbc-4762-bbfd-514cc7504f17	Cell		Positive	Annotation	Polygon	173.89	974.14	8.4906	15.8184	0.4264	7.3477	1.8007	NaN	6.7917	326	6.8509	22	0	22	106.875	5130	32.3371	167	50	117	7.375	354	7.2717	26	0	26	74.3444	46.37	0.4345	21.6411	5.5732	NaN	1.326	3.6219	22	0	38.2569	35.278	167	3	1.2845	3.8156	26	0	0.4904	1.6734	22	0	27.7675	21.1172	159	3	0.3535	1.5143	21	0	0.1206	4	259.6014	233.2624	563.3474	8.5336	7293.9155	21499.0176
71_16_FITC.tif	d28339c8-7ad3-42e1-aced-9fb7b66de4b8	Cell		Positive	Annotation	Polygon	172.62	988.54	12.8394	18.658	0.4635	8.5021	1.893	NaN	7.5606	499	9.0844	33	0	33	118.3939	7814	35.6396	181	45	136	9.0303	596	10.9263	39	0	39	77.6578	43.5558	0.5144	20.0202	5.3045	NaN	1.634	4.7589	33	0	47.9204	39.7165	181	0	1.7294	5.6827	39	0	0.3762	1.0488	6	0	32.9646	19.1082	105	0	0.1801	0.6167	4	0	0.1695	4	218.0952	226.1042	411.6386	8.5336	4594.2754	14259.6387
71_16_FITC.tif	d71082a9-64d6-415b-93da-505ccc57b77f	Cell		Positive	Annotation	Polygon	236.46	1050.6	35.619	48.015	0.1942	17.3524	3.4402	NaN	2.6629	474	3.4278	16	0	16	99.2584	17668	22.3615	134	48	86	2.8764	512	3.5521	17	0	17	174.9888	71.0894	0.4351	34.008	7.0125	NaN	0.9656	2.0859	16	0	37.3306	38.0562	134	0	0.9242	2.1567	17	0	0.512	1.1879	8	0	20.7793	20.0489	113	0	0.4024	1.116	9	0	0.2055	8	360.8883	404.3094	627.5339	90.9977	9646.8906	21499.0176
71_16_FITC.tif	32a2e90f-62c2-445a-885c-787de4ccb562	Cell		Positive	Annotation	Polygon	272.87	1174.9	10.7685	20.5641	0.32	9.9267	1.504	NaN	12.7818	703	13.5013	47	0	47	88.6364	4875	29.9632	139	25	114	12.6364	695	13.4059	46	0	46	107.4783	56.6845	0.4203	27.0836	5.1066	NaN	2.1267	5.9131	47	0	21.1593	27.672	139	0	1.5873	5.8343	46	0	0.8691	1.7083	9	0	13.1953	12.2453	84	0	0.2833	1.0251	9	0	0.0974	6	469.807	451.0078	815.3168	129.4601	31787.0098	67160.3359
71_16_FITC.tif	a7f026ea-1f6c-4d34-a9ee-13e05cc05092	Cell		Positive	Annotation	Polygon	120.36	1339.2	2.8992	10.967	0.3029	5.3354	0.6806	NaN	0.875	14	1.2583	3	0	3	130	2080	4.3359	136	120	16	0.875	14	1.2583	3	0	3	39.3466	31.013	0.5141	14.1478	3.4699	NaN	1.0466	2.3033	14	0	107.6891	23.2118	143	47	1.1192	2.3521	15	0	1.0621	2.3769	14	0	105.6723	23.1695	143	47	1.1412	2.4279	15	0	0.0701	6	294.5052	269.5702	798.753	5.3848	1202.0916	3734.7332
71_16_FITC.tif	de0e1ba3-0c52-4cb5-b625-4a8adb7c5762	Cell		Positive	Annotation	Polygon	417.47	1354.2	61.0908	51.4835	0.2896	24.4186	4.0183	NaN	9.8863	2956	11.3312	47	0	47	167.0936	49961	44.2508	233	54	179	11.4247	3416	12.272	54	0	54	225.3111	85.1742	0.3903	41.0016	7.4528	NaN	3.2284	7.3477	47	0	67.2965	69.3135	233	2	3.3076	8.1793	54	0	0.6989	1.6053	11	0	29.3812	25.7201	155	2	0.2236	0.8154	6	0	0.2717	7	586.8042	612.1162	1022.6443	189.1629	55565.7695	92019.7656
71_16_FITC.tif	a16d4fe4-dfdf-4ff5-a49c-141de444ce5d	Cell		Positive	Annotation	Polygon	121.52	1349.8	6.2126	14.975	0.3481	6.8659	1.5563	NaN	1.4706	50	2.1353	8	0	8	126.5294	4302	6.6069	136	111	25	1.7647	60	2.147	8	0	8	69.1672	48.0128	0.377	21.9949	5.245	NaN	0.8597	1.8799	11	0	93.0448	22.6814	136	26	0.9164	1.9094	12	0	0.7907	1.8401	11	0	89.2625	20.6524	128	26	0.8206	1.8604	12	0	0.0907	3	75.5539	48.6903	172.5866	5.3848	404.0641	1134.428
71_16_FITC.tif	4d08a3c1-e2da-480e-905b-6fce783b2799	Cell		Positive	Annotation	Polygon	133.86	1394.1	26.7143	35.4383	0.2673	15.3711	2.7575	NaN	0.4118	56	0.9065	5	0	5	133.1912	18114	4.7602	141	119	22	0.4853	66	0.9962	5	0	5	142.269	65.2403	0.42	29.0065	6.3599	NaN	0.8186	2.1303	23	0	106.8897	27.9201	141	17	0.8302	2.1135	22	0	0.9186	2.3248	23	0	100.4213	27.4536	137	17	0.915	2.2996	22	0	0.1902	7	167.6888	95.303	411.6386	48.6903	3466.3784	14259.6387
71_16_FITC.tif	06e5f295-b803-4298-b17b-9e276a2ff39b	Cell		Positive	Annotation	Polygon	138.73	1471.5	3.3134	10.2868	0.3935	4.907	0.8506	NaN	5.3889	97	5.1465	17	0	17	97.6667	1758	8.2319	111	83	28	6.7222	121	6.0566	17	0	17	56.3278	37.09	0.5145	17.0718	4.3443	NaN	1.7018	3.0336	17	0	57.8691	21.9468	111	12	1.3018	3.2285	17	0	1.4436	2.6586	14	0	55.0817	19.7956	100	12	0.9222	2.5514	16	0	0.0526	4	39.5868	34.164	78.3927	11.6265	285.7913	891.3361
71_16_FITC.tif	2646c65a-12f0-4e3d-bbd9-145835e78222	Cell		Positive	Annotation	Polygon	139.15	1485.7	6.8339	13.3312	0.4832	5.8024	1.6748	NaN	1.1316	43	1.4551	5	0	5	94.3158	3584	11.5387	109	71	38	1.2105	46	1.4733	5	0	5	43.2813	41.1106	0.3218	19.7105	3.7241	NaN	0.6321	1.2606	7	0	63.783	21.5991	109	28	0.717	1.4025	7	0	0.523	1.191	7	0	57.1149	17.0595	105	28	0.6092	1.3673	7	0	0.1512	5	32.4506	17.5155	86.0674	5.7618	204.6088	570.0305
71_16_FITC.tif	5a5d121f-bce1-4b79-92f8-ecc080a6541f	Cell		Positive	Annotation	Polygon	519.5	583.7	12.6323	26.1999	0.2313	12.6724	1.7435	NaN	3.9048	246	4.8351	16	0	16	67.5556	4256	12.259	94	44	50	3.873	244	4.4522	16	0	16	118.6611	60.514	0.4072	29.0399	5.2987	NaN	1.0192	2.395	16	0	34.7927	16.835	94	4	0.8746	2.2961	16	0	0.6634	1.5644	11	0	30.7534	12.2969	68	4	0.5049	1.5054	11	0	0.1004	6	220.9781	216.3129	324.785	164.4656	6194.1328	13452.9326
71_16_FITC.tif	14216f92-4ad0-423d-aecf-274414e8c648	Cell		Positive	Annotation	Polygon	500.61	745.4	27.3355	30.6095	0.3666	13.7113	2.8985	NaN	3.6838	501	5.0195	23	0	23	89.4265	12162	20.2925	126	34	92	3.9485	537	4.9115	22	0	22	123.4241	64.3996	0.374	31.0009	6.2061	NaN	1.5268	3.1374	23	0	36.2517	33.2045	126	3	0.9916	2.8782	22	0	0.8891	1.8875	13	0	20.5304	14.9202	97	3	0.1174	0.5356	5	0	0.2294	6	349.9736	420.8243	612.1162	7.4551	16254.7617	56044.2891
71_16_FITC.tif	4517bdf9-c8c8-4dc9-bf44-fda4dcf1a3fb	Cell		Positive	Annotation	Polygon	653.82	746.7	7.041	16.7885	0.3139	8.0038	1.2068	NaN	3.1842	121	3.4785	11	0	11	91.9737	3495	17.9752	114	58	56	3.2368	123	3.4597	11	0	11	37.2757	33.7131	0.4121	15.8959	3.7679	NaN	1.9027	2.6419	11	0	38.1892	31.8017	114	3	0.8216	2.1073	11	0	1.5714	2.2785	11	0	24.2857	15.6573	90	3	0.1973	0.8078	6	0	0.1931	6	129.097	8.1826	535.4583	3.3068	1378.1648	8953.332
71_16_FITC.tif	3db61b63-c81f-433f-9f33-b2f8118b100b	Cell		Positive	Annotation	Polygon	651.72	755.49	8.4906	16.7397	0.3808	7.9172	1.4477	NaN	1.6136	71	2.2947	9	0	9	84.5455	3720	16.3159	113	51	62	1.5227	67	2.1726	8	0	8	44.938	41.554	0.327	20.2349	3.3075	NaN	1.3242	2.1417	11	0	43.2283	28.611	113	6	0.7945	1.6251	8	0	1.2514	2.1022	11	0	32.84	20.4837	107	6	0.6114	1.4052	7	0	0.1685	4	61.3753	11.7279	217.6098	4.4355	393.7028	1165.9723
71_16_FITC.tif	58177aba-a228-4e06-9d74-438f6306d104	Cell		Positive	Annotation	Polygon	502.91	757	3.3134	9.0004	0.514	4.1826	1.0086	NaN	2.0556	37	2.2353	6	0	6	67.2222	1210	12.3267	89	51	38	2.5	45	2.3825	6	0	6	41.8316	38.9956	0.3457	18.8044	3.1606	NaN	0.8088	1.5273	7	0	28.0343	16.5516	89	5	0.5833	1.3123	6	0	0.6882	1.3909	7	0	24.2419	11.0801	60	5	0.3978	0.9879	4	0	0.0688	6	281.4965	300.7951	467.4992	7.4551	11314.3291	32946.3711
71_16_FITC.tif	39d2acf3-e616-4524-835e-fc0569cb63a8	Cell		Positive	Annotation	Polygon	658.49	757.1	14.7032	22.9952	0.3494	10.218	2.371	NaN	3.5694	257	4.1276	17	0	17	74.5278	5366	11.8962	96	53	43	3.125	225	4.189	17	0	17	102.0941	56.8844	0.3965	27.0839	5.0517	NaN	1.4081	2.6608	17	0	42.1556	19.6439	96	2	0.8667	2.2393	17	0	1.0402	2.1187	12	0	36.6454	14.7878	68	2	0.4823	1.3782	12	0	0.1412	8	141.8878	98.8293	542.2921	3.8769	399.7629	1166.9564
71_16_FITC.tif	7ac67c4e-f34f-42b6-975e-0e4c5026db4d	Cell		Positive	Annotation	Polygon	655.57	752.33	2.485	8.4234	0.4401	3.9733	0.8283	NaN	3.2667	49	5.6627	17	0	17	84.2667	1264	11.8169	103	63	40	3.3333	50	5.6273	17	0	17	13.2536	23.7651	0.2949	11.5558	1.4342	NaN	2.6471	3.8624	17	0	48.7059	27.125	103	12	1.1765	3.0022	17	0	2.4717	3.2321	10	0	38.6415	21.033	92	12	0.566	1.1687	5	0	0.18	3	4.5326	3.8769	6.414	3.3068	6.4008	10.7911
71_16_FITC.tif	e6deaab7-a784-465e-bf21-34272b058747	Cell		Positive	Annotation	Polygon	654.47	762.17	10.7685	17.2435	0.4551	7.9777	1.8296	NaN	2.2545	124	4.0607	18	0	18	102.3091	5627	15.7596	131	65	66	2.3091	127	4.0271	18	0	18	21.9513	23.7964	0.4871	9.1179	3.6098	NaN	1.3604	3.2412	18	0	81.5225	26.6696	131	29	1.3604	3.1674	18	0	0.4821	1.7989	11	0	61.1071	17.9511	111	29	0.4286	1.5357	9	0	0.4823	5	7.9598	6.414	12.8952	5.4222	12.9128	22.7611
71_16_FITC.tif	79db9218-c2bc-4781-af25-95e6b1b31fcd	Cell		Positive	Annotation	Polygon	652.88	777.02	26.5072	35.3481	0.2666	15.894	2.3149	NaN	3.4662	461	4.9399	23	0	23	108.6165	14446	20.3562	154	63	91	3.5113	467	4.8502	23	0	23	121.9745	56.8761	0.4738	25.5608	6.208	NaN	1.2729	2.9168	23	0	57.0034	33.1567	154	8	0.9881	2.7729	23	0	0.6346	1.454	7	0	41.9825	17.2327	112	8	0.2538	0.8514	6	0	0.2156	8	175.438	164.0959	433.7942	12.8952	8527.043	32946.3711
71_16_FITC.tif	0d6a422b-ab36-41ab-bc2a-7eda8b035f09	Cell		Positive	Annotation	Polygon	723.13	923.99	38.1041	36.3427	0.3625	16.7397	3.7468	NaN	2.3579	448	3.5139	20	0	20	105.3526	20017	17.9528	136	55	81	2.6053	495	3.5422	20	0	20	160.4927	70.4877	0.4059	32.4586	7.2315	NaN	1.5567	2.7009	20	0	51.7332	36.4961	136	0	0.8041	2.1547	20	0	1.2969	2.3235	15	0	34.3481	20.589	102	0	0.2201	0.8378	10	0	0.2401	3	67.4788	11.2212	180.0465	11.1687	388.9855	667.501
71_16_FITC.tif	a28a8128-585d-45c9-a516-e3c6d0e0c33d	Cell		Positive	Annotation	Polygon	732.89	930.17	8.0764	21.0685	0.2286	10.3604	1.1671	NaN	4.4565	205	5.9018	25	0	25	98.7826	4544	14.624	129	68	61	4.413	203	5.9538	26	0	26	98.9878	57.85	0.3717	28.0076	4.5559	NaN	1.6472	3.1194	25	0	53.0772	25.7261	129	11	1.2213	2.9467	26	0	1.3487	2.4918	15	0	48.2217	21.5397	93	11	0.8822	2.1715	15	0	0.0883	5	74.6575	79.6808	188.6147	11.2212	484.0982	1166.9564
71_16_FITC.tif	f2f6bebd-2bb1-4868-ae85-75f0571b373b	Cell		Positive	Annotation	Polygon	721.7	940.33	3.1063	9.2881	0.4525	4.4582	0.925	NaN	3.1875	51	2.9714	10	0	10	86.4375	1383	8.6098	100	72	28	2.875	46	3.0523	9	0	9	33.3411	28.2235	0.526	13.0442	3.2282	NaN	1.6585	2.3535	10	0	55.0366	16.6368	100	27	1.1037	2.1611	10	0	1.4932	2.2269	10	0	51.6419	13.4321	85	27	0.9122	1.962	10	0	0.0798	6	113.4752	126.1323	214.849	11.1687	2963.5105	13578.2939
71_16_FITC.tif	aa2cb8a6-da88-40c0-a1f3-f8e28c84b7c9	Cell		Positive	Annotation	Polygon	733.93	1009.7	16.567	26.0423	0.307	12.4107	1.791	NaN	2.6395	227	3.3604	11	0	11	98.0698	8434	16.7717	127	66	61	2.6977	232	3.3853	11	0	11	103.9579	61.0314	0.3507	29.0084	4.8716	NaN	1.6706	2.8562	12	0	50.0972	29.408	127	4	0.8016	2.006	11	0	1.4713	2.7028	12	0	40.2273	20.3367	90	4	0.4115	1.2744	9	0	0.1618	3	41.2132	41.1931	79.6808	2.7657	67.3396	88.8939
71_16_FITC.tif	f0fd1441-672b-4ab0-9acc-0e19ae52d7ae	Cell		Positive	Annotation	Polygon	730.76	1012	4.1417	10.2865	0.4919	4.8532	1.0949	NaN	2.3182	51	3.0611	9	0	9	79.3182	1745	8.709	93	61	32	2.4091	53	3.0183	9	0	9	48.0443	42.6799	0.3314	20.8721	3.1063	NaN	1	2.072	10	0	48.3391	22.5586	93	9	0.9657	1.8705	9	0	0.8626	1.8986	10	0	45.109	21.0616	89	9	0.8152	1.6472	8	0	0.0808	5	70.6798	75.9744	153.7033	2.7657	1322.9332	4065.4692
71_16_FITC.tif	7c446e33-635f-4c04-be98-56686baa8090	Cell		Positive	Annotation	Polygon	733.8	1051.1	3.3134	11.7232	0.303	5.6694	0.7529	NaN	2	36	2.1144	6	0	6	108.2222	1948	3.0593	114	103	11	0.4444	8	1.0416	4	0	4	71.8593	46.2296	0.4225	22.0072	4.1417	NaN	1.0888	1.903	11	0	89.1146	16.0659	122	41	1.0372	2.2235	14	0	1.0393	1.8817	11	0	88.0755	15.8339	122	41	1.0695	2.2666	14	0	0.0408	4	302.1888	83.701	1001.743	39.6101	14251.6318	40733.875
71_16_FITC.tif	31b0a0da-33d9-4dc4-9ba8-2cf8777f9df6	Cell		Positive	Annotation	Polygon	638.8	1134.1	36.6545	38.9528	0.3036	17.8191	3.6196	NaN	2.2431	406	2.8629	14	0	14	89.0055	16110	16.4413	121	41	80	2.4862	450	3.2941	16	0	16	185.7574	73.6345	0.4305	35.0608	7.3701	NaN	1.2096	2.2312	14	0	42.1784	29.426	121	2	0.8662	2.2089	17	0	0.9483	1.9587	12	0	30.3408	17.9336	89	2	0.4567	1.5971	17	0	0.1998	8	253.8022	139.9561	908.8758	80.1591	10365.5303	40733.875
71_16_FITC.tif	ad48bad5-da39-4fdf-a75a-8ea3d44a76ab	Cell		Positive	Annotation	Polygon	502.31	1184.7	8.6977	18.0938	0.3339	8.8277	1.4219	NaN	9.5778	431	8.1254	30	0	30	74.2	3339	19.2514	108	41	67	8.6889	391	8.1515	30	0	30	94.0177	52.528	0.4282	25.0306	4.9701	NaN	1.8681	4.0384	30	0	22.7187	20.2677	108	2	1.0484	3.6453	30	0	1.022	1.9346	10	0	17.0683	9.6176	60	2	0.2098	0.6886	5	0	0.092	6	353.7671	309.5613	860.7839	99.1897	20457.8066	43178.2109
71_16_FITC.tif	1f351fa9-65b8-48c8-a7fb-b810b56a01e3	Cell		Positive	Annotation	Polygon	602.11	1206.1	11.1827	23.0092	0.2654	9.7437	2.1313	NaN	1.7119	101	2.4286	8	0	8	103.8475	6127	15.3362	129	62	67	1.5763	93	2.4368	9	0	9	70.8239	51.3045	0.3381	24.5088	3.9689	NaN	1.1069	2.1367	11	0	65.7225	28.0074	129	10	0.7341	1.659	11	0	0.9826	2.0543	11	0	57.885	23.1743	110	10	0.561	1.3926	11	0	0.1643	4	28.1782	13.5846	82.3714	3.1722	105.6019	314.1458
71_16_FITC.tif	7deee862-4a70-4d8e-9af4-8da2403b5871	Cell		Positive	Annotation	Polygon	599.67	1200.8	1.0354	5.0473	0.5107	2.345	0.3663	NaN	0.5	3	0.8367	2	0	2	106.6667	640	1.633	109	105	4	0	0	0	0	0	0	14.4961	24.3998	0.306	11.9092	1.7968	NaN	0.9726	1.6748	7	0	74.1096	27.9943	110	25	0.6027	1.5068	7	0	1.0149	1.7276	7	0	71.194	27.3813	110	25	0.6567	1.5624	7	0	0.04	6	165.5729	44.1597	460.5328	3.1722	6750.248	32946.3711
71_16_FITC.tif	db4ccd24-1825-4100-af97-2d50eac3badb	Cell		Positive	Annotation	Polygon	596.86	1210.5	7.4551	18.9866	0.2599	9.2137	1.1752	NaN	3.6341	149	4.1938	14	0	14	105.0244	4306	13.8789	130	77	53	3.5366	145	4.5777	17	0	17	58.1916	50.0901	0.2915	24.4258	3.398	NaN	2.1585	3.1161	14	0	55.8169	29.3492	130	13	1.0387	2.7554	19	0	1.9095	2.8314	12	0	47.5144	22.2715	119	13	0.6173	2.0444	19	0	0.1352	6	100.5373	13.1471	467.4992	2.0802	3188.343	20473.1074
71_16_FITC.tif	135679a7-4b52-4f87-9ed2-62110b5a9760	Cell		Positive	Annotation	Polygon	600.01	1214	4.763	18.4961	0.175	9.0754	1.1312	NaN	2.9643	83	4.2729	15	0	15	120.0714	3362	12.8724	141	90	51	2.9643	83	4.2729	15	0	15	22.5725	39.8749	0.1784	19.594	2.0797	NaN	1.0439	2.6387	15	0	87	33.5543	141	21	1.0175	2.6103	15	0	0.4186	1.3588	7	0	76.2326	31.0895	126	21	0.3837	1.2665	7	0	0.2111	5	8.219	7.6185	17.6186	2.0802	9.3176	18.1938
71_16_FITC.tif	d0793d41-99f2-4f24-8fe0-e952fd61d43c	Cell		Positive	Annotation	Polygon	598.33	1222.8	15.1174	25.5864	0.2902	10.525	2.0644	NaN	1.64	123	3.1948	14	0	14	118.32	8874	10.7064	141	98	43	1.7333	130	3.1892	14	0	14	42.8671	34.8242	0.4442	14.8753	4.8529	NaN	1.4354	3.3422	20	0	98.2775	22.9864	141	27	1.4928	3.3629	20	0	1.3209	3.4283	20	0	87.0597	20.2298	124	27	1.3582	3.4606	20	0	0.3509	3	8.8181	8.8017	8.9349	8.7176	6.0646	9.1414
71_16_FITC.tif	d35aad48-0e31-400c-8aa7-fbf8cb4d52e5	Cell		Positive	Annotation	Polygon	598.48	1233.4	3.1063	9.5543	0.4276	4.5797	0.9108	NaN	2.5294	43	3.7934	12	0	12	106.4706	1810	7.9696	118	95	23	2.4706	42	3.6421	11	0	11	40.7962	29.1666	0.6026	13.0513	4.1286	NaN	1.4242	3.0961	18	0	71.9646	22.9626	125	26	1.3586	3.0508	18	0	1.3204	3.0142	18	0	68.7238	21.176	125	26	1.2541	2.9798	18	0	0.0664	7	155.4138	22.3261	811.9046	8.7176	7027.6196	39347.832
71_16_FITC.tif	6f121320-d36b-4c1f-9c65-76024f664c20	Cell		Positive	Annotation	Polygon	142.48	1486.3	10.1473	21.5843	0.2737	10.4496	1.3274	NaN	4.463	241	5.2259	18	0	18	166.7778	9006	12.491	191	137	54	6.463	349	5.2511	17	0	17	65.4396	42.1943	0.4619	19.6742	4.6586	NaN	1.8687	3.933	26	0	104.6781	45.3519	191	14	2.1813	4.2328	27	0	1.3421	3.3925	26	0	92.0714	38.7215	169	14	1.312	3.3998	27	0	0.1577	6	107.9101	42.5203	449.235	5.7618	1935.2172	6378.022
71_16_FITC.tif	d14a9c14-0555-4e89-9dcc-2b198b635cde	Cell		Positive	Annotation	Polygon	143.42	1504.1	27.5426	32.2308	0.3332	14.9822	2.7958	NaN	3.0809	419	4.037	23	0	23	179.9191	24469	17.1495	204	133	71	3.5882	488	4.0414	22	0	22	122.3886	64.8263	0.366	28.039	6.2126	NaN	1.1827	2.8165	23	0	118.1827	49.2352	204	24	1.2876	2.9027	22	0	0.6154	2.0152	19	0	99.7297	39.7469	180	24	0.6	2.0084	19	0	0.2241	5	37.5639	32.0961	70.2002	12.12	160.8549	430.491
71_16_FITC.tif	4e83c505-2546-4c01-9e44-26e701c24616	Cell		Positive	Annotation	Polygon	119.33	1520.7	25.8859	34.6176	0.2714	16.3961	2.2098	NaN	1.872	234	2.682	16	0	16	87.392	10924	11.1369	108	63	45	1.8	225	2.6518	16	0	16	149.31	69.0887	0.3931	33.036	5.9725	NaN	0.787	1.8099	16	0	46.8243	27.1998	108	4	0.6999	1.7535	16	0	0.5602	1.473	13	0	38.3445	21.2688	94	4	0.4699	1.3969	13	0	0.1708	8	161.7753	90.7124	620.9232	41.2818	884.9151	2098.8359
71_16_FITC.tif	74fc60ba-5ac3-4458-8fea-7715a50bbf00	Cell		Positive	Annotation	Polygon	146.5	1533.9	36.2403	44.2948	0.2321	21.7992	2.6457	NaN	1.1222	202	1.4286	5	0	5	166.4722	29965	10.1406	185	138	47	1.3611	245	1.6057	7	0	7	175.403	80.1011	0.3435	39.0036	6.2861	NaN	1.0035	2.0284	15	0	120.4186	38.9353	185	28	0.9351	1.8232	15	0	0.9716	2.1616	15	0	108.009	34.218	167	28	0.8204	1.862	15	0	0.2107	4	46.8425	37.2253	89.0495	23.8701	424.2275	942.0259
71_16_FITC.tif	e58d6aa7-8063-4d32-a56f-abca8ee44ed0	Cell		Positive	Annotation	Polygon	151.35	1556.9	19.6733	24.6243	0.4077	10.0702	2.884	NaN	5.0938	489	6.6429	27	0	27	177.4271	17033	19.6409	210	136	74	6.0833	584	7.0348	31	0	31	128.8083	56.4389	0.5082	26.062	6.4197	NaN	1.7063	3.8453	27	0	108.2921	43.715	210	20	1.6693	3.9347	31	0	1.0892	2.6532	17	0	95.6983	34.0422	183	20	0.8653	2.2729	17	0	0.1483	8	170.5968	70.0693	513.8365	23.8701	6662.459	28758.9785
71_16_FITC.tif	6f5e1fcc-428c-4eff-a915-24a1a9553be0	Cell		Positive	Annotation	Polygon	123.29	1566	3.5205	9.6026	0.4798	4.5944	0.9418	NaN	0.8947	17	1.7287	6	0	6	105.5263	2005	6.0311	115	94	21	1.3158	25	2.3817	8	0	8	41.2104	30.9958	0.539	14.1161	3.6473	NaN	0.8358	2.0947	15	0	81.3333	21.4656	115	26	0.8358	2.1419	15	0	0.8297	2.1333	15	0	78.8077	20.9206	115	26	0.7857	2.1163	15	0	0.0719	6	51.6958	52.6359	86.0674	6.2807	385.8089	942.0259
71_16_FITC.tif	bd0f68b2-fd7b-424e-acde-a8845f08de72	Cell		Positive	Annotation	Polygon	122.53	1577.7	10.1473	19.3545	0.3404	9.3854	1.6195	NaN	7.6364	420	7.6482	29	0	29	128.0364	7042	18.7952	161	90	71	7.8727	433	7.8009	30	0	30	77.4507	51.0269	0.3738	23.4262	5.4265	NaN	1.6127	4.2312	29	0	68.2865	37.9322	161	11	1.6817	4.3264	30	0	0.5839	1.9624	14	0	58.0807	30.1627	125	11	0.6242	1.9996	14	0	0.1367	6	194.041	57.6785	566.2404	6.2807	3085.3721	13108.4492
71_16_FITC.tif	cfa7bf77-67ff-4008-aa42-2ce1011688db	Cell		Positive	Annotation	Polygon	139.83	1620	49.701	46.1668	0.293	18.3037	4.8603	NaN	5.9218	1439	7.7661	39	0	39	161.0864	39144	27.9191	204	72	132	6.6461	1615	8.4866	39	0	39	183.4794	72.853	0.4344	31.6442	8.8484	NaN	2.0774	4.917	39	0	86.9641	54.5867	204	1	1.9686	5.3372	39	0	0.6379	1.7612	12	0	59.2111	31.2135	155	1	0.2173	0.9972	12	0	0.2738	7	41.4592	50.6728	89.0495	7.6995	221.5685	942.0259
71_16_FITC.tif	47cd94cf-9645-4353-8527-9510c9133be1	Cell		Positive	Annotation	Polygon	145.92	1629.7	7.4551	15.3147	0.3994	6.975	1.5369	NaN	7.2308	282	7.2455	20	0	20	127.5897	4976	25.7822	170	76	94	7.2564	283	7.2247	20	0	20	53.6356	46.2585	0.315	22.5627	3.3121	NaN	1.5496	3.9725	20	0	69.4504	29	170	31	1.5649	3.9617	20	0	0.5561	1.7046	11	0	59.2825	13.3152	106	31	0.5695	1.6828	11	0	0.1384	6	95.8866	39.935	360.6474	3.1769	3787.1943	21369.5566
71_16_FITC.tif	e9588bca-6958-4958-a8cf-91143ce1eb6a	Cell		Positive	Annotation	Polygon	141.48	1637.3	2.0709	8.2254	0.3846	3.9643	0.687	NaN	1.1818	13	1.6624	5	0	5	105.6364	1162	11.2452	123	91	32	1.0909	12	1.6404	5	0	5	21.33	25.1564	0.4235	11.9875	2.3818	NaN	0.7925	1.8605	10	0	65.2453	22.5759	123	28	0.6415	1.7899	10	0	0.7474	1.8848	10	0	60.5684	18.516	110	28	0.5895	1.8072	10	0	0.0825	5	159.3644	60.3223	367.8898	1.4567	936.1064	3411.1604
71_16_FITC.tif	84cb19bc-49e8-467b-8eda-70ff6c30fb0f	Cell		Positive	Annotation	Polygon	143.11	1636.4	1.0354	5.2006	0.4811	2.4791	0.6083	NaN	0.3333	2	0.5164	1	0	1	109	654	7.4565	121	101	20	0.1667	1	0.4082	1	0	1	8.2835	22.4968	0.2057	10.9822	0.9973	NaN	0.814	2.657	15	0	83.907	20.0271	121	45	0.7442	2.5736	15	0	0.8919	2.8556	15	0	79.8378	18.3916	121	45	0.8378	2.764	15	0	0.0922	5	74.7221	3.82	357.3438	0.9624	131.5262	344.2634
71_16_FITC.tif	693a7411-1d59-4fe2-b06c-c92c1e36ef14	Cell		Positive	Annotation	Polygon	144.13	1637.2	1.0354	4.8099	0.5624	2.2593	0.5183	NaN	0.3333	2	0.8165	2	0	2	113	678	10.5262	125	96	29	1	6	1.6733	4	0	4	8.0764	21.9216	0.2112	10.7371	0.9948	NaN	0.3023	0.9138	5	0	70.5116	25.1892	125	29	0.5116	1.4536	7	0	0.2973	0.9388	5	0	63.6216	19.3697	120	29	0.4324	1.4248	7	0	0.0831	3	120.59	3.1769	357.6306	0.9624	114.7545	178.8203
71_16_FITC.tif	64f316b4-5cc2-4bb3-a7ca-200fde3eeefa	Cell		Positive	Annotation	Polygon	264.24	1675.1	31.8915	44.4422	0.2029	20.9186	2.5832	NaN	5.037	816	5.3868	23	0	23	111.2901	18029	33.9246	177	43	134	5.0741	822	5.3933	26	0	26	177.0597	79.4727	0.3523	38.0175	6.1951	NaN	1.4713	3.2393	23	0	41.4304	40.1874	177	2	1.1579	3.1246	26	0	0.6378	1.5894	13	0	25.0996	17.7694	116	2	0.2424	0.9228	12	0	0.1857	7	413.1318	356.3736	713.0095	127.8054	38391.7773	76991.4453
71_16_FITC.tif	d3b71ffc-4543-4f1f-8be3-2526a858e010	Cell		Positive	Annotation	Polygon	150.44	1987.5	28.371	37.6897	0.251	16.8186	2.813	NaN	3.9856	554	5.8297	27	0	27	131.6906	18305	24.9828	185	68	117	3.8777	539	6.0415	27	0	27	125.702	65.3508	0.3699	31.5237	6.0673	NaN	2.3902	3.9838	27	0	70.5361	42.2857	185	10	1.2328	3.4405	27	0	1.9193	3.1001	14	0	52.4883	26.4797	133	10	0.4522	1.3935	14	0	0.225	9	241.4832	357.2094	376.7785	8.0296	4458.3154	25286.3086
71_16_FITC.tif	52e47519-cf6c-4f8f-8227-e1e48012ecab	Cell		Positive	Annotation	Polygon	148.36	2001	10.9756	20.6502	0.3234	9.8854	1.3389	NaN	2.7321	153	2.6319	11	0	11	142.6607	7989	23.9243	171	76	95	2.9107	163	2.7321	11	0	11	47.8372	52.8927	0.2149	25.461	3.2562	NaN	1.6325	2.6257	13	0	78.2308	47.0469	171	17	0.8632	1.8938	11	0	1.2865	2.5338	13	0	57.9607	31.769	159	17	0.2191	0.8111	5	0	0.2107	5	138.4843	8.0296	369.1866	1.8438	1475.4219	7933.7598
71_16_FITC.tif	ac1687cd-6cdc-40ea-a5f0-d15cc906a881	Cell		Positive	Annotation	Polygon	146.1	1998.7	8.6977	19.6645	0.2826	9.5331	1.3596	NaN	5.0667	228	5.8481	18	0	18	133.2	5994	26.0398	177	84	93	5.4	243	5.8364	18	0	18	41.2104	53.4224	0.1815	26.0081	2.3409	NaN	2.9109	4.2182	18	0	67.7277	44.7743	177	13	1.4208	3.5766	18	0	2.293	3.3992	15	0	48.9618	28.299	165	13	0.2803	0.9989	6	0	0.1976	3	4.5737	2.5185	9.3586	1.8438	2.7017	5.5247
71_16_FITC.tif	f2f5da67-d915-48f8-927a-d208c4ce7bd4	Cell		Positive	Annotation	Polygon	144.25	2001.9	3.7276	10.3498	0.4373	4.9846	0.9295	NaN	2.3684	45	2.4315	7	0	7	99.8421	1897	7.6613	113	87	26	1.6316	31	2.2413	7	0	7	37.6899	38.648	0.3171	18.8667	2.6921	NaN	2.0109	3.3714	15	0	66.0489	21.5777	113	7	1.2011	2.7237	15	0	1.9697	3.4666	15	0	62.1576	19.1196	102	7	1.1515	2.7753	15	0	0.0795	9	197.0535	249.8895	425.695	2.5185	2555.6921	13108.4492
71_16_FITC.tif	4f5594d8-8ded-4c1a-bbd6-86b9b1c2165e	Cell		Positive	Annotation	Polygon	90.69	2140.5	29.4064	36.5554	0.2765	16.1741	2.663	NaN	2.6319	379	3.975	20	0	20	92.3819	13303	15.1787	127	58	69	2.7083	390	3.9558	20	0	20	159.4573	69.9598	0.4094	33.028	6.2126	NaN	1.193	2.4041	20	0	49.4262	26.5024	127	3	0.9119	2.2897	20	0	0.8631	1.7085	12	0	39.5764	17.0351	97	3	0.5	1.4023	12	0	0.1856	8	332.9229	174.6548	798.753	107.4994	3060.2229	13108.4492
71_16_FITC.tif	95ac8a58-e1a9-42d6-aa1c-d0a607eed8f1	Cell		Positive	Annotation	Polygon	106.95	2242.7	16.9812	27.357	0.2851	13.1768	2.184	NaN	4.4217	367	5.1941	22	0	22	109.7831	9112	18.1981	144	63	81	3.1084	258	4.4035	17	0	17	55.9136	46.9928	0.3182	22.5559	4.1268	NaN	4.8804	4.9876	22	0	70.5036	33.0637	144	20	1.7174	3.5878	18	0	5.0777	4.8968	20	0	53.6114	21.6922	120	20	1.1192	2.9933	18	0	0.2937	6	63.3077	7.7641	249.8895	1.4532	723.3524	4006.0876
71_16_FITC.tif	2154fcf4-792b-4f55-8643-663ce5a4617b	Cell		Positive	Annotation	Polygon	104.75	2243.8	2.6921	9.18	0.4014	4.3479	0.7818	NaN	8.1333	122	6.1513	20	1	19	103.4667	1552	16.4006	122	70	52	6.8	102	6.7103	21	0	21	12.8394	24.6063	0.2665	11.944	1.5461	NaN	2.1343	4.5789	20	0	51.1493	35.8757	122	16	1.5373	4.2044	21	0	0.4038	1.763	12	0	36.0577	23.5484	117	16	0.0192	0.1387	1	0	0.1559	4	29.9084	5.3405	107.4994	1.4532	50.3052	119.1221
71_16_FITC.tif	2b4efbc9-018d-4c5a-a50e-557c4140409b	Cell		Positive	Annotation	Polygon	104.64	2250.7	4.5559	14.7026	0.2648	7.1938	0.8635	NaN	1.25	30	2.0054	8	0	8	112.4167	2698	14.8234	127	78	49	1.125	27	1.8489	7	0	7	8.6977	25.0139	0.1747	12.2345	1.1115	NaN	1.8913	3.1498	14	0	89.3261	35.7237	127	29	0.6087	1.4373	7	0	2.5909	3.984	14	0	64.1364	34.9275	117	29	0.0455	0.2132	1	0	0.4918	5	5.0252	5.1274	8.4543	1.2454	4.7874	7.7834
71_16_FITC.tif	29843004-14b4-43bf-b899-d46c6ebe5555	Cell		Positive	Annotation	Polygon	108.65	2254.4	4.9701	15.6975	0.2535	7.4383	1.2239	NaN	1.5161	47	2.1428	8	0	8	91.871	2848	9.355	107	72	35	1.0968	34	1.7768	7	0	7	44.5238	41.929	0.3183	20.5705	3.3371	NaN	2.4682	3.6769	16	0	61.6273	19.7252	107	23	0.6455	1.9069	15	0	2.6243	3.8526	16	0	56.6667	16.2392	102	23	0.5714	1.9217	15	0	0.1216	5	74.5787	50.8818	255.0746	4.8827	787.3495	3428.031
71_16_FITC.tif	02bd7edd-1800-4b92-87be-3c15bee55010	Cell		Positive	Annotation	Polygon	102.92	2249.3	3.3134	11.15	0.3349	5.3232	0.9007	NaN	1.6316	31	2.0058	6	0	6	91	1729	14.1774	107	64	43	1.6316	31	1.8918	5	0	5	24.4363	29.472	0.3535	13.8014	2.833	NaN	1.6581	2.9011	13	0	55.7265	23.7997	110	17	0.9573	2.2529	13	0	1.6633	3.0526	13	0	48.8878	18.6845	110	17	0.8265	2.3021	13	0	0.135	5	42.7714	7.9131	112.81	1.2454	62.9254	171.1971
71_16_FITC.tif	36cac100-8809-4079-830b-8614bee3e548	Cell		Positive	Annotation	Polygon	104.55	2264.1	14.9103	22.3139	0.3763	9.7279	2.3282	NaN	2.5263	192	2.8866	11	0	11	109.0132	8285	17.7783	137	69	68	2.5395	193	2.9278	11	0	11	79.1074	45.0845	0.4891	20.2292	5.5286	NaN	1.3342	2.3609	13	0	58.3601	31.4748	137	20	0.842	1.9228	11	0	1.0419	2.1182	13	0	45.9419	19.2832	119	20	0.4258	1.2819	10	0	0.1853	4	24.5304	8.1837	78.2521	3.5022	21.9089	60.4608
71_16_FITC.tif	3d6c8f72-faee-45bf-9340-19423ac83a85	Cell		Positive	Annotation	Polygon	106.16	2257.8	1.2425	5.4514	0.5254	2.5902	0.5217	NaN	0.5714	4	1.1339	3	0	3	101.2857	709	3.6384	105	95	10	0.5714	4	1.1339	3	0	3	2.8992	8.4885	0.5056	3.9485	0.9151	NaN	0.3125	0.7932	3	0	94.625	9.8175	105	74	0.25	0.7746	3	0	0.1111	0.3333	1	0	89.4444	10.0885	103	74	0	0	0	0	0.3479	6	25.3321	7.6793	81.4096	3.5022	91.8286	403.3641
71_16_FITC.tif	12938710-dd6d-4686-bbf5-4e050c9fbe14	Cell		Positive	Annotation	Polygon	127.03	2306.3	65.8538	50.4113	0.3256	24.004	4.7299	NaN	3.9815	1290	5.222	23	0	23	129.5772	41983	25.0819	181	60	121	4.3272	1402	5.4589	23	0	23	234.8371	84.1589	0.4167	40.0285	8.2095	NaN	2.4996	4.141	23	0	59.3145	50.2042	181	0	1.3921	3.5195	23	0	1.9075	3.4502	19	0	31.2441	22.6745	111	0	0.2195	0.7973	6	0	0.2819	8	117.9049	67.6101	309.1794	9.2281	1790.0739	7933.7598
71_16_FITC.tif	a2f7458f-b38d-4853-b865-b75a77741c17	Cell		Positive	Annotation	Polygon	118.48	2302.7	5.7984	13.2358	0.4159	6.275	1.2034	NaN	6.871	213	7.9822	26	0	26	83.2258	2580	15.026	110	55	55	7.1935	223	7.8969	26	0	26	80.9712	48.3247	0.4357	23.0056	4.5559	NaN	1.8219	3.539	26	0	36.486	20.3891	110	5	1.1985	3.3664	26	0	1.3895	2.4348	13	0	32.4834	15.1323	86	5	0.6851	1.9425	13	0	0.0667	5	37.0648	41.3916	50.8818	9.2281	196.7798	403.3641
71_16_FITC.tif	b925b9a2-45de-45aa-8de9-e3f167a62e23	Cell		Positive	Annotation	Polygon	110.55	2338.9	3.9347	11.6668	0.3633	5.6525	0.9664	NaN	15	330	12.2708	36	0	36	67.0909	1476	19.7361	97	38	59	15.0455	331	12.2182	36	0	36	74.3444	46.2718	0.4363	22.0027	4.3488	NaN	1.4833	4.7141	36	0	15.4222	16.0461	97	1	1.0639	4.6879	36	0	0.6036	1.2598	8	0	12.0592	8.0242	45	1	0.1538	0.7186	8	0	0.0518	7	73.8081	78.2521	198.9338	8.3726	142.4619	403.3641
71_16_FITC.tif	3ea46309-fc22-4a80-aa7c-52122c03c380	Cell		Positive	Annotation	Polygon	117.1	2344	6.8339	12.5339	0.5466	5.7827	1.5086	NaN	14.0833	507	13.0195	43	0	43	81.1111	2920	25.7491	122	32	90	13.8889	500	13.0817	43	0	43	86.1483	46.7074	0.4962	21.9445	5.151	NaN	2.1538	5.5581	43	0	22.4303	22.1217	122	2	1.4207	5.4656	43	0	1.0237	1.8369	8	0	16.8711	10.7961	56	2	0.2395	0.8614	7	0	0.0758	4	27.3269	29.7716	41.3916	8.3726	124.8934	179.8572
71_16_FITC.tif	a4e3da8f-b4b1-4f96-9589-c3846837aeea	Cell		Positive	Annotation	Polygon	174.42	2363.9	12.4252	20.7386	0.363	10.0233	1.6643	NaN	18.0308	1172	15.0924	50	0	50	125.6154	8165	36.8348	191	50	141	17.9077	1164	15.0444	50	0	50	86.7696	48.7248	0.4593	21.6395	5.1628	NaN	3.3886	8.6832	50	0	32.0308	44.8276	191	1	2.9692	8.6974	50	0	0.7227	1.3938	7	0	14.9916	15.5647	79	1	0.2493	0.7768	5	0	0.1382	6	292.411	295.5602	696.2135	14.0819	18764.709	76991.4453
71_16_FITC.tif	6a7e637b-39c0-4a9c-a4dc-deea33bd3343	Cell		Positive	Annotation	Polygon	117.91	2364.4	3.9347	10.0001	0.4944	4.6547	1.0906	NaN	1.1818	26	1.4019	5	0	5	67.3182	1481	6.1287	77	53	24	1.0455	23	1.5268	5	0	5	73.516	44.5137	0.4662	20.9401	4.5559	NaN	0.8876	1.6492	9	0	34.5028	20.0744	77	2	0.6292	1.4448	8	0	0.8683	1.6641	9	0	32.3413	18.7459	77	2	0.6018	1.4374	8	0	0.0487	4	41.1398	42.6647	58.9483	20.2814	634.1201	1721.3073
71_16_FITC.tif	2a3aed9c-a20d-47da-8948-532f4cf0fe7d	Cell		Positive	Annotation	Polygon	396.16	2376	7.041	13.5	0.4855	6.0296	1.2425	NaN	15.6111	562	10.0861	34	0	34	63.9167	2301	9.3576	85	47	38	15.5556	560	10.1234	35	0	35	85.7342	47.6797	0.4739	22.0441	4.5559	NaN	2.4327	5.2974	34	0	11.3942	16.7642	85	0	1.6611	5.269	35	0	1.1842	1.8096	10	0	6.4184	3.5767	24	0	0.3447	0.9272	5	0	0.0685	6	455.0355	302.5833	1022.6443	167.8177	46792.8438	92019.7656
71_16_FITC.tif	2052151c-f511-4c8c-917c-6351dbe9c4b5	Cell		Positive	Annotation	Polygon	174.6	2382.5	12.6323	20.8747	0.3643	9.2965	1.7909	NaN	21.5161	1334	22.7378	70	0	70	130.6129	8098	44.6889	204	55	149	21.8871	1357	22.6543	70	0	70	84.6987	44.5272	0.5368	20.0212	5.3815	NaN	4.0779	11.6111	70	0	35.6521	45.6679	204	1	3.472	11.7139	70	0	0.9799	2.1001	10	0	18.7822	14.6652	83	1	0.2006	0.7427	5	0	0.1398	5	132.5283	87.8254	280.3819	14.0819	5549.8613	18589.0137
71_16_FITC.tif	c65da70f-37d1-4e40-b521-89459124863d	Cell		Positive	Annotation	Polygon	402.07	2543.7	9.7331	16.588	0.4445	7.9272	1.6196	NaN	23.32	1166	19.4164	56	0	56	124.34	6217	36.3821	184	57	127	24.78	1239	20.3423	62	0	62	94.4318	51.0404	0.4555	24.0143	4.9701	NaN	3.5721	9.5873	56	0	26.7598	37.7896	184	1	2.9017	10.1814	62	0	1.152	2.0102	11	0	14.8015	11.4459	69	1	0.2206	0.752	5	0	0.0978	3	327.3574	280.3819	533.8724	167.8177	17630.2617	18589.0137
71_16_FITC.tif	e5aa9c57-06aa-4b24-90c2-23276253bb18	Cell		Positive	Annotation	Polygon	583.1	2041.7	5.7984	12.9492	0.4345	6.1249	1.4696	NaN	6.3824	217	6.2958	20	0	20	61.8824	2104	17.9321	90	26	64	6.1765	210	6.3935	20	0	20	87.1838	48.435	0.467	23.0025	5.1529	NaN	2.2085	3.479	20	0	18.3199	17.5992	90	2	0.8649	2.9174	20	0	1.8428	2.85	18	0	14.5026	11.3223	78	2	0.3995	1.7543	18	0	0.0678	7	743.9966	811.9046	1001.743	383.2326	41275.293	92019.7656
