Image	Object ID	Object type	Name	Classification	Parent	ROI	Centroid X µm	Centroid Y µm	Nucleus: Area	Nucleus: Perimeter	Nucleus: Circularity	Nucleus: Max caliper	Nucleus: Min caliper	Nucleus: Eccentricity	Nucleus: Red mean	Nucleus: Red sum	Nucleus: Red std dev	Nucleus: Red max	Nucleus: Red min	Nucleus: Red range	Nucleus: Green mean	Nucleus: Green sum	Nucleus: Green std dev	Nucleus: Green max	Nucleus: Green min	Nucleus: Green range	Nucleus: Blue mean	Nucleus: Blue sum	Nucleus: Blue std dev	Nucleus: Blue max	Nucleus: Blue min	Nucleus: Blue range	Cell: Area	Cell: Perimeter	Cell: Circularity	Cell: Max caliper	Cell: Min caliper	Cell: Eccentricity	Cell: Red mean	Cell: Red std dev	Cell: Red max	Cell: Red min	Cell: Green mean	Cell: Green std dev	Cell: Green max	Cell: Green min	Cell: Blue mean	Cell: Blue std dev	Cell: Blue max	Cell: Blue min	Cytoplasm: Red mean	Cytoplasm: Red std dev	Cytoplasm: Red max	Cytoplasm: Red min	Cytoplasm: Green mean	Cytoplasm: Green std dev	Cytoplasm: Green max	Cytoplasm: Green min	Cytoplasm: Blue mean	Cytoplasm: Blue std dev	Cytoplasm: Blue max	Cytoplasm: Blue min	Nucleus/Cell area ratio	Delaunay: Num neighbors	Delaunay: Mean distance	Delaunay: Median distance	Delaunay: Max distance	Delaunay: Min distance	Delaunay: Mean triangle area	Delaunay: Max triangle area
71_12_FITC.tif	da25aecb-4ecc-4f81-ad58-0f7bf5422355	Cell		Positive	Annotation	Polygon	301.35	536.99	11.804	16.7771	0.527	7.5756	2.3782	NaN	6.129	380	6.2028	22	0	22	100.3226	6220	18.3757	131	57	74	6.1613	382	6.21	22	0	22	90.083	49.5324	0.4614	23.5936	5.7257	NaN	2.0412	3.7463	22	0	52.2174	27.7666	131	11	1.373	3.4879	22	0	1.3653	2.6188	16	0	44.264	19.9166	114	11	0.5813	1.861	17	0	0.135	7	306.5179	390.651	897.1233	8.5878	17662.3145	111494.9375
71_12_FITC.tif	d33d5d12-0c27-40d1-8423-770a4975a0a8	Cell		Positive	Annotation	Polygon	298.53	547.91	13.6678	24.7031	0.2815	11.0786	1.9569	NaN	2.527	187	3.4925	13	0	13	95.5	7067	15.822	124	58	66	2.3649	175	3.5484	13	0	13	69.5814	52.0916	0.3222	25.4416	4.03	NaN	1.3666	2.5235	13	0	58.9091	25.2405	124	11	0.912	2.1195	13	0	1.0449	2.077	11	0	48.7678	16.4289	92	11	0.5094	1.2396	7	0	0.2095	3	11.3148	12.5938	12.7628	8.5878	6.8973	12.3179
71_12_FITC.tif	6bd1f2a3-5c08-4511-b883-de65ad511da8	Cell		Positive	Annotation	Polygon	296.67	561.93	12.4252	25.7138	0.2361	12.0967	1.7959	NaN	4.6094	295	6.23	22	0	22	107.0156	6849	25.6016	151	65	86	4.9531	317	6.3557	22	0	22	63.5758	57.1885	0.2443	27.709	3.7811	NaN	1.3802	3.4547	22	0	61.3387	30.3165	151	12	1.3291	3.5802	22	0	0.5502	1.3314	10	0	49.5984	17.6906	103	12	0.3976	1.2662	10	0	0.1959	7	661.0346	878.5051	1819.4811	1.9563	52090.8555	218273.0625
71_12_FITC.tif	f4310c10-e374-47a8-b016-49ed956107f5	Cell		Positive	Annotation	Polygon	293.75	558.33	11.3898	21.8018	0.3011	10.531	1.8799	NaN	5.9828	347	7.1659	22	0	22	111.9138	6491	23.5776	150	65	85	7.4655	433	7.5561	24	0	24	72.4806	55.4199	0.2966	27.0115	3.6864	NaN	2.6781	4.1757	22	0	51.8547	34.2234	150	7	1.5043	4.1479	24	0	2.0239	2.8769	12	0	39.9659	20.9062	132	7	0.3242	1.0106	8	0	0.1548	8	642.0958	1003.4889	1037.6299	1.9563	1558.0325	6327.4619
71_12_FITC.tif	a49fb888-a94c-461a-b8c0-1ef2253a3577	Cell		Positive	Annotation	Polygon	647.42	736.51	19.8804	33.6425	0.2207	16.3337	2.0776	NaN	16.4554	1662	14.6591	53	0	53	180.0396	18184	37.9547	236	105	131	17.6535	1783	15.932	63	0	63	88.8405	53.0606	0.3965	25.0087	5.745	NaN	4.8588	9.845	53	0	74.4745	70.7439	236	6	4.4213	10.6889	63	0	1.3202	2.7842	15	0	42.2628	40.6009	209	6	0.3837	1.5377	17	0	0.2281	5	105.0805	18.547	401.5938	13.8713	818.4106	2965.1135
71_12_FITC.tif	090876b1-86b0-42de-a9bf-4a733414e8fa	Cell		Positive	Annotation	Polygon	630.45	748.89	11.3898	17.8538	0.449	8.1272	2.4178	NaN	7.2881	430	7.4673	25	0	25	74.5763	4400	22.8678	107	22	85	8.6949	513	7.8768	26	0	26	116.3831	53.5683	0.5097	25.0888	6.3939	NaN	1.3292	3.5081	25	0	27.0765	19.9182	107	2	1.1886	3.7058	26	0	0.6302	1.6272	13	0	21.505	9.3094	69	2	0.3082	0.8828	5	0	0.1012	4	113.0103	22.7702	390.651	15.85	1948.646	4525.0542
71_12_FITC.tif	c7acd664-1a61-4424-ad8e-01432aac97d1	Cell		Positive	Annotation	Polygon	648.37	758.82	48.2514	52.8956	0.2167	18.9354	3.5341	NaN	8.3249	1973	10.5191	37	0	37	181.0295	42904	27.6273	231	109	122	9.1477	2168	11.102	42	0	42	141.6478	82.1526	0.2637	31.7439	5.8503	NaN	3.362	7.5572	37	0	103.7825	68.2145	231	3	3.6526	8.1349	42	0	0.7366	3.0007	28	0	62.9174	43.3581	222	3	0.7455	3.4222	38	0	0.3433	5	35.2575	26.3112	69.4049	3.2591	230.2719	827.0712
71_12_FITC.tif	5f7b1de7-a15d-4bf1-8b4f-3c86371ce583	Cell		Positive	Annotation	Polygon	644.01	755.44	11.804	20.3949	0.3566	9.6851	1.6305	NaN	4.3443	265	4.1468	15	0	15	163.918	9999	26.9081	209	108	101	5	305	4.8648	18	0	18	71.031	55.6945	0.2878	26.9819	3.4751	NaN	1.2283	2.5486	15	0	82.9364	49.4555	209	18	1.237	2.8674	18	0	0.5614	1.3138	8	0	65.6035	33.2889	182	18	0.4316	1.1382	7	0	0.1642	4	14.6169	14.8606	25.4872	3.2591	91.7684	197.3457
71_12_FITC.tif	b7d86647-43cc-446f-9306-4bd940008400	Cell		Positive	Annotation	Polygon	629.55	775.59	9.3189	17.9654	0.3628	8.0459	1.5669	NaN	11.34	567	10.4229	30	0	30	93.28	4664	25.9301	134	43	91	11.34	567	10.4737	30	0	30	100.4374	52.9784	0.4497	25.0403	5.162	NaN	1.9239	4.858	30	0	28.6523	25.9477	134	2	1.5185	4.8238	30	0	0.844	1.648	8	0	21.2408	11.8234	77	2	0.3922	1.1079	7	0	0.0954	7	234.2867	62.9445	628.4045	25.4872	19133.1328	111494.9375
71_12_FITC.tif	86079355-49e1-4627-ab66-031c6ed707b6	Cell		Positive	Annotation	Polygon	672.45	811.51	13.4607	21.7658	0.357	10.4725	2.0456	NaN	1.8143	127	2.2733	9	0	9	84.3857	5907	13.4943	107	49	58	1.8857	132	2.2749	9	0	9	90.7043	53.4183	0.3994	24.728	5.7387	NaN	1.0839	2.2512	15	0	43.0385	24.819	107	7	0.8481	2.0587	17	0	0.9461	2.2233	15	0	35.2372	17.7229	92	7	0.6523	1.9578	17	0	0.1457	4	154.991	69.3405	473.7535	7.5294	179.9433	278.1994
71_12_FITC.tif	7fffcad7-7e88-472c-96d1-bb0c9662d225	Cell		Positive	Annotation	Polygon	673.32	824.79	2.278	10.3245	0.2685	4.967	0.7357	NaN	2	26	2.8577	10	0	10	81.0769	1054	8.2205	95	68	27	2.7692	36	3.0319	9	0	9	37.4828	30.6216	0.5023	14.1392	3.3856	NaN	1.5191	2.4379	10	0	58.9945	12.4325	95	29	1.0383	2.0738	9	0	1.4824	2.4086	9	0	57.3059	11.0127	80	29	0.9059	1.9315	9	0	0.0525	7	307.104	425.3026	626.9336	7.5294	9913.4346	36345.8867
71_12_FITC.tif	8e54d3a7-9a6b-4ef1-a595-35f83ca55880	Cell		Positive	Annotation	Polygon	592.55	1238.9	12.0111	20.6452	0.3541	8.1057	2.2595	NaN	3.2698	206	3.6109	14	0	14	75.3651	4748	15.4745	104	42	62	3.1905	201	3.6538	14	0	14	114.9335	54.3238	0.4894	25.0566	5.5914	NaN	0.9694	2.0217	14	0	35.8543	19.5211	104	4	0.6565	1.8225	14	0	0.6755	1.4844	9	0	30.8053	13.2004	79	4	0.3327	1.0663	9	0	0.1084	6	273.9184	213.0768	464.6982	162.1739	6667.4077	15690.1953
71_12_FITC.tif	40b46a7d-a0be-4feb-9fbb-cbf9680f16f3	Cell		Positive	Annotation	Polygon	771.24	1272.3	16.3599	33.4165	0.1841	16.1797	1.4827	NaN	9.5476	802	8.9313	33	0	33	132.75	11151	19.3334	161	74	87	9.9405	835	9.0011	35	0	35	92.5681	53.9185	0.4001	25.9243	4.8785	NaN	2.2151	5.4144	33	0	56.9268	43.4119	161	6	2.0976	5.5337	35	0	0.5368	1.6704	14	0	39.5722	24.7159	151	6	0.3025	1.3883	14	0	0.1781	7	158.5366	33.3162	473.7535	11.4846	820.7806	5275.0532
71_12_FITC.tif	2c78cd6c-8f9a-43e8-84de-fea1bfb20c44	Cell		Positive	Annotation	Polygon	771.61	1288.7	11.804	20.0213	0.37	8.6371	2.4354	NaN	2.8689	175	3.6445	13	0	13	133.0328	8115	21.9324	164	84	80	3.4426	210	4.2954	17	0	17	53.8427	50.4211	0.2661	19.0334	5.6544	NaN	1.1698	2.6424	14	0	67.7811	45.273	164	4	1.0566	2.6559	17	0	0.6618	2.007	14	0	48.2696	29.3489	145	4	0.3431	1.2237	9	0	0.2175	4	23.1176	11.3471	63.8527	5.9236	29.2553	81.7253
71_12_FITC.tif	01cd2d57-0bca-4416-9d09-3bfff03a377c	Cell		Positive	Annotation	Polygon	771.09	1297.7	7.2481	15.8697	0.3617	6.8729	1.5247	NaN	3	111	4.4159	16	0	16	145.2162	5373	16.0972	172	115	57	3.7568	139	4.6631	15	0	15	21.5371	30.8473	0.2844	14.9994	1.7575	NaN	1.3491	3.0862	16	0	103.4717	41.4667	172	30	1.7547	3.4855	15	0	0.4638	1.451	7	0	81.087	32.5774	149	30	0.6812	1.974	10	0	0.3366	3	23.0843	5.9236	58.0114	5.3178	27.2418	49.3962
71_12_FITC.tif	d31125bf-1016-4c11-9cab-7a953b110e99	Cell		Positive	Annotation	Polygon	769.2	1299.7	19.052	27.8622	0.3084	13.5901	2.045	NaN	2.5745	242	3.7287	18	0	18	153.9362	14470	20.7726	186	97	89	3.266	307	3.7017	18	0	18	56.5349	56.5497	0.2222	27.8215	2.8393	NaN	1.0975	2.6088	18	0	90.3791	53.3278	186	9	1.2419	2.6545	18	0	0.3388	1.2292	10	0	57.7322	30.5639	169	9	0.2022	0.6935	4	0	0.3328	7	17.7243	11.2096	53.0011	5.3178	49.0421	126.6682
71_12_FITC.tif	29368b2f-6eff-42e4-92b5-446bad39bb28	Cell		Positive	Annotation	Polygon	767.65	1308.3	27.1284	29.96	0.3798	14.3521	2.5796	NaN	0.8519	115	1.2126	6	0	6	159.5037	21533	21.2799	186	85	101	1.1926	161	1.4273	6	0	6	58.3986	56.4934	0.2299	27.7396	3.5392	NaN	0.8112	1.5781	11	0	115.7552	51.7767	186	20	0.8881	1.5587	11	0	0.7748	1.8481	11	0	76.6424	37.769	174	20	0.6159	1.6242	11	0	0.4577	4	7.4386	7.1991	11.2588	4.0975	9.3408	10.4569
71_12_FITC.tif	acf934aa-e395-4e83-8942-5f7785a51029	Cell		Positive	Annotation	Polygon	754.18	1305.9	13.4607	24.5255	0.2812	11.9521	1.6978	NaN	13.7571	963	15.5577	62	0	62	125.0857	8756	34.0816	188	56	132	14.1857	993	16.0969	63	0	63	111.6201	58.8499	0.405	28.0392	5.1772	NaN	2.75	7.2921	62	0	40.1352	38.2263	188	2	2.05	7.4699	63	0	1.1106	2.1738	12	0	27.483	16.46	91	2	0.2426	0.8668	8	0	0.1258	10	208.6416	120.0253	491.2953	11.4304	7474.8735	36345.8867
71_12_FITC.tif	a150c4d1-e89a-4fbf-b9cd-a25b7e9cf960	Cell		Positive	Annotation	Polygon	764.82	1299.9	5.3843	10.9479	0.5645	4.9753	1.4137	NaN	3.7037	100	4.2861	16	0	16	149.8148	4045	16.3919	168	111	57	3.7037	100	4.3129	16	0	16	29.8206	27.9079	0.4811	13.0237	3.0754	NaN	1.2993	2.67	16	0	89.619	42.4703	168	25	1.1224	2.5479	16	0	0.7583	1.768	10	0	76.075	33.8695	167	25	0.5417	1.4313	9	0	0.1602	5	11.5605	9.9578	26.9534	4.0975	50.9924	140.4794
71_12_FITC.tif	199f7abf-1116-4375-859e-2d8d0e76c5f2	Cell		Positive	Annotation	Polygon	764.03	1314.9	16.1528	25.572	0.3104	12.3641	1.8096	NaN	1.3214	111	1.6586	5	0	5	154.9762	13018	19.8361	184	111	73	1.9286	162	2.0814	7	0	7	61.9191	50.2486	0.3082	24.3249	3.7308	NaN	1.2013	1.9873	8	0	104.4984	40.136	184	34	0.868	1.7135	8	0	1.1553	2.1015	8	0	85.137	26.8965	180	34	0.4612	1.3485	8	0	0.2629	4	8.7339	8.3355	13.183	5.0817	24.1208	55.1607
71_12_FITC.tif	289c7a1e-feb1-4878-ba1b-18b4415e9ee2	Cell		Positive	Annotation	Polygon	766.52	1322.4	3.5205	11.249	0.3496	5.3737	0.7705	NaN	0.8889	16	1.4096	4	0	4	108.9444	1961	11.311	126	91	35	0.7222	13	1.3198	4	0	4	27.9568	29.7865	0.396	14.0281	2.73	NaN	1.4173	2.3464	10	0	72.9928	20.753	133	42	0.5108	1.2299	6	0	1.4959	2.4499	10	0	67.6446	15.9514	133	42	0.4793	1.2186	6	0	0.0981	5	17.5359	17.3957	35.0599	5.0817	63.7358	153.79
71_12_FITC.tif	920b4b0a-038b-4abe-8881-2e59bca531e0	Cell		Positive	Annotation	Polygon	774.56	1352.1	7.4551	15.6659	0.3817	7.5347	1.3399	NaN	13.8947	528	11.3156	35	0	35	85.2895	3241	21.7453	122	50	72	13.7895	524	11.2926	35	0	35	86.9767	50.3431	0.4313	24.0063	4.763	NaN	1.8266	5.2799	35	0	19.7007	23.6088	122	1	1.4371	5.1869	35	0	0.6292	1.5241	9	0	13.1932	9.8299	61	1	0.2115	0.7377	7	0	0.081	7	110.136	58.0114	434.8623	35.0599	789.2818	5839.292
71_12_FITC.tif	98bcd905-d1ae-4d94-8ac8-c79b905d2161	Cell		Positive	Annotation	Polygon	556.93	1393	6.8339	16.3015	0.3232	7.9117	1.4899	NaN	2.9211	111	3.8791	16	0	16	86.5789	3290	15.7474	112	56	56	2.8421	108	3.956	17	0	17	47.2159	37.3357	0.4256	17.8349	3.4758	NaN	0.821	2.1741	16	0	45.4323	25.1952	112	19	0.6463	2.1072	17	0	0.4031	1.2977	10	0	37.2461	17.5354	103	19	0.2094	1.0603	10	0	0.1426	5	75.9323	75.7275	162.1739	3.5092	1490.005	4971.0063
71_12_FITC.tif	227bc173-9659-4273-805c-efba53b68993	Cell		Positive	Annotation	Polygon	553.41	1396.2	8.2835	18.0653	0.319	7.943	1.6844	NaN	4.0682	179	5.517	22	0	22	99.3636	4372	21.0615	133	55	78	4.0227	177	5.4666	22	0	22	50.3222	38.8788	0.4184	17.2334	3.7276	NaN	1.1992	2.9369	22	0	46.1667	33.0842	133	9	0.9065	2.7942	22	0	0.5743	1.3446	7	0	34.5792	22.0194	117	9	0.2277	0.7314	4	0	0.1598	7	369.7722	165.182	897.1233	3.5092	17614.9844	111494.9375
71_12_FITC.tif	4e7c930f-e13f-420e-a371-9126b3f4bbd2	Cell		Positive	Annotation	Polygon	556.36	1411.2	27.1284	36.7772	0.252	14.258	3.6548	NaN	2.0074	271	3.9313	25	0	25	108.6741	14671	22.9424	140	51	89	2.6222	354	5.0915	29	0	29	109.9634	59.3565	0.3922	24.0808	6.662	NaN	1.3159	2.7443	25	0	59.9607	35.2336	140	17	0.9607	2.9433	29	0	1.0825	2.1616	13	0	43.52	20.268	117	17	0.4	1.2803	13	0	0.245	5	54.6524	9.9203	134.6575	2.0916	129.1317	284.2783
71_12_FITC.tif	093883f1-91de-4e1b-8a2b-e180e3175461	Cell		Positive	Annotation	Polygon	553.08	1408.6	2.8992	9.263	0.4246	4.4504	0.937	NaN	2.0588	35	3.0917	11	0	11	89.2941	1518	12.5637	105	68	37	2	34	3.1024	11	0	11	17.8095	20.0643	0.5559	9.3957	2.5658	NaN	0.8333	1.8618	11	0	50.6889	23.5313	105	26	0.5444	1.6771	11	0	0.5479	1.3128	6	0	41.6986	14.6815	92	26	0.2055	0.8492	6	0	0.1478	7	535.9174	739.1213	999.8074	2.0916	41836.0195	191752.5312
71_12_FITC.tif	a4e774be-b617-4ad1-bf82-9efd28703490	Cell		Positive	Annotation	Polygon	605.45	1481.3	3.9347	11.7502	0.3581	5.324	0.9458	NaN	1.2273	27	1.9744	8	0	8	117.6818	2589	5.5239	130	109	21	1.2727	28	1.9562	8	0	8	40.1749	38.6897	0.3373	18.7596	3.505	NaN	0.9031	1.9835	14	0	84.9694	26.2217	130	30	0.8112	1.9664	14	0	0.8621	1.9865	14	0	80.8333	24.8601	121	30	0.7529	1.9656	14	0	0.0895	4	44.7721	29.5289	113.5275	6.5032	439.434	1493.9403
71_12_FITC.tif	17242c85-b60b-4480-a3d4-957dddf8cc9f	Cell		Positive	Annotation	Polygon	106.08	1540.4	67.3034	63.4176	0.2103	21.3196	5.7536	NaN	3.9699	1318	5.5173	33	0	33	140.1416	46527	18.9319	186	97	89	1.262	419	2.0301	11	0	11	235.8725	81.4919	0.4463	38.0227	8.4572	NaN	3.906	5.4622	33	0	92.1986	41.2036	186	11	0.9517	2.4355	27	0	3.8797	5.4426	28	0	72.4504	30.2012	163	11	0.8238	2.5744	27	0	0.2883	3	345.2607	26.7381	999.6377	9.4062	2109.1541	3521.5586
71_12_FITC.tif	08698e21-626c-487e-9ab2-975c787cae41	Cell		Positive	Annotation	Polygon	110.9	1549.8	4.5559	12.2649	0.3806	5.8732	1.1762	NaN	3.6154	94	3.488	11	0	11	113	2938	9.4446	126	91	35	3.5769	93	3.4313	11	0	11	56.5349	45.9839	0.336	22.0127	3.327	NaN	0.9493	2.0318	11	0	75.3188	27.1388	126	19	0.9493	2.0157	11	0	0.672	1.587	10	0	71.4	25.3138	113	19	0.676	1.584	10	0	0.0806	7	536.9139	699.0831	1007.34	9.4062	40518.7812	218273.0625
71_12_FITC.tif	2da4e84b-3f94-4614-b3b1-42e8243c1d56	Cell		Positive	Annotation	Polygon	95.28	1562.6	11.1827	16.6119	0.5092	7.8	1.8386	NaN	8.3704	452	6.9399	28	0	28	149.7222	8085	16.518	175	117	58	6.2222	336	7.2102	28	0	28	67.9247	46.1914	0.4001	21.9165	4.3714	NaN	3.994	5.8925	35	0	79.139	41.2511	175	17	2.0091	5.5062	38	0	3.1408	5.2714	35	0	65.3791	28.5908	159	17	1.1877	4.7029	38	0	0.1532	6	205.9564	30.4044	1025.4551	5.5466	1631.5389	6327.4619
71_12_FITC.tif	55d5ba56-cd31-4ee1-bd08-695b42ee4f6f	Cell		Positive	Annotation	Polygon	93.2	1569.7	8.6977	19.0905	0.2999	9.3197	1.3051	NaN	3.7609	173	3.6343	16	0	16	149.3261	6869	10.8116	167	127	40	3.4783	160	3.7222	16	0	16	38.3112	44.234	0.246	21.7589	2.2955	NaN	2.0529	3.1953	16	0	91.1534	46.1152	167	23	1.3333	2.9965	16	0	1.5035	2.843	16	0	72.4406	36.4635	163	23	0.6434	2.3509	16	0	0.2271	4	267.9381	17.6109	1030.9843	5.5466	119.0725	230.1409
71_12_FITC.tif	ab45393c-6ad1-44fc-a6a3-786b9a0534f5	Cell		Positive	Annotation	Polygon	90.99	1576.9	16.3599	22.1035	0.4208	10.3651	2.3272	NaN	4.5	378	4.0405	18	0	18	155.9762	13102	19.3141	187	101	86	4.5952	386	4.5605	20	0	20	88.2192	55.8752	0.3551	26.8808	4.8347	NaN	3.1282	4.5652	26	0	96.1678	38.1419	187	29	1.2378	2.844	20	0	2.7942	4.6281	26	0	81.6058	25.1776	147	29	0.4203	1.2737	9	0	0.182	4	276.0259	29.9067	1037.6299	6.6605	92.2656	230.1409
71_12_FITC.tif	4727dfb4-597d-41be-bfeb-1d95acceb253	Cell		Positive	Annotation	Polygon	88.95	1598.2	11.3898	26.7632	0.1998	13.1411	1.2915	NaN	4.3934	268	5.2545	20	0	20	142.3279	8682	13.3276	171	119	52	4.3115	263	5.3402	20	0	20	107.2713	61.644	0.3547	30.0001	4.7488	NaN	2.7437	4.2737	21	0	94.0906	33.1556	171	22	1.3468	3.0855	20	0	2.524	4.0824	21	0	87.6659	29.5086	143	22	0.952	2.3912	15	0	0.1094	6	38.0785	31.3159	88.39	16.0908	108.6657	305.9489
71_12_FITC.tif	9389a32a-0ef5-463d-a894-e45e06c9db5c	Cell		Positive	Annotation	Polygon	84.23	1610.5	19.4662	32.3769	0.2334	15.9698	1.9599	NaN	3.2041	314	4.4164	21	0	21	161.449	15822	15.2506	188	127	61	2.3265	228	2.7687	13	0	13	97.5382	59.1065	0.3508	28.7185	5.0467	NaN	5.1814	6.8974	38	0	118.5148	35.7893	188	39	1.2975	2.8512	19	0	5.6968	7.3262	38	0	107.3245	30.7922	171	39	1.0293	2.8146	19	0	0.1972	5	20.5844	16.0908	37.8557	12.1072	32.4299	71.6009
71_12_FITC.tif	1f98e066-109c-4c7c-8100-bad26a32b180	Cell		Positive	Annotation	Polygon	81.64	1623.2	22.9867	35.1425	0.2339	16.2949	2.2679	NaN	3.8407	434	4.4231	22	0	22	172.8496	19532	17.8991	207	121	86	4.9381	558	5.5409	24	0	24	64.1971	52.0055	0.2983	25.1405	3.9004	NaN	1.729	3.3834	22	0	111.7161	60.6416	207	20	2.0581	4.1637	24	0	0.5178	1.68	12	0	76.6497	47.1579	176	20	0.4061	1.5043	12	0	0.3615	3	8.7767	12.1072	12.4839	1.7389	9.7498	9.755
71_12_FITC.tif	e21e1a1b-a882-4f8b-afa4-0b2f5d05182a	Cell		Positive	Annotation	Polygon	84.19	1627.8	2.6921	9.9799	0.3397	4.8651	0.718	NaN	0.7857	11	1.3114	4	0	4	142	1988	12.9793	160	121	39	0.6429	9	1.2774	4	0	4	9.7331	18.0931	0.3736	8.5009	1.8118	NaN	0.5094	1.3391	5	0	120.7358	18.4455	160	92	0.1698	0.6999	4	0	0.4103	1.3518	5	0	113.1026	13.4747	152	92	0	0	0	0	0.1986	5	10.8541	11.8251	16.6117	1.7389	13.4177	18.1414
71_12_FITC.tif	99e9591d-f048-4b69-b5ba-8e1e590a3f03	Cell		Positive	Annotation	Polygon	80.26	1638.3	13.4607	22.3075	0.3399	10.8117	1.9417	NaN	3.971	274	4.9169	21	0	21	151.7681	10472	15.9375	179	112	67	4.2464	293	4.945	21	0	21	60.0553	48.6896	0.3183	23.246	3.9789	NaN	1.3673	3.1266	21	0	81.3265	49.1084	179	14	1.2007	3.0531	21	0	0.5689	1.6491	12	0	59.7244	32.8661	151	14	0.2667	1.0177	8	0	0.226	6	99.2821	33.3836	450.7547	5.4472	322.8192	1528.2577
71_12_FITC.tif	b7443f7c-8528-4bd5-ac19-0b5e43f546c6	Cell		Positive	Annotation	Polygon	86.26	1634.8	11.1827	21.0577	0.3169	9.9878	1.7386	NaN	3.6167	217	4.8436	21	0	21	167.65	10059	19.0671	199	127	72	3.7333	224	4.7188	21	0	21	60.2624	42.2829	0.4236	20.0019	4.0704	NaN	1.3878	2.9267	21	0	114.7075	41.4834	199	36	1.4558	2.9192	21	0	0.8162	1.7954	12	0	101.1325	34.1337	179	36	0.8718	1.8439	12	0	0.1972	6	23.2914	17.6154	49.5446	5.9258	62.6345	217.7968
71_12_FITC.tif	81cdd6de-9b5c-4e68-b822-c95f3a3a23e2	Cell		Positive	Annotation	Polygon	82.9	1647.2	14.7032	26.7261	0.2587	13.0061	1.6536	NaN	4.9324	365	7.6146	31	0	31	179.527	13285	25.7215	217	113	104	6.0946	451	8.2365	34	0	34	46.8017	50.2409	0.233	24.147	3.0384	NaN	1.917	4.9023	31	0	120.3493	53.5246	217	31	2.2402	5.5043	34	0	0.4774	1.2809	9	0	92.0968	37.97	201	31	0.4	1.4665	14	0	0.3012	5	16.2745	5.9258	49.0087	4.3793	20.6603	35.0812
71_12_FITC.tif	91f811ef-e207-46ab-9c05-c5317a345004	Cell		Positive	Annotation	Polygon	85.48	1650.5	7.4551	12.8064	0.5712	5.9825	1.6189	NaN	5.0526	192	6.0803	22	0	22	176.8684	6721	19.6719	203	127	76	5.3947	205	6.074	22	0	22	38.7253	31.3715	0.4945	14.0183	3.5048	NaN	1.6737	3.4776	22	0	120.2737	35.9087	203	53	1.9211	3.8213	22	0	0.8289	1.5771	7	0	106.125	22.6176	174	53	1.0526	2.3326	15	0	0.1777	4	24.732	24.8957	44.7573	4.3793	39.5493	76.6276
71_12_FITC.tif	f9792f14-e716-4fee-bcee-5602360bbe48	Cell		Positive	Annotation	Polygon	92.29	1685.6	13.2536	27.9165	0.2137	13.515	1.8157	NaN	2.0145	139	2.2977	9	0	9	148.0725	10217	10.8591	168	126	42	2.1014	145	2.3711	9	0	9	109.3421	62.654	0.35	30.0448	5.0329	NaN	1.1902	2.4347	16	0	111.049	26.4875	168	34	1.177	2.4307	16	0	1.0671	2.433	16	0	105.5195	23.5245	150	34	1.039	2.4117	16	0	0.13	9	157.1528	88.39	563.2763	5.8629	2326.4583	10160.6367
71_12_FITC.tif	efe3b693-8096-46de-85e5-815ac2fb617c	Cell		Positive	Annotation	Polygon	88.73	1689.3	4.3488	12.6011	0.3442	6.0059	0.9842	NaN	1.12	28	2.0478	9	0	9	144.96	3624	7.8607	159	131	28	1.08	27	2.0191	9	0	9	45.1451	38.1133	0.3905	16.9324	3.9247	NaN	0.7339	1.6073	12	0	119.8257	20.4251	159	46	0.7569	1.6152	11	0	0.6839	1.5406	12	0	116.5699	19.258	152	46	0.715	1.5568	11	0	0.095	5	32.115	44.7573	54.2832	5.8629	33.8632	76.6276
71_12_FITC.tif	82d476d3-2b9b-4baf-9e20-19faa68632f2	Cell		Positive	Annotation	Polygon	89.43	1701.8	2.6921	9.7491	0.3559	4.6797	0.8618	NaN	1.2222	22	2.0163	7	0	7	149.4444	2690	5.2493	158	139	19	1.9444	35	2.5776	8	0	8	41.8316	30.1087	0.5799	13.3385	4.1942	NaN	1.1171	2.4527	17	0	118.8195	25.1182	158	39	1.2927	2.5881	17	0	1.107	2.495	17	0	115.8717	24.2891	153	39	1.2299	2.5873	17	0	0.0629	5	170.5546	60.8987	390.2936	6.6631	458.5296	1528.2577
71_12_FITC.tif	a9af0b16-9926-4cba-99cc-00d8f6cb8fb2	Cell		Positive	Annotation	Polygon	92.01	2080.8	58.1916	61.264	0.1948	29.4188	3.152	NaN	14.7213	4225	17.4181	87	0	87	175.0697	50245	45.0506	243	47	196	16.5575	4752	19.2892	91	0	91	224.4827	98.4378	0.2911	46.1791	7.4151	NaN	5.2129	10.92	87	0	69.8608	71.548	243	0	4.5401	12.2746	91	0	1.7932	3.0087	17	0	32.0226	28.5443	142	0	0.218	0.8338	7	0	0.2615	4	239.7646	278.491	394.5782	7.4983	2789.2939	10160.6367
71_12_FITC.tif	8bb413ab-8d32-441d-8fe8-6d5c7ffe995b	Cell		Positive	Annotation	Polygon	90.27	2090.9	0.8283	5.6074	0.3311	2.7419	0.3816	NaN	0.4	2	0.8944	2	0	2	77.8	389	10.616	92	67	25	0.4	2	0.8944	2	0	2	21.7442	26.8401	0.3793	12.965	2.2733	NaN	1.3585	2.2432	9	0	30.2453	20.556	96	4	0.2264	0.6216	3	0	1.4059	2.2811	9	0	27.8911	17.9025	96	4	0.2178	0.61	3	0	0.0255	4	253.9628	278.7992	450.7547	7.4983	657.5889	1528.2577
71_12_FITC.tif	c09b08c4-57b8-4bbf-abf4-fe6d7280865c	Cell		Positive	Annotation	Polygon	143.16	2247.4	9.526	19.5972	0.3117	9.2965	1.6335	NaN	6.6078	337	7.1444	29	0	29	64.1765	3273	17.5894	100	34	66	7.3137	373	7.8575	32	0	32	101.4728	54.4683	0.4298	26.0031	5.1742	NaN	1.8758	3.6448	29	0	18.1711	18.919	100	1	0.9919	3.3921	32	0	1.3273	2.4721	17	0	12.8386	9.4813	58	1	0.2591	0.7936	5	0	0.0937	5	377.5197	283.8053	699.0831	167.3048	26315.9727	86205.0547
71_12_FITC.tif	7124491b-18a3-44c6-b2e8-03d3403ebd7f	Cell		Positive	Annotation	Polygon	396.16	2376	7.041	13.5	0.4855	6.0296	1.2425	NaN	14.7222	530	9.294	35	0	35	59.5833	2145	9.5749	83	45	38	14.6389	527	9.3141	35	0	35	85.7342	47.6797	0.4739	22.0441	4.5559	NaN	2.2452	5.0661	35	0	11.4375	15.5213	83	0	1.6154	4.9466	35	0	1.0632	1.9844	12	0	6.8763	3.78	22	0	0.3816	1.0697	7	0	0.0685	5	801.2237	874.9952	1819.4811	46.2096	129317.3125	218273.0625
71_12_FITC.tif	67c07028-1092-492b-af86-ba76f6549032	Cell		Positive	Annotation	Polygon	627.69	1446.4	28.5781	27.4049	0.4782	12.0439	3.2572	NaN	1.6389	236	2.598	12	0	12	93.5694	13474	13.6103	117	55	62	1.8125	261	2.7532	12	0	12	157.1793	63.7721	0.4857	29.0351	6.9643	NaN	1.0645	2.0013	12	0	47.9276	30.0744	117	2	0.6105	1.7312	12	0	0.9302	1.8105	11	0	37.2581	21.7113	94	2	0.3295	1.2324	11	0	0.1873	9	174.2721	148.9942	626.9336	22.6156	7519.3584	36345.8867
71_12_FITC.tif	7d824f88-96f7-451c-ac10-72064c6ce8a3	Cell		Positive	Annotation	Polygon	606.43	1452.4	15.7386	26.791	0.2755	10.6215	2.5655	NaN	2.1875	175	2.6913	14	0	14	117.2625	9381	10.6922	135	86	49	2.15	172	2.6582	13	0	13	101.4728	61.9722	0.332	25.7486	6.1582	NaN	1.0857	2.1849	15	0	71.8857	31.9958	135	16	0.8755	2.0769	14	0	0.8707	2.0062	15	0	63.0317	26.8431	121	16	0.6268	1.8474	14	0	0.1572	6	71.4776	51.7138	215.5329	11.5624	1628.3218	4971.0063
71_12_FITC.tif	6053de50-1ac8-4a19-8c20-8c681e895a4f	Cell		Positive	Annotation	Polygon	605.96	1467.7	12.6323	26.6589	0.2234	12.4363	1.6686	NaN	1.5441	105	2.7936	15	0	15	117.4706	7988	9.5924	141	95	46	1.4412	98	2.6338	14	0	14	66.0609	43.5061	0.4386	20.3588	4.931	NaN	0.8272	1.9019	15	0	88.6358	24.3675	141	40	0.8488	1.8451	14	0	0.6367	1.5355	9	0	80.9766	21.1501	122	40	0.6914	1.5398	9	0	0.1946	4	20.0852	19.9962	28.7862	11.5624	76.3536	170.8161
71_12_FITC.tif	fa50a967-be27-494e-b679-48dbe3f978ab	Cell		Positive	Annotation	Polygon	603.77	1490.8	8.4906	17.5974	0.3445	8.4656	1.2301	NaN	2.2619	95	2.9883	10	0	10	113.0952	4750	9.0549	128	92	36	2.3333	98	2.9932	10	0	10	63.5758	46.9064	0.3631	22.5293	4.3772	NaN	1.045	2.2284	15	0	73.2508	23.9271	128	25	0.8457	2.0935	15	0	0.855	2.0272	15	0	67.0297	19.0273	119	25	0.6134	1.816	15	0	0.1214	8	57.3017	42.5658	109.4664	6.5032	212.7553	600.4083
71_12_FITC.tif	156266a6-97a5-42a5-9217-6458d309dd7a	Cell		Positive	Annotation	Polygon	590.5	1517.9	4.763	11.9029	0.4225	5.6586	1.2431	NaN	2.5	65	2.5652	9	0	9	135.3462	3519	11.2248	152	108	44	2.7308	71	2.7358	9	0	9	60.8837	36.586	0.5716	16.153	4.7578	NaN	1.0271	2.4975	15	0	100.6915	21.7017	152	23	1.0237	2.5253	16	0	0.8848	2.4491	15	0	97.342	19.4198	149	23	0.8587	2.4469	16	0	0.076	5	73.4205	68.6379	128.3305	16.3265	583.2802	2118.2593
71_12_FITC.tif	66dff1d6-2e66-4df0-92d7-a3f147c8967a	Cell		Positive	Annotation	Polygon	590.39	1538.9	26.3001	40.5014	0.2015	19.4295	2.2512	NaN	2.5581	330	4.0251	21	0	21	148.4186	19146	19.245	186	107	79	2.8217	364	4.1804	21	0	21	134.1926	64.602	0.4041	30.0366	5.7966	NaN	0.8031	2.183	21	0	96.6969	33.7368	186	39	0.8677	2.3105	21	0	0.3685	1.0031	8	0	83.8906	22.392	149	39	0.3839	1.0859	8	0	0.197	8	137.7769	56.4776	608.043	16.3265	1816.802	10165.21
71_12_FITC.tif	742af665-da0d-4f16-a392-e28068bdbad2	Cell		Positive	Annotation	Polygon	603.14	1576.7	9.526	23.8134	0.2111	11.5973	1.3355	NaN	2.0943	111	2.6694	11	0	11	94.4528	5006	10.8549	116	70	46	2.0943	111	2.6549	11	0	11	64.8184	43.1727	0.437	20.3718	4.6927	NaN	0.7792	1.6406	11	0	59.6467	24.9709	116	15	0.7192	1.5871	11	0	0.5152	1.186	6	0	52.6591	20.8028	103	15	0.4432	1.0842	6	0	0.144	5	34.5109	20.8227	92.0547	6.5785	256.2428	600.4083
71_12_FITC.tif	d26e0c4d-9a7f-4726-aa6b-803e06f2a7bd	Cell		Positive	Annotation	Polygon	600.93	1585.4	2.6921	10.9172	0.2838	5.2883	0.6035	NaN	1.0667	16	1.7099	4	0	4	89.8	1347	6.8264	99	79	20	2	30	2.6458	8	0	8	23.1938	27.8058	0.377	13.5041	2.5526	NaN	0.5789	1.677	11	0	61.6404	18.6605	99	34	0.4912	1.4948	8	0	0.5051	1.6683	11	0	57.3737	15.9716	97	34	0.2626	1.0841	8	0	0.0955	5	15.3408	6.5785	51.4565	2.1577	26.9386	62.3222
71_12_FITC.tif	bd36f5b6-44c5-4ba8-a3c8-aa19de61ba50	Cell		Positive	Annotation	Polygon	633.39	1587.5	10.1473	20.5623	0.3016	9.496	1.4642	NaN	2.9623	157	3.2814	13	0	13	120.0189	6361	12.2388	137	93	44	3.0189	160	3.354	13	0	13	61.712	40.1982	0.4799	19.0156	4.3372	NaN	1.0698	2.1905	13	0	61.2525	41.1709	137	11	1.0199	2.1923	13	0	0.6653	1.6212	12	0	48.6936	33.5831	129	11	0.5927	1.5584	11	0	0.1583	6	36.1474	17.0026	145.1794	8.6871	240.6609	1210.1541
71_12_FITC.tif	004d5134-cc77-447b-b83a-242d87a2d513	Cell		Positive	Annotation	Polygon	604.1	1586.6	0.8283	3.5859	0.8095	1.6757	0.3316	NaN	0.25	1	0.5	1	0	1	93.5	374	3.6968	97	89	8	0.25	1	0.5	1	0	1	3.7276	11.3637	0.3627	5.4778	0.855	NaN	1.4211	3.0969	10	0	80.3684	12.5928	97	49	1.5263	3.0798	10	0	1.7333	3.4323	10	0	76.8667	11.7708	91	49	1.8667	3.3989	10	0	0.1051	4	7.3459	6.2901	14.6456	2.1577	19.6641	39.7029
71_12_FITC.tif	b700bd39-5f7f-4928-a017-fa154141cf18	Cell		Positive	Annotation	Polygon	604.73	1594.2	12.0111	22.059	0.3102	8.8976	2.0284	NaN	3.2787	200	4.0748	17	0	17	111.1475	6780	19.1101	137	62	75	3.2787	200	4.0912	17	0	17	49.701	45.847	0.2971	20.1091	4.1386	NaN	1.4545	2.7238	17	0	61.3595	34.0223	137	21	0.9298	2.5244	17	0	0.8398	1.7003	8	0	44.5801	17.4611	121	21	0.1381	0.6731	6	0	0.2197	5	8.9224	6.2944	16.7573	4.466	21.7857	35.4249
71_12_FITC.tif	c7ffa9fe-15ba-439f-812b-4f8df40a8dcb	Cell		Positive	Annotation	Polygon	601.63	1600.6	11.3898	20.6487	0.3357	9.9616	1.7603	NaN	2.0169	119	2.7946	11	0	11	111.7627	6594	17.9543	140	74	66	2.1525	127	2.7153	11	0	11	65.2325	43.7348	0.4286	19.5455	4.2152	NaN	1.3386	2.3072	11	0	64.2785	28.2441	140	24	0.7848	1.7758	11	0	1.1829	2.1564	10	0	53.3774	16.4196	129	24	0.4708	1.2961	9	0	0.1814	6	109.5246	16.7324	547.5014	4.466	1248.8488	4270.6328
71_12_FITC.tif	84ec25fe-1899-456e-88f7-4466dde7dd22	Cell		Positive	Annotation	Polygon	614.24	1596.1	12.6323	19.0332	0.4382	8.8672	2.3064	NaN	0.6462	42	0.9088	3	0	3	155.3846	10100	9.2596	170	129	41	2.2769	148	3.204	13	0	13	72.6877	51.8994	0.3391	25.1772	4.1404	NaN	0.6222	1.3553	12	0	119.1591	32.539	170	38	0.9489	2.0402	13	0	0.6167	1.4385	12	0	110.9547	30.2397	156	38	0.6481	1.5231	12	0	0.1773	6	27.7868	13.4266	109.4664	3.0967	132.6974	572.2657
71_12_FITC.tif	00177e7d-4c9f-4c24-a914-306140014f68	Cell		Positive	Annotation	Polygon	617.23	1590.1	2.6921	9.7778	0.3539	4.7309	0.8804	NaN	0.3529	6	0.6063	2	0	2	151.0588	2568	5.2971	160	141	19	0.8235	14	1.5098	6	0	6	24.2292	28.5528	0.3735	13.6871	2.6231	NaN	0.877	1.7888	7	0	127.2377	24.5313	160	68	1.4426	2.4327	10	0	0.9619	1.901	7	0	123.381	24.2501	154	68	1.5429	2.5421	10	0	0.1136	7	57.4532	16.9179	148.9942	3.0967	421.7649	1493.9403
71_12_FITC.tif	69b9d0cb-5d3b-43ce-85f8-6a8020215fd7	Cell		Positive	Annotation	Polygon	635.76	1600.4	14.289	25.8191	0.2694	10.2206	1.9053	NaN	0.4932	36	1.1196	6	0	6	122.0959	8913	6.8782	133	106	27	0.5753	42	1.1657	6	0	6	66.8892	52.6952	0.3027	25.861	3.6585	NaN	0.48	1.216	7	0	94.5938	22.5489	133	27	0.52	1.2585	8	0	0.4762	1.2447	7	0	86.627	18.9488	125	27	0.504	1.2858	8	0	0.213	6	114.5567	81.2466	317.6482	2.0456	5250.1318	20764.4707
71_12_FITC.tif	3fac9656-3b44-4ee9-9220-7b3e6caaee3c	Cell		Positive	Annotation	Polygon	618.48	1596	5.3843	11.5992	0.5029	5.4191	1.2293	NaN	0.5357	15	0.8812	3	0	3	157.5714	4412	5.6005	167	143	24	0.7143	20	0.9372	3	0	3	15.7386	24.8644	0.3199	12.0531	1.6326	NaN	0.4	1.0744	6	0	121.375	37.8376	167	55	0.5125	1.1137	6	0	0.3269	1.1669	6	0	101.8846	33.0826	159	55	0.4038	1.1925	6	0	0.3017	5	7.9703	6.813	17.0872	3.6464	20.2864	57.067
71_12_FITC.tif	c3e10a8a-9a16-4f26-96ff-0b1f12bb9677	Cell		Positive	Annotation	Polygon	631.79	1600.4	4.9701	9.3158	0.7197	3.9049	1.5456	NaN	2.3077	60	2.6798	9	0	9	127.3846	3312	15.4559	147	92	55	2.2692	59	2.6916	9	0	9	24.2292	26.1823	0.4442	11.8557	3.4515	NaN	0.8629	1.8317	9	0	68.7581	41.8476	147	10	0.9194	1.8373	9	0	0.4796	1.3021	9	0	53.2041	31.5176	132	10	0.5612	1.3398	9	0	0.173	4	8.2393	8.1589	14.5938	2.0456	31.8099	60.7688
71_12_FITC.tif	48cb1709-a7a8-43f3-a377-9a88a1ea3280	Cell		Positive	Annotation	Polygon	616.14	1608	6.0055	17.289	0.2525	8.3393	1.017	NaN	1.7576	58	2.3188	9	0	9	156.8788	5177	10.4695	173	127	46	1.9091	63	2.3896	9	0	9	27.3355	34.6257	0.2865	16.7157	2.414	NaN	1.375	2.6665	14	0	106.8309	38.8491	173	53	1.0441	1.9317	9	0	1.2524	2.7679	14	0	90.7961	29.8855	160	53	0.767	1.6815	8	0	0.2183	6	9.2037	7.622	16.7573	1.9225	15.4063	35.4249
71_12_FITC.tif	5b61e667-2c41-4d58-80de-18a8dbe6134e	Cell		Positive	Annotation	Polygon	619.87	1606.7	8.6977	19.4918	0.2877	9.4145	1.3201	NaN	0.6	27	1.0091	4	0	4	147.7333	6648	9.089	161	121	40	0.6444	29	1.0035	4	0	4	58.1916	49.3587	0.3002	23.9132	3.1063	NaN	1.1383	2.5559	16	0	103.7305	34.3239	161	41	1.2021	2.5586	15	0	1.2405	2.7427	16	0	95.3755	30.7908	152	41	1.308	2.7452	15	0	0.1473	6	95.5889	14.3527	516.5769	1.392	684.9054	3576.999
71_12_FITC.tif	256dd381-0c07-4215-a81c-fa604e5f5849	Cell		Positive	Annotation	Polygon	617.76	1610.1	3.5205	11.8738	0.3138	5.7721	0.8013	NaN	0.7368	14	0.9335	3	0	3	151.7368	2883	13.1776	165	118	47	1.1053	21	1.2425	3	0	3	12.4252	29.0043	0.1856	14.1926	1.1361	NaN	0.2154	0.5993	3	0	101.3385	40.5441	165	39	0.3538	0.8372	3	0	0	0	0	0	80.5217	27.441	154	39	0.0435	0.2062	1	0	0.2501	6	180.6547	12.1932	539.637	1.392	1838.6055	6385.0015
71_12_FITC.tif	da1694c5-4d61-436c-a961-e79c551af319	Cell		Positive	Annotation	Polygon	632.83	1612.1	7.4551	17.7279	0.2981	8.4957	1.114	NaN	1.9744	77	3.065	14	0	14	126.5897	4937	10.4169	148	104	44	1.8718	73	2.9663	14	0	14	50.5293	35.8753	0.4934	16.8634	4.2653	NaN	0.951	2.0876	14	0	88.7959	32.9702	148	21	0.9184	2.0409	14	0	0.7573	1.7914	11	0	81.6408	30.8307	128	21	0.7379	1.7667	11	0	0.1394	6	169.3019	102.3559	514.0531	7.266	4129.7607	17208.3301
71_12_FITC.tif	c9b17d4d-2112-4935-8ffc-a91e722cb246	Cell		Positive	Annotation	Polygon	712.33	1782.4	11.804	21.1245	0.3324	10.3335	1.6789	NaN	3.7705	230	5.0543	20	0	20	72.0656	4396	15.8807	105	43	62	3.6557	223	5.0096	20	0	20	105.6146	56.443	0.4166	27.0033	5.3444	NaN	1.0294	2.4815	20	0	30.3072	18.8119	105	5	0.6751	2.1775	20	0	0.6578	1.5561	10	0	24.6467	9.9624	60	5	0.2711	0.8132	6	0	0.1111	4	256.5983	267.7037	478.7887	12.1969	3040.7146	5839.292
71_12_FITC.tif	f941a390-8234-4bd1-bb17-f5725c5eeef9	Cell		Positive	Annotation	Polygon	700.53	1786	10.9756	22.3471	0.2762	10.9252	1.4385	NaN	5	280	5.2328	20	0	20	79.4286	4448	17.271	106	40	66	5.1607	289	5.225	20	0	20	105.2004	58.1564	0.3909	28.0127	4.8656	NaN	1.315	2.9791	20	0	32.0315	21.7536	106	2	1.0059	2.8392	20	0	0.8584	2.1778	15	0	26.1593	13.4944	90	2	0.4912	1.8231	15	0	0.1032	5	195.8914	190.6002	483.3083	12.1969	5596.5903	20764.4707
71_12_FITC.tif	cbe01557-aaa1-4ca6-a241-8190f62d939c	Cell		Positive	Annotation	Polygon	697.66	1882	11.1827	17.064	0.4826	7.2436	2.169	NaN	1.9483	113	2.2118	9	0	9	121.7759	7063	9.4777	139	100	39	1.8793	109	2.2948	9	0	9	106.2358	51.8273	0.497	24.0013	5.5914	NaN	0.8986	1.8396	16	0	88.9844	29.8381	139	17	1.078	2.1079	15	0	0.7648	1.7446	16	0	84.8044	28.9464	127	17	0.9758	2.0633	15	0	0.1062	4	181.991	174.9925	281.8343	96.1445	7091.4224	17208.3301
71_12_FITC.tif	0a104be2-c967-455d-b9a4-982a05ad5e3e	Cell		Positive	Annotation	Polygon	628.75	2121.9	23.1938	36.3565	0.2205	16.2492	2.2792	NaN	3.2288	381	3.4577	16	0	16	79.4322	9373	18.4068	113	38	75	2.9322	346	3.5871	16	0	16	150.5525	69.4381	0.3924	33.0452	5.9478	NaN	1.9519	3.0365	16	0	34.3173	25.1831	113	2	0.7459	1.92	16	0	1.7049	2.8867	14	0	25.5902	14.8767	75	2	0.323	0.9073	6	0	0.1614	6	361.4723	426.4068	516.5901	33.4131	5736.6929	17208.3301
71_12_FITC.tif	62df4a38-2290-4f02-b334-7d4141e8ef81	Cell		Positive	Annotation	Polygon	604.49	2144.3	10.9756	20.2095	0.3377	9.8215	1.5942	NaN	6.0345	350	7.9361	33	0	33	78.6724	4563	22.1988	120	36	84	6.1034	354	7.8532	33	0	33	107.0642	56.2603	0.4251	27.0008	5.1558	NaN	1.1818	3.4011	33	0	30.588	20.7376	120	4	0.8317	3.275	33	0	0.5686	1.3547	7	0	24.512	9.6634	57	4	0.1656	0.6664	6	0	0.1068	6	462.3067	543.5692	739.1213	33.4131	15628.3623	68677.8359
71_12_FITC.tif	e3f37875-1769-4eaf-ae82-08907d44a693	Cell		Positive	Annotation	Polygon	435.69	2400	8.2835	15.2428	0.448	6.4988	1.7529	NaN	5.8444	263	5.0496	22	0	22	68.2	3069	10.7462	92	45	47	4.6222	208	5.2236	22	0	22	93.6035	49.3084	0.4838	23.0205	5.1772	NaN	1.8877	3.2732	22	0	29.8238	17.624	92	2	0.87	2.4627	22	0	1.4523	2.6886	15	0	25.6015	12.333	71	2	0.4572	1.4378	13	0	0.0885	4	422.7255	322.4425	999.8074	46.2096	30290.0176	68677.8359
