Image	Object ID	Object type	Name	Classification	Parent	ROI	Centroid X µm	Centroid Y µm	Nucleus: Area	Nucleus: Perimeter	Nucleus: Circularity	Nucleus: Max caliper	Nucleus: Min caliper	Nucleus: Eccentricity	Nucleus: Red mean	Nucleus: Red sum	Nucleus: Red std dev	Nucleus: Red max	Nucleus: Red min	Nucleus: Red range	Nucleus: Green mean	Nucleus: Green sum	Nucleus: Green std dev	Nucleus: Green max	Nucleus: Green min	Nucleus: Green range	Nucleus: Blue mean	Nucleus: Blue sum	Nucleus: Blue std dev	Nucleus: Blue max	Nucleus: Blue min	Nucleus: Blue range	Cell: Area	Cell: Perimeter	Cell: Circularity	Cell: Max caliper	Cell: Min caliper	Cell: Eccentricity	Cell: Red mean	Cell: Red std dev	Cell: Red max	Cell: Red min	Cell: Green mean	Cell: Green std dev	Cell: Green max	Cell: Green min	Cell: Blue mean	Cell: Blue std dev	Cell: Blue max	Cell: Blue min	Cytoplasm: Red mean	Cytoplasm: Red std dev	Cytoplasm: Red max	Cytoplasm: Red min	Cytoplasm: Green mean	Cytoplasm: Green std dev	Cytoplasm: Green max	Cytoplasm: Green min	Cytoplasm: Blue mean	Cytoplasm: Blue std dev	Cytoplasm: Blue max	Cytoplasm: Blue min	Nucleus/Cell area ratio	Delaunay: Num neighbors	Delaunay: Mean distance	Delaunay: Median distance	Delaunay: Max distance	Delaunay: Min distance	Delaunay: Mean triangle area	Delaunay: Max triangle area
71_10_FITC.tif	90a3a712-15ca-4076-bc08-b527e6e05ef0	Cell		Positive	Annotation	Polygon	328.27	441.47	1.8638	8.5428	0.3209	4.1445	0.7172	NaN	3.9091	43	3.6181	11	0	11	130.7273	1438	9.3284	144	114	30	2.9091	32	4.0362	12	0	12	17.3953	26.6374	0.3081	12.7264	2.2858	NaN	2.6322	3.2138	11	0	77.4253	36.1546	144	18	0.931	2.2088	12	0	2.4474	3.1343	11	0	69.7105	31.7846	137	18	0.6447	1.663	10	0	0.0982	7	44.3333	6.5378	190.3235	2.7123	23.1477	77.6312
71_10_FITC.tif	8ab8c039-9100-4f61-9d27-7f836d0a89e8	Cell		Positive	Annotation	Polygon	330.02	445.89	4.3488	12.821	0.3325	5.9528	1.2173	NaN	2.9167	70	3.8439	13	0	13	119.0417	2857	7.9371	133	104	29	1.7083	41	2.5619	11	0	11	24.0221	28.4949	0.3718	13.7189	2.3932	NaN	4.6134	4.4704	16	0	84.2185	29.7735	133	20	0.8151	1.9914	11	0	5.0421	4.5334	16	0	75.4211	26.6373	132	20	0.5895	1.7655	10	0	0.1727	7	18.2431	6.6509	94.8166	1.627	30.2214	140.2113
71_10_FITC.tif	431aff7d-6264-41ef-9928-da721b884c38	Cell		Positive	Annotation	Polygon	325.64	448.61	4.3488	14.109	0.2745	6.8347	0.828	NaN	1.875	45	2.5076	10	0	10	127.3333	3056	9.3468	143	106	37	1.875	45	2.5249	10	0	10	47.0088	44.6597	0.2962	21.905	2.981	NaN	4.9868	5.3556	20	0	91.0658	24.9742	143	33	1.1798	2.4329	13	0	5.3529	5.4847	20	0	86.799	22.666	137	33	1.098	2.4151	13	0	0.0896	5	161.2979	163.5195	448.6977	3.2151	4142.5312	17248.7441
71_10_FITC.tif	01215ae2-9de7-40ea-9f28-68e203ea0ba9	Cell		Positive	Annotation	Polygon	333.54	453.78	17.3953	28.214	0.2746	13.3992	2.0993	NaN	1.5402	134	2.5372	14	0	14	131.5747	11447	11.4756	157	108	49	1.3563	118	2.5196	14	0	14	95.6744	62.2882	0.3099	29.8941	4.2487	NaN	2.2814	3.4204	18	0	89.9502	28.3789	157	32	0.8961	2.1681	17	0	2.4533	3.5754	18	0	80.2933	21.5843	145	32	0.7893	2.0673	17	0	0.1815	5	40.0875	7.9303	95.2375	1.7104	175.8054	384.7166
71_10_FITC.tif	3c6bc58f-083f-405d-84f9-922b29138b6d	Cell		Positive	Annotation	Polygon	326.81	458.79	4.9701	19.3721	0.1664	9.4176	1.0095	NaN	2.4643	69	2.5601	9	0	9	131.6786	3687	12.4753	152	108	44	1.5	42	2.3805	9	0	9	26.093	36.4799	0.2464	17.8629	2.3904	NaN	5.4538	5.3528	18	0	99.3846	24.6694	152	57	0.5923	1.5132	9	0	6.2745	5.6291	18	0	90.5196	19.1625	147	57	0.3431	1.0577	6	0	0.188	6	78.4161	5.5352	445.0817	0.8056	195.9583	874.681
71_10_FITC.tif	5705e70c-2ec0-44df-a66f-e8826dca0073	Cell		Positive	Annotation	Polygon	328.68	450.43	1.4496	6.2447	0.4671	2.9923	0.552	NaN	3.625	29	5.153	14	0	14	140.75	1126	6.4973	151	131	20	4.75	38	5.4182	13	0	13	2.278	8.5044	0.3958	4.1025	0.7968	NaN	2.3846	4.2922	14	0	134.3846	11.2956	151	109	4.0769	4.591	13	0	0.4	0.8944	2	0	124.2	9.9096	134	109	3	3.0822	7	0	0.509	4	3.8756	3.3776	7.1201	1.627	2.6501	3.8567
71_10_FITC.tif	42200298-68f3-4303-8d13-4f09a4efb6e9	Cell		Positive	Annotation	Polygon	328.09	453.63	1.8638	6.0393	0.6421	2.8471	0.7079	NaN	2.8	28	4.1312	13	0	13	147.1	1471	5.8205	157	139	18	2.8	28	4.4672	14	0	14	2.8992	8.9111	0.4588	4.3038	0.937	NaN	1.875	3.4424	13	0	143.4375	7.7715	157	128	1.8125	3.7098	14	0	0.3333	0.5164	1	0	137.3333	6.9762	146	128	0.1667	0.4082	1	0	0.5411	4	3.6907	3.647	6.6633	0.8056	2.1817	2.7949
71_10_FITC.tif	b1ce7fad-a1af-41f0-8c14-165f336df8b7	Cell		Positive	Annotation	Polygon	330.71	457.56	11.3898	17.4705	0.4689	7.9767	2.0428	NaN	2.1754	124	2.9588	15	0	15	156.8947	8943	9.6616	177	130	47	2.1053	120	2.9561	15	0	15	15.5316	23.7858	0.345	10.4667	2.1508	NaN	2.8333	4.5339	21	0	151.0385	14.2914	177	113	1.6154	2.6737	15	0	4.619	7.0744	21	0	135.1429	12.7251	160	113	0.2857	0.7171	3	0	0.7281	5	4.8668	5.1091	8.4447	1.6478	4.8903	6.9055
71_10_FITC.tif	950f586e-acb1-4ea1-a25d-6758f1abd084	Cell		Positive	Annotation	Polygon	331.53	452.78	0.6213	4.8022	0.3385	2.2748	0.4586	NaN	0.8333	5	1.3292	3	0	3	136.5	819	6.253	142	125	17	0.8333	5	1.3292	3	0	3	3.5205	10.9247	0.3707	5.2848	0.9259	NaN	1.2632	1.8512	5	0	127.8947	11.5609	144	106	0.8947	1.6294	5	0	1.4615	2.0662	5	0	123.9231	11.4051	144	106	0.9231	1.801	5	0	0.2012	4	4.8949	4.4908	8.8875	1.7104	4.4355	6.4022
71_10_FITC.tif	bafc4c5d-99b0-4296-8e00-fc211cddaf1e	Cell		Positive	Annotation	Polygon	328.53	461.89	4.763	18.308	0.1786	9.0374	0.892	NaN	0.75	21	1.0758	3	0	3	134.2857	3760	11.7185	147	109	38	0.5357	15	0.9616	3	0	3	19.8804	35.3728	0.1997	17.4816	1.6478	NaN	2.6139	3.7121	16	0	108.2772	25.1869	147	67	0.5149	1.677	13	0	3.3288	4.103	16	0	98.3014	21.5785	144	67	0.5068	1.8865	13	0	0.2463	6	5.1725	4.8804	8.4042	1.6478	3.6579	6.9055
71_10_FITC.tif	adf8f3af-43a6-4074-9c99-3c2263d77a1a	Cell		Positive	Annotation	Polygon	329.72	467.59	1.4496	8.1189	0.2764	3.9854	0.482	NaN	2	18	2.3979	6	0	6	126.3333	1137	9.0692	137	111	26	1.5556	14	2.4552	7	0	7	15.9457	25.4884	0.3084	12.3564	1.9611	NaN	5.775	4.5143	15	0	89.9875	21.8374	137	56	0.75	2.0469	11	0	6.2535	4.5031	15	0	85.3803	18.3687	123	56	0.6479	1.9864	11	0	0.0842	6	150.0471	7.4628	442.6706	1.2554	249.5316	874.681
71_10_FITC.tif	f5854392-a4f4-4b2c-b4ba-14eb68e000e5	Cell		Positive	Annotation	Polygon	331.3	467.19	0.4142	3.9685	0.3305	1.9126	0.3122	NaN	4.5	18	3	8	2	6	125.5	502	8.1035	133	114	19	1	4	1.1547	2	0	2	10.3544	21.2958	0.2869	10.3404	1.3244	NaN	8.0556	4.9389	22	0	88.6111	17.9437	133	59	0.6296	1.815	9	0	8.34	4.9718	22	0	85.66	14.9756	122	59	0.6	1.8626	9	0	0.0324	6	93.0769	8.4089	442.9098	1.2554	3221.8457	18698.9414
71_10_FITC.tif	bbcce039-2ca5-4767-82cd-c99c09cf9674	Cell		Positive	Annotation	Polygon	407.95	499.32	4.5559	11.9636	0.4	5.4516	1.1383	NaN	1.6957	39	3.4303	15	0	15	174.913	4023	10.8833	193	158	35	1.913	44	3.2321	14	0	14	43.6954	37.8979	0.3823	18.0836	3.2202	NaN	2.3491	4.2125	24	0	102.8349	54.3174	193	5	2.4575	4.2808	24	0	2.4286	4.2989	24	0	94.0635	50.8383	187	5	2.5238	4.3936	24	0	0.0906	7	43.2	10.4937	97.3179	1.8358	84.0215	384.7166
71_10_FITC.tif	3cc3b32c-7ea0-450b-b69a-23ae23f18060	Cell		Positive	Annotation	Polygon	410.35	497.97	4.763	15.07	0.2636	7.423	0.9121	NaN	3.3333	80	5.2475	21	0	21	184.75	4434	14.1889	204	147	57	3.7917	91	5.2666	21	0	21	20.0875	33.0238	0.2315	16.0202	2.2026	NaN	1.4854	3.4891	21	0	115.1165	57.303	204	12	2.0388	3.7987	21	0	0.9241	2.5358	15	0	93.962	47.8479	195	12	1.5063	3.0754	15	0	0.2177	3	2.4814	1.8358	4.1425	1.4659	1.4806	2.2312
71_10_FITC.tif	741a5be7-68ab-44ea-92ea-b4f0049504a5	Cell		Positive	Annotation	Polygon	411.79	502.54	2.278	7.6949	0.4834	3.6224	0.8534	NaN	3.2857	46	5.9798	20	0	20	178.8571	2504	9.9526	195	163	32	3.2857	46	5.6898	19	0	19	17.3953	22.3292	0.4384	10.0425	2.6391	NaN	2.2529	4.4072	20	0	112.7701	48.4667	195	28	2.2414	4.4013	20	0	2.0548	4.0616	20	0	100.0959	42.14	172	28	2.0411	4.1279	20	0	0.1096	6	30.4287	4.4105	156.2838	1.4659	102.2888	604.5426
71_10_FITC.tif	f6ef218c-bfef-4cdf-b209-097b813022a4	Cell		Positive	Annotation	Polygon	409.97	507.42	1.4496	5.3407	0.6386	2.5283	0.5789	NaN	9.5714	67	8.1824	23	1	22	201	1407	7.1647	210	192	18	9.8571	69	7.9462	23	1	22	2.485	8.2128	0.463	3.8996	0.8931	NaN	6.8571	7.0912	23	0	197.0714	9.0932	210	178	7.5	6.9143	23	0	4.1429	4.9809	11	0	193.1429	9.5817	204	178	5.1429	5.2418	12	0	0.4037	6	4.6512	4.5776	7.2808	2.5202	3.2549	6.0311
71_10_FITC.tif	d3d3eb97-2223-4626-affe-d3ac92d3524b	Cell		Positive	Annotation	Polygon	411.47	510.02	2.278	8.5599	0.3907	4.1011	0.7661	NaN	1.4615	19	2.0662	8	0	8	189.1538	2459	4.8793	199	182	17	2.1538	28	3.1317	10	0	10	11.804	14.3811	0.7172	6.0657	2.4762	NaN	0.8689	1.8209	8	0	159.5738	31.5523	199	85	1.4098	2.7287	12	0	0.7083	1.7377	8	0	151.5625	30.9398	190	85	1.2083	2.609	12	0	0.1674	4	5.0633	5.2376	7.2577	2.5202	2.1871	3.3398
71_10_FITC.tif	ec058e83-0b6f-42de-ab50-8d4e7546e2fa	Cell		Positive	Annotation	Polygon	408.01	515.45	5.1772	17.3397	0.2164	8.3954	1.1918	NaN	5.3793	156	9.2983	34	0	34	185.3448	5375	15.7939	215	164	51	5.6207	163	9.1668	33	0	33	37.897	36.9776	0.3483	17.6497	3.0545	NaN	2.0806	4.934	34	0	155.3602	24.0107	215	107	3.2473	5.7688	33	0	1.4713	3.31	18	0	149.8217	20.9977	193	107	2.8089	4.8107	27	0	0.1351	6	103.2919	51.4316	414.1576	2.4805	3293.5217	18698.9414
71_10_FITC.tif	3f08f7b6-dbb6-49e7-8702-84eb821ff3db	Cell		Positive	Annotation	Polygon	409.54	518.1	1.8638	8.8955	0.296	4.369	0.5632	NaN	1	11	2.0494	7	0	7	185.6364	2042	5.5906	197	179	18	1.5455	17	2.77	8	0	8	8.4906	24.077	0.1841	11.852	0.9852	NaN	0.7111	1.5019	7	0	172.7333	14.2309	197	132	1.8	2.4458	8	0	0.6176	1.303	5	0	168.5588	13.6785	185	132	1.8824	2.3711	7	0	0.2136	5	85.9008	4.9503	412.2278	2.4805	137.054	354.0788
71_10_FITC.tif	9411dc52-a839-4fed-bb82-fc329aff5895	Cell		Positive	Annotation	Polygon	411.33	520	2.485	7.5933	0.5416	3.6308	0.7589	NaN	2.7692	36	4.4188	15	0	15	184.2308	2395	7.2359	196	174	22	5.8462	76	4.7757	15	0	15	33.3411	30.0024	0.4655	14.0517	2.8642	NaN	1.3926	2.7698	15	0	135.589	32.1654	196	82	2.2822	3.3398	15	0	1.2733	2.5669	13	0	131.3733	29.939	187	82	1.9733	3.0144	13	0	0.0519	6	277.8775	79.5479	1088.0195	2.5646	21410.7598	74795.5703
71_10_FITC.tif	d2554d71-659c-45ce-b564-63a3bd092f00	Cell		Positive	Annotation	Polygon	188.16	575.48	8.4906	14.8159	0.4861	7.0091	1.697	NaN	13.8182	608	15.5702	61	0	61	185.75	8173	17.2399	216	148	68	15.3636	676	15.1275	61	0	61	90.7043	48.6399	0.4818	23.0032	5.1772	NaN	2.5662	6.56	61	0	106.3904	52.6464	216	17	2.3196	6.7467	61	0	1.3096	2.3597	13	0	97.5279	47.5981	180	17	0.8629	2.0973	12	0	0.0917	5	106.4189	91.922	190.3235	19.9292	948.4202	3091.9854
71_10_FITC.tif	acc9e9a6-dcd0-4488-b687-55fec93a3018	Cell		Positive	Annotation	Polygon	230.41	581.8	2.278	8.1347	0.4326	3.9215	0.5794	NaN	7.2727	80	3.8494	12	0	12	76	836	6.0663	84	64	20	5.8182	64	3.0925	10	0	10	63.1617	42.3128	0.4433	20.0113	3.9347	NaN	1.9281	2.7175	12	0	34.1699	17.7669	84	6	0.9935	2.2028	12	0	1.7288	2.4594	12	0	32.6102	16.0721	83	6	0.8136	1.9507	12	0	0.0238	7	151.298	163.5551	313.9401	42.7046	3964.72	17248.7441
71_10_FITC.tif	7a3141fc-b64e-4ed9-bb74-56e239b3b65f	Cell		Positive	Annotation	Polygon	186.83	595.99	3.9347	9.7733	0.5176	4.6491	1.0906	NaN	1.55	31	2.1637	6	0	6	175.9	3518	6.0341	186	169	17	1.4	28	2.1374	6	0	6	69.7884	43.099	0.4721	20.3998	4.552	NaN	0.9704	2.1361	17	0	144.142	28.2324	187	66	0.9467	2.1245	17	0	0.934	2.1325	17	0	142.1447	27.8844	187	66	0.9182	2.1238	17	0	0.0491	6	132.5064	113.615	252.2539	19.9292	2061.7817	5022.3633
71_10_FITC.tif	51c4b971-dd0c-4f59-907f-03ddba1a7a85	Cell		Positive	Annotation	Polygon	162.17	664.11	23.4009	37.4722	0.2094	18.3853	2.0144	NaN	6.2137	727	6.4645	30	0	30	98.9487	11577	28.0909	142	35	107	6.2051	726	6.4655	30	0	30	148.6887	74.3239	0.3382	36.0106	5.5055	NaN	1.425	3.5415	30	0	35.25	32.6105	142	2	1.2097	3.4812	30	0	0.4959	1.2672	8	0	22.8905	13.2843	98	2	0.2405	0.7925	5	0	0.1559	6	259.3474	185.7965	589.7036	72.6032	2775.6951	9560.0918
71_10_FITC.tif	da049d6d-52d3-4182-9510-da544478ec84	Cell		Positive	Annotation	Polygon	224.64	743.57	3.9347	11.8566	0.3517	5.6764	1.0417	NaN	4	92	3.668	11	0	11	90.5217	2082	13.9214	107	56	51	2.087	48	2.8906	9	0	9	45.7663	41.9095	0.3274	20.213	3.1347	NaN	3.3884	3.9567	19	0	51.5893	21.0396	107	24	0.7188	1.8932	14	0	3.3184	3.991	19	0	47.1343	16.6732	101	24	0.5622	1.6844	14	0	0.0874	6	80.5004	78.9991	163.5551	1.5201	1591.9382	5022.3633
71_10_FITC.tif	cb222cba-ca65-4166-897c-a9142c84a35e	Cell		Positive	Annotation	Polygon	226.91	741.33	3.5205	13.0234	0.2608	6.3444	0.6865	NaN	2.5	45	3.2222	9	0	9	107.7778	1940	10.3045	122	88	34	2.6111	47	3.1275	9	0	9	11.1827	28.9286	0.1679	14.1008	1.2442	NaN	1.9661	2.5323	9	0	66.9661	32.5867	122	12	1.0508	2.2083	9	0	1.7317	2.1682	7	0	49.0488	20.3972	100	12	0.3659	1.1566	6	0	0.275	5	36.3561	4.3773	164.5372	1.136	37.4838	95.1645
71_10_FITC.tif	58bdc5f3-2307-45b6-9f44-83079f82011b	Cell		Positive	Annotation	Polygon	228.4	745.65	3.5205	10.7409	0.3835	5.2071	0.8774	NaN	4.1053	78	5.4354	21	0	21	101.3158	1925	10.0998	119	84	35	4.0526	77	5.2119	20	0	20	31.0631	32.349	0.373	15.5091	2.6573	NaN	2.0993	3.3081	21	0	50.947	30.3743	119	6	0.9934	2.5859	20	0	1.8106	2.7935	11	0	43.697	24.9292	98	6	0.553	1.5399	9	0	0.1061	5	68.7584	16.3212	165.1383	1.136	722.1027	3285.9341
71_10_FITC.tif	6105b654-c18a-4141-9859-1faf7e8751da	Cell		Positive	Annotation	Polygon	225.03	753.94	2.278	7.2928	0.5382	3.4344	0.9239	NaN	1.9231	25	2.5968	7	0	7	92.1538	1198	10.8	105	73	32	1.7692	23	2.5217	7	0	7	12.4252	22.3759	0.3119	10.9347	1.5591	NaN	2.0469	2.757	8	0	57.1719	25.3418	105	23	0.75	1.992	8	0	2.0784	2.8202	8	0	48.2549	19.5426	105	23	0.4902	1.7706	8	0	0.1708	4	14.5364	5.6689	42.4305	4.3773	11.8212	29.7425
71_10_FITC.tif	c87d3d91-7e8b-41de-838e-c0ddde14b35b	Cell		Positive	Annotation	Polygon	226.57	759.11	8.2835	21.2078	0.2314	10.2272	1.4426	NaN	2.3953	103	3.8861	18	0	18	98.093	4218	9.7659	120	77	43	2.4419	105	3.8993	18	0	18	37.6899	38.7676	0.3151	18.0657	3.0541	NaN	1.1935	2.3813	18	0	69.957	24.071	120	24	1.0914	2.3566	18	0	0.8322	1.5336	6	0	61.4965	20.368	115	24	0.6853	1.4213	7	0	0.2137	5	13.871	9.6099	36.5869	6.0355	18.0641	40.2945
71_10_FITC.tif	8adc28fe-f786-4fb5-9ac5-199f17baf89f	Cell		Positive	Annotation	Polygon	228.95	765.13	7.6622	15.7408	0.3886	7.3754	1.9067	NaN	3.325	133	5.7841	27	0	27	97.575	3903	10.0789	118	79	39	3.4	136	5.7101	27	0	27	63.1617	45.1981	0.3885	21.551	4.0381	NaN	1.4951	3.3687	27	0	67.8738	20.2448	118	30	1.2945	3.3362	27	0	1.223	2.7567	25	0	63.4572	17.4641	111	30	0.9814	2.6994	25	0	0.1183	5	53.5442	30.115	135.5837	6.9129	402.6767	1590.9056
71_10_FITC.tif	1fb039fb-184b-405c-b837-e50deac51f9e	Cell		Positive	Annotation	Polygon	223.94	792.91	8.0764	16.247	0.3845	7.5474	1.3811	NaN	3.3488	144	3.5915	14	0	14	88.2558	3795	11.6171	109	61	48	2.5814	111	3.1109	14	0	14	94.6389	50.9641	0.4579	24.0135	5.078	NaN	1.7467	2.6273	14	0	53.1812	18.3567	109	18	0.8908	1.9267	14	0	1.5807	2.453	14	0	49.547	14.7397	94	18	0.7157	1.6699	11	0	0.083	7	47.6216	47.7159	67.3866	30.115	336.7053	1204.0076
71_10_FITC.tif	51e3ca0c-39a6-4e12-bc34-b8dc1ba7191d	Cell		Positive	Annotation	Polygon	226.07	838.49	6.2126	15.8106	0.3123	7.3241	1.281	NaN	6	222	6.5659	21	0	21	109.5946	4055	18.7535	140	74	66	5.9459	220	6.6078	21	0	21	60.2624	39.2743	0.491	18.0568	4.8001	NaN	2.4915	4.0915	21	0	59.0746	27.4371	140	13	1.5627	3.7546	21	0	1.9884	3.3295	21	0	51.8295	19.7931	133	13	0.9341	2.6168	20	0	0.1031	4	50.9352	56.8969	78.7883	11.1587	503.2359	1590.9056
71_10_FITC.tif	26c92dba-477e-4cc5-8b96-93d5d5106f12	Cell		Positive	Annotation	Polygon	182.45	842.9	9.526	20.644	0.2809	9.0512	2.1009	NaN	2.1698	115	2.9071	11	0	11	96.717	5126	9.4041	112	65	47	2.5283	134	3.4563	14	0	14	54.6711	52.1072	0.253	25.0417	3.6396	NaN	0.9101	1.9368	11	0	57.7978	32.8183	112	10	0.9363	2.1625	14	0	0.5981	1.459	8	0	48.1589	29.2097	103	10	0.5421	1.4618	8	0	0.1903	5	91.1938	13.0425	249.934	3.1245	713.4014	2933.9592
71_10_FITC.tif	e1370fd7-54b3-4a47-814e-420da9646966	Cell		Positive	Annotation	Polygon	185.44	848.53	8.6977	17.6207	0.352	7.0464	1.8054	NaN	5.0444	227	5.8696	19	0	19	98.8667	4449	13.4479	119	70	49	5.0889	229	5.9154	19	0	19	65.6467	49.4531	0.3373	24	3.5205	NaN	1.0912	3.1091	19	0	46.8962	31.279	119	3	1.1195	3.1168	19	0	0.4396	1.6374	17	0	38.3297	24.2999	102	3	0.4652	1.6201	16	0	0.129	7	106.7096	67.3866	262.1421	3.1245	1885.4238	5240.645
71_10_FITC.tif	b0bb4ec7-7d64-4eae-892f-16b8388d92d5	Cell		Positive	Annotation	Polygon	224.52	855.74	27.9568	34.9371	0.2878	16.4184	3.5828	NaN	2.7609	381	4.3924	25	0	25	103.3406	14261	14.9244	136	66	70	2.8406	392	4.4018	25	0	25	135.021	58.8594	0.4898	27.0051	7.2253	NaN	1.3721	2.9501	25	0	60.8331	28.7276	136	12	1.0689	2.8532	25	0	1	2.2894	17	0	49.4427	19.2968	104	12	0.5942	2.0233	17	0	0.2082	6	81.6336	58.5491	258.7717	11.1587	2132.2617	5949.2676
71_10_FITC.tif	defdadee-8cf5-4262-b9fa-69946d0454ce	Cell		Positive	Annotation	Polygon	178.72	852.85	25.0576	32.4397	0.2992	13.9831	3.4982	NaN	3.8583	490	4.8969	28	0	28	137.9921	17525	27.1584	187	81	106	3.811	484	4.8904	28	0	28	106.4429	66.2633	0.3046	31.0073	5.9285	NaN	1.3108	3.1077	28	0	79.1351	41.3006	187	13	1.3938	3.1215	28	0	0.4834	1.5018	11	0	60.0179	22.9877	144	13	0.6087	1.6339	11	0	0.2453	4	113.3054	97.9844	250.6889	6.5639	2577.2593	9560.0918
71_10_FITC.tif	301debfe-a181-46ee-835b-a9fc5735fa01	Cell		Positive	Annotation	Polygon	181.48	861.43	5.5914	14.7055	0.3249	5.6404	1.4745	NaN	2.0312	65	3.7199	16	0	16	96.25	3080	13.8564	125	66	59	2.1875	70	3.56	15	0	15	41.4175	34.5808	0.4352	15.5448	3.351	NaN	0.639	1.8777	16	0	59.0976	24.6199	125	11	0.678	1.8481	15	0	0.3815	1.1228	8	0	52.2254	19.4936	120	11	0.3988	1.1245	8	0	0.1257	5	105.5137	13.0425	251.7412	6.5639	2501.8391	11527.4902
71_10_FITC.tif	ca44a99b-66e2-4fb4-9a6b-e621030ac1d5	Cell		Positive	Annotation	Polygon	264.57	893.9	33.3411	36.2984	0.318	17.0835	3.1332	NaN	7.4727	1233	8.4497	50	0	50	149.8788	24730	42.2984	219	61	158	7.6424	1261	8.5689	50	0	50	158.2148	83.4122	0.2858	34.0271	6.8339	NaN	2.5819	5.101	50	0	58.886	55.4072	219	3	1.7851	5.0749	50	0	1.2324	2.2724	12	0	33.7793	22.5208	144	3	0.1689	0.7765	9	0	0.208	9	228.8354	151.5864	448.6977	6.6192	2691.3384	17248.7441
71_10_FITC.tif	8ccf10bb-cd1c-4caf-9f62-71dfdbd05fa7	Cell		Positive	Annotation	Polygon	265.58	905.14	0.4142	4.5598	0.2503	2.2367	0.3434	NaN	1.5	6	1.7321	4	0	4	108.25	433	10.9049	119	94	25	1.5	6	1.7321	4	0	4	12.6323	21.2705	0.3509	10.321	1.7338	NaN	0.875	1.5786	5	0	60.0781	19.5662	119	35	0.5781	1.3069	5	0	0.8333	1.5749	5	0	56.8667	15.3275	97	35	0.5167	1.2688	5	0	0.0325	9	347.5051	412.2278	714.7606	6.6192	15477.6299	74795.5703
71_10_FITC.tif	afcc6ec6-98db-44d6-a2c7-fe8bc989f067	Cell		Positive	Annotation	Polygon	99.87	1086.6	6.2126	17.0623	0.2682	8.1518	0.9613	NaN	4.0625	130	3.5554	11	0	11	80.4062	2573	7.7329	95	67	28	3.9688	127	3.5513	11	0	11	62.3333	39.4708	0.5028	17.6614	4.3469	NaN	1.5428	3.103	18	0	51.6184	17.3669	95	13	1.3454	3.0435	18	0	1.2463	2.9123	18	0	48.2316	14.8665	84	13	1.0368	2.8295	18	0	0.0868	8	154.5087	127.1468	430.2628	10.7944	2866.9407	11527.4902
71_10_FITC.tif	0803ec8b-ca8b-4e0e-a521-3eb624e9ff8e	Cell		Positive	Annotation	Polygon	100.98	1100.6	10.5615	21.0426	0.2997	9.9823	1.6327	NaN	3.3273	183	4.7378	19	0	19	87.8909	4834	13.9877	115	53	62	3.2727	180	4.6605	18	0	18	48.4584	38.5695	0.4093	16.7562	4.588	NaN	1.0508	2.7702	19	0	50.822	27.3194	115	6	1.0127	2.7265	18	0	0.3591	1.1047	8	0	39.558	19.1901	86	6	0.326	1.0744	8	0	0.2222	4	31.8777	13.2858	92.7885	8.1507	313.8903	729.736
71_10_FITC.tif	496d4d4e-f4ce-4fda-9dcf-e1d01ce36164	Cell		Positive	Annotation	Polygon	97.75	1104.8	6.6268	18.3268	0.2479	8.4972	1.5001	NaN	4.3143	151	5.8499	18	0	18	84.3714	2953	14.2046	109	62	47	4.2	147	5.8451	18	0	18	36.6545	37.085	0.3349	18.0551	2.9495	NaN	1.2143	3.2473	18	0	56.0934	20.7561	109	25	1.0824	3.1812	18	0	0.4762	1.5004	12	0	49.3605	15.804	85	25	0.3401	1.3059	12	0	0.192	4	10.6672	8.1483	18.7265	7.6458	11.8644	16.0997
71_10_FITC.tif	eccde977-3b3c-459e-b2ae-0d3ac5b500d0	Cell		Positive	Annotation	Polygon	192.61	1110.7	8.2835	22.4647	0.2063	11.0162	1.3487	NaN	8.1522	375	8.4747	29	0	29	68.3478	3144	23.5185	109	27	82	7.6522	352	8.7641	29	0	29	103.7508	58.1998	0.3849	28.022	4.763	NaN	1.9661	3.7863	29	0	23.745	17.7985	109	3	0.9104	3.521	29	0	1.3421	2.1032	13	0	19.2456	8.5259	63	3	0.2303	0.9976	13	0	0.08	11	388.8498	258.7717	1045.2635	92.7885	19285.3398	93382.0078
71_10_FITC.tif	5dd2bf85-ece1-443b-8d53-7c4ca25ec7f0	Cell		Positive	Annotation	Polygon	100.64	1120.5	22.3654	46.5499	0.1297	22.7219	1.7728	NaN	2.0973	237	3.2098	15	0	15	89.5841	10123	11.8478	115	52	63	2.0973	237	3.2209	15	0	15	81.3853	63.5933	0.2529	30.8713	3.9362	NaN	1.0477	2.4299	15	0	56.5704	27.674	115	15	0.7764	2.0492	15	0	0.6316	1.8917	14	0	43.4807	20.239	91	15	0.2526	0.8996	8	0	0.279	6	84.2331	12.724	375.6552	3.2522	3119.8191	17444.5117
71_10_FITC.tif	b6c8fbcb-df13-4b68-9058-545013f5ba10	Cell		Positive	Annotation	Polygon	95.83	1115.9	9.7331	16.539	0.4471	7.5935	1.8168	NaN	5.9245	314	6.8748	28	0	28	94.2642	4996	18.4486	131	53	78	5.6792	301	7.0295	29	0	29	54.0498	43.4041	0.3605	21.1033	4.135	NaN	1.4735	3.9396	28	0	45.4886	30.0868	131	9	1.3674	3.921	29	0	0.3555	1.2157	8	0	33.237	17.2671	87	9	0.2844	1.0711	7	0	0.1791	5	36.083	10.0089	133.1529	3.2522	67.669	209.5472
71_10_FITC.tif	8f716a24-5ff3-4b73-9a26-7b54e7e3abed	Cell		Positive	Annotation	Polygon	97.79	1129.8	13.2536	31.2663	0.1704	11.2148	1.8034	NaN	3.5493	252	4.8691	19	0	19	97.4789	6921	16.8903	128	64	64	3.4225	243	4.8863	19	0	19	60.4695	45.9532	0.3598	22.016	3.9421	NaN	1.3763	3.1283	19	0	62.7932	27.1167	128	23	1.2542	3.0783	19	0	0.6875	1.8656	14	0	51.7991	19.3757	104	23	0.567	1.7398	14	0	0.2277	5	153.9643	123.6918	366.3685	9.6707	1996.2246	6680.1313
71_10_FITC.tif	4dfd8bfc-4dbd-4db9-860c-40bae1416c68	Cell		Positive	Annotation	Polygon	73.42	1244.7	2.485	15.3905	0.1318	7.6093	0.5487	NaN	2.0625	33	2.3514	7	0	7	108.0625	1729	12.9587	130	87	43	1.4375	23	1.6317	4	0	4	60.0553	47.71	0.3315	23.1579	3.845	NaN	1.57	2.4896	14	0	76.0341	56.7164	175	1	1.3788	2.6606	14	0	1.5415	2.4984	14	0	74.1841	57.7166	175	1	1.3755	2.71	14	0	0.0471	6	192.0156	136.2761	589.7036	6.67	763.3287	2575.2917
71_10_FITC.tif	0147b020-768a-4293-a99b-ac734479f2d1	Cell		Positive	Annotation	Polygon	71.93	1255.5	1.0354	4.5627	0.625	2.2131	0.4481	NaN	1.2	6	1.6432	4	0	4	110.4	552	7.9875	119	100	19	0.6	3	0.5477	1	0	1	34.1694	35.035	0.3498	17.0069	3.0392	NaN	5.5629	5.3329	21	0	90.6228	31.4376	148	31	0.5689	1.3991	10	0	5.6975	5.3523	21	0	90.0123	31.7003	148	31	0.5679	1.4181	10	0	0.0154	3	102.9393	132.8721	169.2758	6.67	845.8812	1598.3431
71_10_FITC.tif	7820f851-e0e1-43fd-b928-b173ecbb47f5	Cell		Positive	Annotation	Polygon	505.26	628.52	5.5914	14.1914	0.3489	6.7511	1.1213	NaN	4.5333	136	5.0496	19	0	19	76.8667	2306	14.2943	98	51	47	4.9667	149	5.5862	22	0	22	85.32	48.6006	0.4539	23.0088	4.763	NaN	1.3309	2.958	19	0	40.8333	21.1439	99	10	1.1135	2.9686	22	0	1.0807	2.5765	19	0	38.0182	18.8935	99	10	0.8125	2.4262	18	0	0.0626	8	309.932	151.2988	983.1649	38.4468	18865.1172	68013.9062
71_10_FITC.tif	c506307a-79c6-4646-8753-32f45f94ae7c	Cell		Positive	Annotation	Polygon	520.96	663.9	11.1827	19.5922	0.3661	7.7758	2.1134	NaN	10.7833	647	8.5828	30	0	30	126.3833	7583	22.0124	164	80	84	11.0833	665	8.3368	30	0	30	108.5138	51.9241	0.5058	24.0203	5.6945	NaN	1.7844	4.6418	30	0	59.7443	29.9891	164	9	1.6966	4.6315	30	0	0.6207	1.7606	13	0	51.1272	17.4429	111	9	0.4828	1.5745	13	0	0.1058	4	32.7812	25.9122	69.1207	10.1798	150.0983	284.8876
71_10_FITC.tif	cdd070a8-8f3b-4215-9ed0-9ac4f4abf8cd	Cell		Positive	Annotation	Polygon	527.81	670.66	24.6434	26.329	0.4467	11.0002	3.525	NaN	8.0873	1019	9.8387	42	0	42	195.5	24633	14.1086	222	162	60	9.7857	1233	10.2798	41	0	41	134.3997	61.0174	0.4536	28.2109	6.098	NaN	2.2592	5.5482	42	0	152.3251	27.6998	222	98	2.8972	6.0581	41	0	0.8631	2.24	21	0	141.9829	18.6947	186	98	1.2471	2.4964	21	0	0.1898	5	26.7637	10.1798	60.929	3.3458	64.4117	195.8824
71_10_FITC.tif	b883e144-5146-4d19-8759-b4def4b1d72d	Cell		Positive	Annotation	Polygon	531.57	668.29	1.6567	6.5615	0.4836	3.1063	0.7172	NaN	1.9	19	2.7264	8	0	8	175.8	1758	7.1461	185	166	19	2.8	28	2.4404	8	0	8	19.4662	28.2371	0.3068	13.6907	2.158	NaN	1.3838	2.5262	12	0	153.4545	21.5361	185	76	1.5657	2.5681	12	0	1.3258	2.5126	12	0	150.9438	21.17	178	76	1.427	2.5579	12	0	0.0766	5	38.1317	13.3775	119.2147	3.3458	81.2838	184.7968
71_10_FITC.tif	ee463c37-3f02-4aed-9806-694c50a766e4	Cell		Positive	Annotation	Polygon	532.49	678.21	4.1417	11.1418	0.4193	5.2166	1.121	NaN	3.2917	79	4.0052	13	0	13	173.0417	4153	9.21	191	154	37	3.1667	76	3.9964	13	0	13	48.4584	40.7694	0.3664	19.5837	3.6517	NaN	1.2712	2.7619	17	0	109.8644	37.8805	191	36	1.3602	2.8136	17	0	1.0425	2.4961	17	0	102.7123	32.9168	169	36	1.1557	2.5813	17	0	0.083	7	55.2125	46.7377	126.0602	3.9328	293.0201	1055.568
71_10_FITC.tif	ec9e3245-66e2-462c-9cb4-c08168d149f9	Cell		Positive	Annotation	Polygon	535.88	712.36	6.8339	16.6028	0.3115	7.3464	1.8955	NaN	2.7949	109	3.4042	12	0	12	153.0769	5970	10.3043	170	131	39	3.9487	154	3.9333	12	0	12	52.186	38.123	0.4512	16.0989	4.2893	NaN	1.6457	3.354	24	0	95.0945	42.8406	170	31	1.6693	3.4517	24	0	1.4372	3.3102	24	0	84.5767	37.777	161	31	1.2558	3.1968	24	0	0.1415	4	14.4645	6.7096	40.3797	4.0591	10.5761	30.1628
71_10_FITC.tif	641eca68-3995-4303-95e5-69265e2005e1	Cell		Positive	Annotation	Polygon	538.08	722.39	6.2126	13.6784	0.4173	6.4943	1.4271	NaN	1.8485	61	3.0323	11	0	11	158.4242	5228	8.4485	175	145	30	3.6667	121	2.9651	11	0	11	43.2813	38.695	0.3632	18.3742	3.4276	NaN	0.7488	1.9805	11	0	128.4645	18.3708	175	89	1.5213	2.6101	16	0	0.5449	1.6504	11	0	122.9101	13.7526	160	89	1.1236	2.3401	16	0	0.1406	7	23.8339	9.1415	83.7643	2.1447	172.7029	1016.9598
71_10_FITC.tif	f291bf2e-8b92-459e-8bcf-55527ef1aca5	Cell		Positive	Annotation	Polygon	536.03	720.78	1.2425	5.3276	0.5501	2.4698	0.6242	NaN	1.625	13	1.8468	5	0	5	165.625	1325	4.5336	173	160	13	2.875	23	2.7999	7	0	7	1.8638	7.0962	0.4651	3.297	0.7833	NaN	1.1667	1.6422	5	0	164	5.0091	173	155	3.75	2.7345	8	0	0.25	0.5	1	0	160.75	4.7871	166	155	5.5	1.7321	8	4	0.5659	3	3.2008	3.0669	4.0591	2.4765	2.2538	2.6348
71_10_FITC.tif	380c6fa7-5000-4ff1-959b-45a59156fb08	Cell		Positive	Annotation	Polygon	534.38	722.75	3.1063	8.6023	0.5275	3.8862	0.9725	NaN	3.4375	55	5.5374	22	0	22	160.625	2570	8.7168	178	148	30	3.9375	63	5.4095	22	0	22	15.3245	19.9492	0.4839	8.7158	2.7453	NaN	2.0263	3.6147	22	0	116.7632	39.3127	178	50	1.9474	3.5436	22	0	1.65	2.8513	13	0	105.0667	35.839	157	50	1.4167	2.6763	13	0	0.1896	6	20.0933	7.5785	52.9104	2.1447	26.6701	78.8872
71_10_FITC.tif	32fb1b45-d747-48f8-b8dc-4c1e8da10cfd	Cell		Positive	Annotation	Polygon	534.12	731.78	4.5559	13.3783	0.3199	6.4142	1.0376	NaN	6.8519	185	11.6014	43	0	43	165.6296	4472	16.4974	195	143	52	9.2222	249	11.1987	43	0	43	31.8915	32.5979	0.3771	14.8607	3.5837	NaN	2.0318	5.689	43	0	112.293	37.4009	195	49	2.6178	5.9577	43	0	1.0308	2.4776	15	0	101.2154	30.2929	167	49	1.2462	2.5732	15	0	0.1471	7	140.7979	60.929	723.8043	7.4793	1598.6263	10147.1816
71_10_FITC.tif	8590cdb4-ced9-4da0-9984-5ae83e839c2c	Cell		Positive	Annotation	Polygon	536.75	741.2	14.9103	23.411	0.3419	9.6503	2.8061	NaN	3.3289	253	5.2087	27	0	27	163.6184	12435	14.7159	189	126	63	4.3158	328	5.4948	27	0	27	91.7397	49.3721	0.4729	22.9511	5.6646	NaN	1.1345	2.8498	27	0	117.1614	35.5435	189	40	1.7287	3.2326	27	0	0.6838	1.7561	14	0	107.6189	30.7197	161	40	1.1973	2.1918	13	0	0.1675	5	266.4919	72.2602	716.4566	7.4793	7488.7588	24983.0742
71_10_FITC.tif	b40652ae-c308-479c-8061-f9149f9b40f5	Cell		Positive	Annotation	Polygon	598.14	767.1	2.0709	6.9495	0.5388	3.0578	0.9428	NaN	5.8333	70	4.3029	14	0	14	104.9167	1259	10.3525	118	88	30	5.6667	68	4.1414	13	0	13	31.4773	27.2371	0.5332	12.5848	3.4642	NaN	2.3269	3.5345	22	0	40.5577	37.8067	120	1	1.4103	3.3115	21	0	2.0347	3.3164	22	0	35.1944	34.1247	120	1	1.0556	2.9866	21	0	0.0643	7	141.2549	115.6426	543.8496	8.0094	321.1863	1055.568
71_10_FITC.tif	2cf0178c-74a0-481e-a15b-13ca63069a8b	Cell		Positive	Annotation	Polygon	597.36	779.15	22.3654	28.6851	0.3416	12.3716	3.5779	NaN	4.5179	506	6.2845	33	0	33	146.8304	16445	25.1464	188	73	115	4.5268	507	6.2138	33	0	33	106.4429	72.8145	0.2523	26.9907	7.235	NaN	2.5116	4.2421	33	0	83.7143	43.6804	188	12	1.4614	3.6012	33	0	1.9581	3.2752	18	0	66.303	29.2704	141	12	0.6158	1.63	12	0	0.2063	3	8.535	8.0094	13.6753	3.9202	21.9522	36.1069
71_10_FITC.tif	685977a6-5e87-464e-89b0-cc27be4dc5cd	Cell		Positive	Annotation	Polygon	599.97	785.37	1.8638	8.9606	0.2917	4.3151	0.7392	NaN	1.25	15	1.7645	4	0	4	105.6667	1268	10.003	118	87	31	1.3333	16	1.7233	4	0	4	28.1639	29.8116	0.3982	14.0652	2.6179	NaN	0.8116	2.1361	15	0	60.7319	20.9885	118	31	0.7246	2.0744	15	0	0.7698	2.1695	15	0	56.4524	16.1773	109	31	0.6667	2.1014	15	0	0.0787	5	203.7731	12.4047	532.4969	3.9202	6792.8716	37352.1992
71_10_FITC.tif	f9fea3d1-2e8f-4b43-bc0c-b48d28819e21	Cell		Positive	Annotation	Polygon	588.62	788.6	12.6323	23.6161	0.2846	8.1875	2.3872	NaN	6.1017	360	6.4613	23	0	23	109.9492	6487	12.0765	131	85	46	6.5763	388	6.639	24	0	24	119.9036	53.8554	0.5195	25.1329	6.2498	NaN	2.0431	3.9334	24	0	66.0552	22.4785	131	25	1.6776	3.7854	24	0	1.5835	3.2388	24	0	61.0845	17.4065	106	25	1.1228	2.8298	24	0	0.0987	8	155.7717	78.0123	465.0352	12.4047	1915.4608	11500.4873
71_10_FITC.tif	56abc0fc-cfd6-44a1-be45-fdcf4001afcb	Cell		Positive	Annotation	Polygon	614.8	1237.7	7.6622	18.2432	0.2893	7.7348	1.5891	NaN	7.1951	295	8.3463	31	0	31	84.8781	3480	17.7907	119	54	65	7.3659	302	8.4787	30	0	30	68.5459	42.9347	0.4673	19.4541	4.901	NaN	1.491	3.9553	31	0	43.4281	20.2847	119	9	1.2994	3.9456	30	0	0.6928	1.7579	11	0	37.628	12.2838	82	9	0.4505	1.4197	11	0	0.1157	6	240.5581	252.3794	458.3047	12.7193	10588.4756	37352.1992
71_10_FITC.tif	ef97034d-5b31-4a6f-9d17-7df44333b0ea	Cell		Positive	Annotation	Polygon	611.96	1254.3	22.1583	40.3625	0.1709	14.6909	2.9902	NaN	2.3333	266	3.5764	16	0	16	100.2018	11423	19.3378	137	58	79	2.5965	296	3.6183	16	0	16	103.7508	65.069	0.3079	30.001	5.8396	NaN	1.1113	2.2949	16	0	58.4215	29.6309	137	10	0.9384	2.2437	16	0	0.7532	1.5879	9	0	46.1774	19.0752	119	10	0.4524	1.2867	9	0	0.2098	7	238.1966	218.4891	520.0723	2.8796	5473.5176	24983.0742
71_10_FITC.tif	dccc4a38-a356-4440-b126-5d7ddf674651	Cell		Positive	Annotation	Polygon	615	1257.8	5.3843	14.5613	0.3191	7.027	1.1118	NaN	3.8571	108	4.8589	17	0	17	91.25	2555	12.6685	114	67	47	3.8214	107	4.8385	17	0	17	39.3466	36.5154	0.3708	17.5807	3.1464	NaN	0.849	2.4179	17	0	46.651	24.3598	114	10	0.7969	2.4075	17	0	0.3354	1.0583	8	0	39.0366	16.3931	78	10	0.2805	1.0364	8	0	0.1335	4	143.1522	124.238	321.2534	2.8796	6696.4253	25417.3926
71_10_FITC.tif	b254b128-f602-48ce-bc60-3c4639add34c	Cell		Positive	Annotation	Polygon	779.14	1283.7	6.6268	14.0726	0.4205	6.7045	1.2793	NaN	5.6944	205	6.8944	28	0	28	83.75	3015	13.5823	111	59	52	5.6111	202	6.9293	29	0	29	84.6987	48.7799	0.4473	23.0064	4.7469	NaN	1.4355	3.1019	28	0	39.6813	18.1974	111	10	1.0024	2.8237	29	0	1.0267	2.0461	12	0	35.4507	11.869	83	10	0.56	1.4165	10	0	0.0752	6	300.0719	215.9585	543.8496	145.3572	12256.5664	37352.1992
71_10_FITC.tif	752ac78e-4258-492d-bad9-a8f0d5061e14	Cell		Positive	Annotation	Polygon	777.23	1424.8	11.804	23.0529	0.2791	8.9221	2.463	NaN	3.3065	205	6.2714	29	0	29	149.4677	9267	39.7553	225	80	145	3.6774	228	7.2627	34	0	34	58.6057	39.0702	0.4825	17.1189	4.6064	NaN	3.2091	4.8493	29	0	83.0174	45.7432	225	27	1.3833	4.1518	34	0	3.1822	4.3944	22	0	64.7067	26.1195	154	27	0.7511	2.4054	17	0	0.1986	3	53.1863	10.0778	145.3572	4.1237	150.1744	281.8459
71_10_FITC.tif	3421e8f2-7850-43d3-86ab-07eb239a5a36	Cell		Positive	Annotation	Polygon	771.15	1427.9	5.1772	10.0038	0.6501	4.1117	1.6138	NaN	2.2069	64	2.3961	9	0	9	156.2414	4531	25.5212	192	99	93	2.6552	77	2.7552	9	0	9	24.2292	26.0676	0.4481	11.5268	3.5195	NaN	1.6281	2.2808	10	0	87.2397	44.7836	192	32	1.3306	2.2598	10	0	1.4457	2.2255	10	0	65.4891	21.1824	123	32	0.913	1.9138	10	0	0.2099	6	65.5644	59.0575	146.8107	4.1237	225.0004	875.256
71_10_FITC.tif	3219f02a-2ba3-4fc7-83ac-95f78dab793a	Cell		Positive	Annotation	Polygon	86.99	1385.7	50.1151	49.7394	0.2546	21.7377	4.0481	NaN	7.5984	1854	9.3171	42	0	42	176.9139	43167	32.8895	229	96	133	9.5533	2331	12.5859	55	0	55	223.2402	81.1028	0.4265	38.0419	7.9593	NaN	2.6224	5.6512	42	0	95.6048	57.7261	229	4	2.6772	7.2917	55	0	1.1667	2.5677	23	0	71.8165	38.5972	203	4	0.6655	2.1525	23	0	0.2251	10	185.2717	136.1357	362.7903	42.2123	2702.1062	7592.7007
71_10_FITC.tif	29e6b341-6238-4b52-b579-0fda86928efa	Cell		Positive	Annotation	Polygon	66.62	1421.5	24.4363	37.0539	0.2237	15.709	3.0179	NaN	6.1	732	5.6841	24	0	24	100.4417	12053	32.6794	157	30	127	6.1583	739	5.6643	24	0	24	127.98	73.1884	0.3002	32.0949	6.4913	NaN	1.4477	3.4978	24	0	32.8551	38.9569	157	1	1.3108	3.4801	24	0	0.3333	1.0211	7	0	16.6667	16.3954	139	1	0.1497	0.6257	6	0	0.19	7	241.5423	268.5049	506.0028	5.5955	834.3704	2713.9536
71_10_FITC.tif	364ae4e2-49ca-460a-8c59-c66cd683ca40	Cell		Positive	Annotation	Polygon	68.12	1432.1	7.2481	16.0877	0.3519	7.4665	1.378	NaN	2.8718	112	3.2378	13	0	13	95.8718	3739	26.0447	144	53	91	2.8205	110	3.2596	13	0	13	39.3466	34.9182	0.4055	16.0523	3.1053	NaN	0.9531	2.0626	13	0	35.9896	35.1128	144	0	0.6979	1.9096	13	0	0.4641	1.2409	6	0	20.7255	15.0027	69	0	0.1569	0.6894	5	0	0.1956	3	105.1324	46.8415	262.9601	5.5955	904.6512	2544.2004
71_10_FITC.tif	47cdb3aa-af99-49f2-9274-a05db5fc74a6	Cell		Positive	Annotation	Polygon	133.79	1489.4	10.1473	25.3612	0.1983	12.4207	1.2408	NaN	8.5091	468	7.8596	30	0	30	79.4364	4369	17.1072	112	46	66	8.5091	468	7.8737	30	0	30	96.2956	54.5513	0.4066	26.0117	4.763	NaN	1.5696	3.9802	30	0	26.7944	23.5291	112	2	1.167	3.8577	30	0	0.6432	1.5942	9	0	19.767	12.9965	68	2	0.1869	0.7425	6	0	0.1128	6	320.898	371.0119	665.6091	17.9558	10505.0762	36742.1211
71_10_FITC.tif	5ed7337a-bb47-4ef2-a6dc-44813adebdeb	Cell		Positive	Annotation	Polygon	132.59	1509.4	4.9701	11.5549	0.4678	5.3699	1.1308	NaN	5.2963	143	6.25	21	0	21	77.8148	2101	11.1287	100	59	41	5.2222	141	6.3022	21	0	21	69.7884	42.7456	0.48	20.0028	4.7615	NaN	1.4451	2.9354	21	0	44.4125	18.9286	100	11	1.1454	2.8336	21	0	1.1097	2.1619	11	0	41.5032	16.5286	73	11	0.7903	1.952	12	0	0.0635	5	258.0489	242.3311	648.0195	17.9558	6335.2236	22149.5293
71_10_FITC.tif	ccbdce21-1f7d-4581-a894-229843f1a654	Cell		Positive	Annotation	Polygon	388.14	1605.1	20.0875	28.9098	0.302	13.4365	2.3191	NaN	9.6061	951	9.2591	35	0	35	111.1818	11007	28.7737	154	47	107	9.7273	963	8.9748	35	0	35	133.1572	62.8728	0.4233	30.0047	5.9423	NaN	1.8056	5.0113	35	0	35.2022	36.7546	154	2	1.6376	4.9607	35	0	0.386	1.052	7	0	21.375	14.2728	91	2	0.1654	0.6746	6	0	0.1456	10	567.5554	574.2234	1088.0195	202.5106	36497.5586	93382.0078
71_10_FITC.tif	bb653c8d-506c-4746-ba81-ffa350fbf0c8	Cell		Positive	Annotation	Polygon	67.03	1689.9	12.0111	19.9942	0.3776	9.3792	1.8651	NaN	3.2833	197	3.6873	17	0	17	132.0833	7925	16.6523	158	98	60	3.6167	217	3.7871	18	0	18	84.9058	53.7046	0.3699	25.74	4.4951	NaN	1.7094	2.863	17	0	76.6586	39.609	158	7	1.1961	2.4913	18	0	1.4419	2.6117	12	0	67.238	34.3102	143	7	0.7847	1.9215	12	0	0.1396	6	150.0869	146.8238	306.2298	10.7932	881.1961	2713.9536
71_10_FITC.tif	588d12df-8882-4452-9f79-b99bb587bf23	Cell		Positive	Annotation	Polygon	70.42	1700.8	26.5072	34.558	0.2789	14.7533	2.3984	NaN	4.3	559	4.9894	20	0	20	156.9	20397	21.0156	196	100	96	2.7923	363	3.9975	18	0	18	105.2004	64.7425	0.3154	28.6119	5.9906	NaN	3.2603	4.5509	21	0	105.7495	41.79	196	21	1.2798	2.885	18	0	2.9055	4.3415	21	0	88.2966	31.519	171	21	0.7638	2.1672	15	0	0.2524	4	98.1308	32.6379	316.5179	10.7296	1386.3221	4868.7266
71_10_FITC.tif	b09337d3-a5a9-4f62-8679-7978d4f1a404	Cell		Positive	Annotation	Polygon	69.9	1716.2	4.5559	10.9567	0.4769	5.2527	1.2979	NaN	1.75	42	2.382	10	0	10	142.25	3414	8.4814	152	118	34	1.625	39	2.3184	10	0	10	39.9679	29.1486	0.5911	13.0038	4.0233	NaN	2.8454	4.519	24	0	97.433	27.5944	152	43	0.8918	2.429	19	0	3	4.7281	24	0	91.1059	23.1146	142	43	0.7882	2.433	19	0	0.1036	7	35.3721	21.4163	84.4491	10.3527	246.0702	1099.9276
71_10_FITC.tif	95f86ee0-8307-4a23-8ff1-9d794c964f91	Cell		Positive	Annotation	Polygon	65.83	1719.3	14.7032	21.4071	0.4032	9.4755	2.3269	NaN	3.8831	299	5.4483	19	0	19	139.7533	10761	12.1581	162	114	48	0.961	74	1.6971	9	0	9	87.1838	50.0307	0.4377	22.7987	5.79	NaN	5.3224	6.1339	25	0	99.3506	27.4801	162	38	0.7694	1.7138	12	0	5.6408	6.2379	25	0	90.4109	21.1655	151	38	0.727	1.7171	12	0	0.1695	5	90.5262	30.6876	299.1492	10.3527	161.7078	489.1464
71_10_FITC.tif	d6caedd1-0bac-406e-8714-bddfe49d2f76	Cell		Positive	Annotation	Polygon	65.36	1736.9	15.3245	28.4072	0.2386	13.2854	1.5635	NaN	5.5625	445	5.493	19	0	19	150.2375	12019	18.5999	186	109	77	3.675	294	5.7715	27	0	27	83.6633	49.0838	0.4364	22.0945	5.0555	NaN	8.5872	8.6396	30	0	91.0958	40.1178	186	14	1.1892	3.1304	27	0	9.3272	9.1023	30	0	76.6269	29.1928	146	14	0.581	1.4981	11	0	0.1922	5	47.3714	50.5725	89.4515	11.4958	107.245	224.0471
71_10_FITC.tif	0e64cee5-a276-4e43-aae1-2159ba464756	Cell		Positive	Annotation	Polygon	98.39	1745	20.5016	30.2355	0.2818	11.9407	2.6197	NaN	4.2353	432	4.6034	20	0	20	116.902	11924	20.1885	155	62	93	2.5784	263	3.1354	12	0	12	98.1594	50.6115	0.4816	21.2103	6.3643	NaN	3.7568	4.4101	20	0	66.5241	33.2034	155	22	0.9497	2.0998	12	0	3.6267	4.3533	19	0	52.8213	20.3135	130	22	0.5067	1.4271	10	0	0.2109	6	120.6966	50.097	362.7903	8.911	2173.8303	7592.7007
71_10_FITC.tif	4aaaf41a-6b49-4d2c-b9cd-9e6bea8bb013	Cell		Positive	Annotation	Polygon	100.26	1758.8	4.9701	13.9601	0.3205	6.6604	1.1049	NaN	6.6071	185	6.6519	22	0	22	118.3214	3313	13.7384	137	82	55	6.5714	184	6.6912	22	0	22	34.9978	33.0601	0.4024	15.7655	3.0473	NaN	1.9118	3.9356	22	0	63.3176	33.1553	137	24	1.5118	3.828	22	0	0.9859	2.2025	11	0	52.4718	23.71	119	24	0.5141	1.7041	11	0	0.1481	5	136.7075	9.5767	412.2491	1.8331	4647.8896	22149.5293
71_10_FITC.tif	452d57f5-8a55-4ce1-8e82-9ef93e53a5f4	Cell		Positive	Annotation	Polygon	97.05	1759.1	4.1417	13.5313	0.2843	6.5868	1.1163	NaN	5.2083	125	2.9924	12	0	12	92.5	2220	7.5007	105	78	27	0.4583	11	1.1413	5	0	5	20.5016	20.9985	0.5843	8.9674	2.9592	NaN	4.2745	3.0963	12	0	71.9314	19.0238	105	36	0.549	1.3689	8	0	3.9872	3.0895	11	0	65.6026	16.8957	103	36	0.5769	1.4372	8	0	0.1971	5	23.9149	9.953	53.5999	1.8331	274.9481	1099.9276
71_10_FITC.tif	daa05bd3-a4ff-4848-bd36-5173b88dd5f6	Cell		Positive	Annotation	Polygon	98.15	1770.2	5.7984	14.3909	0.3518	6.8613	1.1567	NaN	5.3	159	3.958	13	0	13	95.6333	2869	11.5146	112	71	41	3.9333	118	4.2421	12	0	12	52.8073	34.8706	0.5457	15.7394	4.5041	NaN	4.5508	4.6414	17	0	57.5352	18.1769	112	28	0.7188	2.0691	12	0	4.4513	4.7234	17	0	52.4779	11.7535	92	28	0.292	0.986	7	0	0.1057	7	187.6492	43.3326	643.2391	8.4425	7334.0459	36535.5625
71_10_FITC.tif	6eb5eeef-ddce-46a3-9710-2ab4a4816acd	Cell		Positive	Annotation	Polygon	65.14	1784	20.9158	37.8674	0.1833	18.4121	2.0479	NaN	19.5926	2116	11.9462	49	0	49	150.4815	16252	14.7936	178	122	56	2.4722	267	3.662	18	0	18	144.7541	72.3075	0.3479	35.0011	5.5808	NaN	25.78	16.491	66	0	102.4043	30.034	178	45	0.84	2.3063	19	0	26.9088	16.957	66	0	93.6334	22.9742	155	45	0.5422	1.8132	19	0	0.1475	4	30.9091	28.9053	50.5725	15.253	118.14	209.3655
71_10_FITC.tif	28f3d263-8301-4c07-b64c-9ba623dc67c3	Cell		Positive	Annotation	Polygon	73.88	1794.7	3.5205	11.1565	0.3554	5.3954	0.9736	NaN	7.4	148	8.8401	27	0	27	112.1	2242	16.1861	144	89	55	7.4	148	8.8698	27	0	27	48.2514	41.5406	0.3514	20.0669	3.4338	NaN	1.4043	3.6786	27	0	57.4	33.3571	144	5	1.2255	3.6392	27	0	0.8465	2.0461	13	0	52.3116	29.7956	138	5	0.6512	1.8979	13	0	0.074	6	42.1975	42.4494	84.4491	4.6627	285.3429	1099.9276
71_10_FITC.tif	4d07e034-6a8a-4673-9d8a-fb4784df11f3	Cell		Positive	Annotation	Polygon	72	1803.5	11.1827	17.8822	0.4395	7.9107	2.0241	NaN	2.4211	138	3.4171	14	0	14	113.614	6476	12.0056	139	87	52	2.3684	135	3.4207	14	0	14	74.3444	48.7862	0.3925	23.4249	4.5965	NaN	2.5944	4.6906	24	0	74.3917	26.9885	139	17	1.2944	3.0995	24	0	2.6271	4.8972	24	0	67.0132	22.2294	121	17	1.0924	2.9986	24	0	0.146	5	43.8104	23.7419	128.4404	4.6627	472.2661	1539.5065
71_10_FITC.tif	44aaed4c-833a-4cf4-9332-ed2b2797211d	Cell		Positive	Annotation	Polygon	62.08	1822.8	12.6323	19.1234	0.4341	8.9178	1.8522	NaN	3.254	205	4.3956	18	0	18	164.6825	10375	9.7001	180	142	38	1.3333	84	1.4591	5	0	5	108.7209	53.8076	0.4719	25.0446	5.3433	NaN	6.3973	8.5245	38	0	131.8061	18.3719	180	82	0.4905	1.1493	9	0	6.8251	8.8573	38	0	127.3326	14.2647	171	82	0.3758	1.0513	9	0	0.1149	7	123.7197	100.9458	400.0554	23.7419	339.8945	638.6395
71_10_FITC.tif	58bb3dbb-0dc2-497f-b3ca-1887c452938b	Cell		Positive	Annotation	Polygon	65.51	1929.7	14.7032	27.5425	0.2436	13.5277	1.4518	NaN	20.1507	1471	10.1402	45	1	44	127.1644	9283	24.7398	171	79	92	12.6164	921	11.5273	40	0	40	117.4185	62.5591	0.377	30.0211	5.0183	NaN	19.9227	12.5027	48	0	52.7873	37.0622	171	0	1.8225	5.8942	40	0	19.8891	12.8221	48	0	41.8407	23.479	116	0	0.2339	0.9088	10	0	0.1227	6	150.167	117.6808	482.9356	7.9014	2784.104	12297.1729
71_10_FITC.tif	e236339b-e3eb-4a4a-8c1a-e7a049072683	Cell		Positive	Annotation	Polygon	57.58	1926.2	12.6323	26.0445	0.234	9.5525	2.4377	NaN	1.2903	80	1.8322	10	0	10	108.6129	6734	10.0985	124	83	41	1.0968	68	1.6958	10	0	10	91.1184	53.1133	0.4059	23.7005	5.9971	NaN	2.1332	3.7523	21	0	70.6366	25.3655	124	27	0.614	1.5376	12	0	2.2703	3.9627	21	0	64.4567	21.4107	122	27	0.5354	1.498	12	0	0.1334	4	156.3889	56.9434	506.0028	5.6658	359.2229	638.6395
71_10_FITC.tif	464d6f28-46ce-4574-a0e1-07a3fef9c008	Cell		Positive	Annotation	Polygon	58.79	1938.1	4.3488	10.3031	0.5148	4.6368	1.248	NaN	1.7917	43	2.2454	8	0	8	110.75	2658	8.6238	123	94	29	1.7083	41	2.1964	8	0	8	39.9679	30.727	0.532	13.8976	3.6078	NaN	2.2806	4.2665	26	0	78.8418	16.1747	123	52	0.6633	1.7538	11	0	2.3488	4.4768	26	0	74.3895	11.2028	111	52	0.5174	1.6383	11	0	0.1084	3	164.4586	8.5279	479.182	5.6658	931.7335	1841.7573
71_10_FITC.tif	a81ea047-4768-4f26-970e-c1754c6c3af0	Cell		Positive	Annotation	Polygon	224.35	2148	41.0033	52.4781	0.1871	23.2386	3.2023	NaN	4.8186	983	6.4542	30	0	30	89.8088	18321	21.4453	134	37	97	4.8873	997	6.564	30	0	30	158.0077	86.9684	0.2625	39.5767	6.5345	NaN	1.7085	3.9849	30	0	39.4641	35.6609	134	2	1.434	4.0179	30	0	0.5775	1.3262	9	0	21.1569	17.5836	121	2	0.1783	0.6946	8	0	0.2622	8	432.8946	407.8873	1040.3123	5.8465	12446.9697	36742.1211
71_10_FITC.tif	e019aa78-2794-4cd8-9edb-bbae6fd98d1a	Cell		Positive	Annotation	Polygon	228.58	2151.5	15.7386	32.0824	0.1922	13.0312	2.9706	NaN	5.3797	425	6.7221	23	0	23	115.6962	9140	20.3856	146	75	71	5.2911	418	6.6932	23	0	23	55.4994	56.8721	0.2156	26.2185	4.1661	NaN	2.1218	4.4485	23	0	60.1292	47.9059	146	2	1.8376	4.4225	23	0	0.7812	1.8231	12	0	37.2656	35.6637	133	2	0.4167	1.5463	13	0	0.2757	6	273.5049	7.8311	1045.2635	3.381	15965.667	93382.0078
71_10_FITC.tif	4fc9e67f-a18b-41a3-b356-a8bc149b2bc6	Cell		Positive	Annotation	Polygon	226.05	2157.7	0.6213	3.7854	0.5448	1.7589	0.4732	NaN	1.2	6	1.6432	4	0	4	106.8	534	2.6833	109	103	6	1.2	6	1.6432	4	0	4	1.8638	7.3749	0.4306	3.5652	0.6832	NaN	0.5455	1.2136	4	0	100.2727	8.6613	109	86	0.5455	1.2136	4	0	0	0	0	0	94.8333	8.1343	105	86	0	0	0	0	0.308	4	73.0665	7.6156	273.6538	3.381	319.8471	730.734
71_10_FITC.tif	7dcb10df-05a5-4306-aac0-7a3bd05fb22a	Cell		Positive	Annotation	Polygon	228.76	2169.1	23.1938	35.825	0.2271	12.3779	3.3779	NaN	1.9417	233	2.711	11	0	11	105.4833	12658	27.0822	150	54	96	2.225	267	2.8387	12	0	12	80.9712	46.7794	0.465	21.6909	6.0433	NaN	1.0305	1.9547	11	0	55.4036	43.7952	150	5	0.8401	1.9081	12	0	0.6314	1.3312	7	0	33.4708	29.2606	133	5	0.2336	0.7188	5	0	0.293	5	59.2166	7.7395	268.1053	4.1026	170.2242	730.734
71_10_FITC.tif	988316a2-2904-4937-b0e9-9a0c2f238a27	Cell		Positive	Annotation	Polygon	230.14	2157.5	1.2425	6.1508	0.4127	2.8552	0.6382	NaN	5.375	43	4.7189	13	0	13	117.375	939	15.0517	130	84	46	6.25	50	5.4707	16	0	16	3.1063	11.3948	0.3006	5.4841	1.0211	NaN	2.7647	4.1311	13	0	80.5294	45.9118	130	15	3.1765	4.7859	16	0	0.4444	1.3333	4	0	47.7778	38.1208	112	15	0.4444	1.3333	4	0	0.3516	4	147.2593	5.1521	575.7086	3.0246	326.9565	762.5112
71_10_FITC.tif	72a0f61d-b897-4974-b81e-6045e0d19e7a	Cell		Positive	Annotation	Polygon	231.97	2160	7.041	14.2683	0.4346	6.8745	1.635	NaN	8.75	315	7.6359	27	0	27	93.3611	3361	20.2557	128	47	81	8.8056	317	7.6712	27	0	27	44.1096	41.9355	0.3152	20.4655	3.3942	NaN	1.7798	4.4729	27	0	29.0872	32.5026	128	1	1.5367	4.4928	27	0	0.4011	1.0661	6	0	16.3736	14.2481	88	1	0.0989	0.483	3	0	0.1529	6	403.0098	425.1246	809.1134	3.0246	23219.6035	81131.2891
71_10_FITC.tif	ad645f47-ea92-4839-b0e9-13248685b1a5	Cell		Positive	Annotation	Polygon	119.91	2409.4	1.4496	5.6347	0.5737	2.5307	0.967	NaN	9.1111	82	6.5659	18	0	18	74.5556	671	20.0693	97	42	55	8.7778	79	5.8689	17	0	17	65.8538	40.4859	0.5049	19.0067	4.5548	NaN	2.931	8.4516	55	0	23.5016	29.6137	145	1	2.4577	8.4282	56	0	2.7516	8.4409	55	0	22.0194	28.5301	145	1	2.2742	8.4271	56	0	0.0198	7	385.6235	280.1032	643.2391	268.1053	8671.5254	36535.5625
71_10_FITC.tif	fc5d5e6f-5cb3-4bf3-8eae-67474fc5d9b2	Cell		Positive	Annotation	Polygon	775.56	1440.9	3.9347	15.2304	0.2132	5.5664	1.6527	NaN	19.5	507	3.7868	28	12	16	214.3077	5572	3.8238	222	206	16	22.2308	578	4.6157	32	15	17	40.5891	43.4534	0.2701	19.6993	3.3738	NaN	7.1156	8.1595	30	0	187.4221	24.3145	222	125	8.9196	9.2493	32	0	5.2543	6.9201	30	0	183.3815	23.5106	221	125	6.9191	8.0358	32	0	0.1115	4	30.3113	9.5318	100.7145	1.467	71.3132	197.0307
71_10_FITC.tif	39c950fc-bed4-4637-b183-c629522d8610	Cell		Positive	Annotation	Polygon	772.54	1441.6	3.1063	9.2026	0.4609	4.361	0.8111	NaN	16.1875	259	5.2309	25	8	17	210.9375	3375	5.6151	220	201	19	19.0625	305	6.7277	29	8	21	33.5482	35.2975	0.3384	17.0621	2.9381	NaN	3.5	5.5865	25	0	179.4695	22.377	220	125	4.3902	6.5378	29	0	2.1284	3.5211	17	0	176.0676	20.7986	212	125	2.8041	4.1002	21	0	0.0616	3	36.8898	9.2409	99.9614	1.467	65.6769	127.3115
71_10_FITC.tif	a6e2fc61-4c79-4455-938c-d66326e78832	Cell		Positive	Annotation	Polygon	545.4	1451.7	5.3843	15.2924	0.2893	7.3857	1.0042	NaN	1.7667	53	2.3146	8	0	8	83.7667	2513	8.9276	100	67	33	1.6	48	2.2376	7	0	7	56.3278	37.7152	0.4976	17.1947	4.6163	NaN	1.4854	2.4228	11	0	51.781	17.0583	100	22	0.719	1.7112	11	0	1.4508	2.438	11	0	47.8484	13.25	99	22	0.6107	1.6076	11	0	0.0997	7	387.3874	217.0847	827.5316	6.2004	14929.0254	68013.9062
71_10_FITC.tif	3a9c688a-db82-42ee-a133-041a40c2bffe	Cell		Positive	Annotation	Polygon	547.15	1461	5.1772	14.0308	0.3305	6.8009	1.1321	NaN	3.8621	112	4.5491	22	0	22	95.069	2757	12.2735	118	63	55	3.8621	112	4.5491	22	0	22	25.0576	23.8284	0.5546	10.8048	2.9106	NaN	1.2984	2.8197	22	0	56.0323	26.5186	118	14	1.2339	2.7707	22	0	0.5158	1.2621	7	0	44.1158	16.1765	91	14	0.4316	1.0483	5	0	0.2203	6	44.2664	10.4992	218.4891	1.9713	124.9612	694.8749
71_10_FITC.tif	b7b000b0-6d7d-48c3-83e4-239cc0bb73d7	Cell		Positive	Annotation	Polygon	544.13	1464.5	2.6921	8.9275	0.4245	4.2641	0.6871	NaN	0.9286	13	1.3281	4	0	4	73.8571	1034	8.8392	88	60	28	0.9286	13	1.3281	4	0	4	16.567	21.7585	0.4397	10.0274	2.5367	NaN	0.75	2.0351	14	0	48.119	16.3636	88	24	0.7976	2.0756	14	0	0.7143	2.1545	14	0	42.9714	12.0866	85	24	0.7714	2.2013	14	0	0.1234	5	48.8102	7.8019	211.4518	1.9713	336.9812	1424.3721
71_10_FITC.tif	d95fffd8-7c27-4c21-8975-a530a8e77490	Cell		Positive	Annotation	Polygon	545.26	1471.4	6.2126	16.7951	0.2768	8.1407	1.3813	NaN	3.4118	116	4.2506	15	0	15	81.9118	2785	10.8777	101	56	45	3.3824	115	4.2854	16	0	16	27.5426	31.7762	0.3428	15.2494	3.0622	NaN	2.1985	3.0522	15	0	53.625	21.1681	101	16	1.0809	2.6192	16	0	1.7941	2.4265	9	0	44.1961	14.182	82	16	0.3137	0.8898	4	0	0.2392	4	7.3729	7.1905	10.0178	5.093	2.967	6.2958
71_10_FITC.tif	4d63c3b5-64b2-4322-8b62-f9344f5bd054	Cell		Positive	Annotation	Polygon	546.91	1474.3	4.1417	11.4838	0.3947	5.5534	0.9918	NaN	5.6364	124	7.0275	23	0	23	83.4545	1836	12.8461	106	64	42	5.2273	115	6.9071	23	0	23	22.3654	35.3878	0.2244	17.3096	2.2234	NaN	1.5	3.9433	23	0	47.0714	22.6221	106	14	1.2054	3.6764	23	0	0.4889	1.574	11	0	38.1778	13.8609	81	14	0.2222	0.7901	4	0	0.1753	3	7.6803	5.093	13.0214	4.9266	2.0986	3.5715
71_10_FITC.tif	81bb0ba9-47bd-4e2c-a94e-dd53700587b7	Cell		Positive	Annotation	Polygon	547.54	1482.2	3.1063	9.9645	0.3931	4.6843	1.0237	NaN	3.6111	65	4.1322	15	0	15	75	1350	10.2268	93	56	37	3.3333	60	4.1868	15	0	15	43.2813	35.0943	0.4416	16.7751	3.6205	NaN	1.128	2.2335	15	0	44.9526	14.7725	93	19	0.7536	1.9678	15	0	0.8964	1.8199	8	0	42.1503	11.6999	75	19	0.513	1.4146	7	0	0.069	9	187.7731	202.5106	751.5692	4.9266	13025.3174	81131.2891
71_10_FITC.tif	8b1dbe36-9c88-45a4-995a-3e014adce703	Cell		Positive	Annotation	Polygon	757.72	1535.7	4.3488	14.5755	0.2572	7.1348	1.085	NaN	1.7692	46	2.9163	11	0	11	102.2692	2659	6.4284	117	90	27	2.3077	60	3.0301	11	0	11	51.7718	42.6101	0.3583	20.6366	3.3134	NaN	2.0754	3.4799	17	0	74	17.4475	117	32	1.0556	2.222	12	0	2.1106	3.5429	17	0	70.7478	15.2325	102	32	0.9115	2.0701	12	0	0.0886	4	79.0354	100.338	108.8741	6.5915	113.9985	197.0307
71_10_FITC.tif	2b8bac6c-2093-434e-b41f-078ebc5f6f0c	Cell		Positive	Annotation	Polygon	754.6	1545.4	24.6434	36.0298	0.2386	14.9418	3.0025	NaN	2.5317	319	2.8473	12	0	12	120.3492	15164	19.2605	155	77	78	2.7302	344	3.0526	13	0	13	134.8139	67.2517	0.3746	32.0117	6.4197	NaN	3.5896	4.4903	19	0	73.1822	29.9992	155	23	0.9357	1.968	13	0	3.8425	4.768	19	0	61.9051	19.1582	120	23	0.5066	1.277	9	0	0.1902	7	295.2166	261.8157	809.1134	6.5915	21760.0996	81131.2891
