Image	Object ID	Object type	Name	Classification	Parent	ROI	Centroid X µm	Centroid Y µm	Nucleus: Area	Nucleus: Perimeter	Nucleus: Circularity	Nucleus: Max caliper	Nucleus: Min caliper	Nucleus: Eccentricity	Nucleus: Red mean	Nucleus: Red sum	Nucleus: Red std dev	Nucleus: Red max	Nucleus: Red min	Nucleus: Red range	Nucleus: Green mean	Nucleus: Green sum	Nucleus: Green std dev	Nucleus: Green max	Nucleus: Green min	Nucleus: Green range	Nucleus: Blue mean	Nucleus: Blue sum	Nucleus: Blue std dev	Nucleus: Blue max	Nucleus: Blue min	Nucleus: Blue range	Cell: Area	Cell: Perimeter	Cell: Circularity	Cell: Max caliper	Cell: Min caliper	Cell: Eccentricity	Cell: Red mean	Cell: Red std dev	Cell: Red max	Cell: Red min	Cell: Green mean	Cell: Green std dev	Cell: Green max	Cell: Green min	Cell: Blue mean	Cell: Blue std dev	Cell: Blue max	Cell: Blue min	Cytoplasm: Red mean	Cytoplasm: Red std dev	Cytoplasm: Red max	Cytoplasm: Red min	Cytoplasm: Green mean	Cytoplasm: Green std dev	Cytoplasm: Green max	Cytoplasm: Green min	Cytoplasm: Blue mean	Cytoplasm: Blue std dev	Cytoplasm: Blue max	Cytoplasm: Blue min	Nucleus/Cell area ratio	Delaunay: Num neighbors	Delaunay: Mean distance	Delaunay: Median distance	Delaunay: Max distance	Delaunay: Min distance	Delaunay: Mean triangle area	Delaunay: Max triangle area
71_14_FITC.tif	9317e3f5-fe78-483b-8897-8435442f6942	Cell		Positive	Annotation	Polygon	334.62	512.39	36.4474	38.4129	0.3104	16.3058	3.3833	NaN	6.7472	1201	7.3113	31	0	31	133.6236	23785	30.215	181	58	123	7.1011	1264	7.2409	31	0	31	171.6754	82.2986	0.3185	33.2362	7.4134	NaN	2.4771	4.597	31	0	53.1687	48.8936	181	2	1.6843	4.448	31	0	1.3113	2.4557	18	0	31.204	23.3011	133	2	0.2055	0.8519	9	0	0.2119	5	92.9987	48.2246	267.1796	8.4036	3131.1953	11655.2266
71_14_FITC.tif	7c01e6d8-100c-4353-af5e-56528f47d364	Cell		Positive	Annotation	Polygon	334.89	525.81	0.8283	3.5859	0.8095	1.6757	0.3316	NaN	0	0	0	0	0	0	82	328	7.5277	89	75	14	0	0	0	0	0	0	10.3544	20.0783	0.3228	9.6691	1.5005	NaN	1.1346	1.5969	6	0	45.4808	14.9227	89	24	0.4038	1.1421	6	0	1.2292	1.6274	6	0	42.4375	10.7266	67	24	0.4375	1.1833	6	0	0.0317	4	90.0277	46.2177	259.2716	8.4036	1610.6013	5682.0713
71_14_FITC.tif	e71889d6-763b-439e-b9d5-c7c0798449e3	Cell		Positive	Annotation	Polygon	241.16	524.68	6.8339	15.4751	0.3586	7.5229	1.4112	NaN	6.8378	253	9.017	27	0	27	83.7027	3097	23.4791	131	47	84	6.5135	241	8.8682	27	0	27	55.0852	45.092	0.3404	21.763	3.4012	NaN	1.7063	4.217	27	0	29.8587	26.3799	131	1	1.0446	3.9585	27	0	0.8879	1.752	13	0	21.2716	13.5285	91	1	0.1724	0.607	3	0	0.1216	5	116.3662	95.1787	245.1874	2.181	3106.2271	11655.2266
71_14_FITC.tif	5eefcc95-bb7b-4d26-9042-993a203b60e1	Cell		Positive	Annotation	Polygon	378.3	524.85	19.6733	25.7149	0.3739	12.242	2.2743	NaN	16.5	1551	11.5486	42	0	42	137.4894	12924	32.6341	186	50	136	14.5957	1372	12.3439	40	0	40	89.8759	50.8934	0.436	21.8023	6.5231	NaN	8.1918	10.0789	42	0	51.3721	54.4767	186	0	3.4452	8.2182	40	0	5.9215	8.3171	35	0	27.8401	30.0744	142	0	0.3983	1.1611	10	0	0.2165	6	67.178	14.6334	314.6267	4.7149	148.1802	497.2476
71_14_FITC.tif	964ecb88-ec88-4d97-bedc-7e3b29e7eed3	Cell		Positive	Annotation	Polygon	238.25	527.92	5.7984	12.1916	0.4902	5.8341	1.3057	NaN	11.3448	329	11.0559	39	0	39	106.4828	3088	20.6961	138	65	73	11.6207	337	11.0693	39	0	39	36.2403	41.987	0.2583	20.6718	2.7186	NaN	2.4944	6.0181	39	0	45.9111	35.1726	138	6	2.2056	6.1578	39	0	0.7947	1.5333	10	0	34.2781	23.4686	107	6	0.3974	1.3956	13	0	0.1437	4	7.3922	6.614	14.16	2.181	6.2209	11.4018
71_14_FITC.tif	bdf7da78-7b69-4023-abbe-265587b91e23	Cell		Positive	Annotation	Polygon	240.21	535.76	1.2425	4.7023	0.7062	2.0162	0.7628	NaN	0.375	3	1.0607	3	0	3	70	560	8.2462	81	58	23	0.5	4	1.069	3	0	3	18.6379	21.9334	0.4869	10.0224	2.5925	NaN	1	1.8525	7	0	37.8854	15.588	84	16	0.3333	1.1113	7	0	1.0568	1.902	7	0	34.9659	12.506	84	16	0.3182	1.1198	7	0	0.0573	4	61.5676	6.3497	230.4377	3.1332	197.4944	681.1328
71_14_FITC.tif	f374c47f-0fe3-46c3-9624-e6b3fdafee0e	Cell		Positive	Annotation	Polygon	235.09	537.8	15.9457	29.1436	0.2359	13.0705	2.1418	NaN	5.4074	438	8.1345	41	0	41	82.6667	6696	21.7945	129	32	97	5.4691	443	8.0438	41	0	41	100.0232	62.2627	0.3242	30.0281	4.6958	NaN	1.5329	3.9572	41	0	38.3498	26.0217	129	2	1.1214	3.8801	41	0	0.758	1.4439	8	0	29.4864	15.6941	86	2	0.2519	0.8448	7	0	0.1612	5	95.8258	10.0947	231.8953	4.1232	263.9193	681.1328
71_14_FITC.tif	fcb6a1ad-f1e4-4533-8e1e-7b42619b0ee1	Cell		Positive	Annotation	Polygon	379.43	535.49	1.2425	7.1086	0.309	3.4956	0.5035	NaN	14.75	118	3.8452	18	8	10	83	664	13.7425	98	62	36	0.5	4	0.9258	2	0	2	17.1883	22.3004	0.4343	10.5248	2.3919	NaN	5.6163	6.0763	23	0	42.3488	26.4854	106	10	0.2326	0.8356	5	0	4.6795	5.4642	23	0	38.1795	23.8304	106	10	0.2051	0.8274	5	0	0.0637	6	126.0898	12.2697	412.0891	4.0513	5941.6143	39394.4805
71_14_FITC.tif	84fc8dcf-e53f-4150-a5e0-e5ea6a559872	Cell		Positive	Annotation	Polygon	371.54	541.4	49.4939	44.951	0.3078	21.3012	3.7873	NaN	6.2397	1510	7.2542	35	0	35	143.5207	34732	23.3777	176	71	105	6.0826	1472	7.4867	35	0	35	141.0265	73.9008	0.3245	35.7298	6.1795	NaN	5.2195	7.6106	46	0	77.0291	57.5943	176	1	2.3183	5.3551	35	0	4.6659	7.749	46	0	40.9507	33.409	132	1	0.2758	1.4246	15	0	0.3482	7	19.2934	12.305	48.2246	3.1628	110.9151	347.3492
71_14_FITC.tif	7b22dd86-df93-417f-b8b5-a2799f2c4fc7	Cell		Positive	Annotation	Polygon	377.78	540.61	4.1417	9.5291	0.5732	4.1794	1.5137	NaN	14.3913	331	6.4155	29	6	23	90.6522	2085	13.4759	110	65	45	1.1739	27	1.9224	6	0	6	24.4363	26.5017	0.4372	12.5787	2.685	NaN	5.8487	7.0718	29	0	48.479	28.6101	116	9	0.6891	1.3824	6	0	3.8021	5.5396	26	0	38.375	20.9974	116	9	0.5729	1.203	4	0	0.1641	3	6.1087	5.8224	8.4523	4.0513	3.8265	6.1307
71_14_FITC.tif	6ad6f4f8-75de-4421-9836-31073ea160c0	Cell		Positive	Annotation	Polygon	231.44	541.37	6.8339	15.4173	0.3613	7.3488	1.6053	NaN	8	312	8.8882	35	0	35	76.5128	2984	18.961	114	45	69	9	351	9.5035	35	0	35	67.0963	49.3401	0.3463	23.7353	3.622	NaN	1.821	4.252	35	0	31.0463	22.457	114	2	1.321	4.3955	35	0	0.9754	2.0078	12	0	24.8246	14.2388	84	2	0.2702	0.8269	7	0	0.1085	5	186.8881	228.8566	400.0314	4.1232	3821.8948	13916.1855
71_14_FITC.tif	ba67e3fa-9246-4a3c-ad66-171e445fe472	Cell		Positive	Annotation	Polygon	375.95	545.21	4.9701	17.0346	0.2152	8.2753	0.8433	NaN	21.8966	635	4.2118	30	13	17	78	2262	9.468	94	55	39	1.3448	39	2.0577	8	0	8	21.7442	31.4465	0.2763	15.3129	2.1498	NaN	10.9541	9.3743	30	0	49.7615	24.5692	94	10	0.5321	1.4438	8	0	6.9875	7.3459	27	0	39.525	19.8654	85	10	0.2375	1.0094	7	0	0.2179	5	7.5639	5.8224	14.1656	3.1628	7.9729	21.9765
71_14_FITC.tif	56dcd72a-5209-4a65-a7fb-030203120734	Cell		Positive	Annotation	Polygon	374.57	550.64	3.9347	8.7663	0.6434	3.5256	1.4435	NaN	12.9048	271	4.4374	19	3	16	87.1429	1830	14.3083	109	58	51	0.6667	14	1.2383	5	0	5	18.0166	24.7822	0.3686	11.9066	1.9197	NaN	6.8901	6.149	23	0	46.7582	32.5837	109	2	0.2967	0.8232	5	0	5.0857	5.4127	23	0	34.6429	26.0807	109	2	0.1857	0.6207	3	0	0.2128	5	85.6947	4.8042	399.9869	4.2185	432.8029	1682.1123
71_14_FITC.tif	d9fc3b7b-e544-4bcf-ab1b-4fd8b5a1203c	Cell		Positive	Annotation	Polygon	373.34	553.84	2.485	8.0525	0.4816	3.6713	0.8123	NaN	15.2857	214	8.0711	26	0	26	82.2857	1152	10.2013	96	64	32	0.2857	4	0.6112	2	0	2	11.5969	22.9298	0.2772	11.2876	1.4871	NaN	5.8305	8.0455	26	0	47.4068	28.3531	103	12	0.1017	0.3569	2	0	2.8889	5.365	23	0	36.5556	22.8349	103	12	0.0444	0.2084	1	0	0.1878	4	103.3204	6.3736	396.4833	4.0512	247.6752	509.105
71_14_FITC.tif	146945b5-e9b8-4896-8732-081718dd66f3	Cell		Positive	Annotation	Polygon	371.3	559.35	5.5914	12.5448	0.4465	5.7987	1.6643	NaN	14.3214	401	6.5209	26	1	25	87.1786	2441	12.8986	105	61	44	2.2143	62	2.6716	9	0	9	38.9324	31.9435	0.4795	15.0388	4.1854	NaN	7.712	7.136	26	0	41.911	26.9898	105	6	0.5707	1.53	9	0	6.5767	6.6173	24	0	34.135	20.2882	99	6	0.2883	1.0045	6	0	0.1245	5	139.9012	49.5083	393.3585	4.0512	7805.2764	32589.584
71_14_FITC.tif	a66e3820-1274-451c-87bd-25cb780a1a27	Cell		Positive	Annotation	Polygon	258.99	759.95	33.5482	54.8584	0.1401	21.7347	2.7073	NaN	3.8012	631	4.6426	19	0	19	108.9819	18091	21.1361	151	59	92	1.7229	286	2.4927	14	0	14	149.7242	80.5431	0.29	39.0147	5.9136	NaN	4.0497	5.3681	28	0	58.2818	34.0142	151	12	0.692	1.6558	14	0	4.1237	5.5674	28	0	43.1989	19.3769	117	12	0.3853	1.1434	10	0	0.2283	6	123.7631	128.9706	234.8236	7.5944	314.6083	681.1328
71_14_FITC.tif	8e17e29a-49d0-49a8-a121-a4a2888a26fb	Cell		Positive	Annotation	Polygon	255.9	769.58	8.6977	18.3501	0.3246	8.2882	1.4183	NaN	9.3478	430	8.6184	29	0	29	125.9565	5794	20.8987	163	83	80	7.8696	362	9.3988	29	0	29	57.3632	48.3387	0.3085	23.4439	3.2444	NaN	7.3071	7.134	29	0	67.6393	34.9866	163	16	1.9714	5.1985	29	0	6.906	6.7538	29	0	56.1752	24.0407	127	16	0.812	2.6609	20	0	0.1555	8	84.6034	46.6659	231.8953	7.5944	229.7956	1046.2766
71_14_FITC.tif	1f908f4f-d4ac-4c50-95f3-e1474b263b0b	Cell		Positive	Annotation	Polygon	265.08	770.46	10.1473	20.1548	0.3139	8.7235	2.1382	NaN	9.0962	473	4.6664	19	0	19	88.2885	4591	8.678	107	66	41	2.1923	114	3.5149	16	0	16	106.2358	52.8719	0.4776	25.0185	5.5914	NaN	7.2749	5.4848	24	0	56.9922	18.1591	107	25	0.6121	1.6851	16	0	7.0694	5.5364	24	0	53.462	15.3451	91	25	0.4338	1.2152	8	0	0.0987	9	155.9157	240.2833	274.8991	11.7816	6326.4478	32589.584
71_14_FITC.tif	fb040eab-1a51-4723-a356-764e3dd8fe7d	Cell		Positive	Annotation	Polygon	260.13	791.57	6.2126	15.5074	0.3246	7.5833	1.1753	NaN	5.8065	180	5.0426	17	0	17	91.6129	2840	14.5182	112	62	50	4.3871	136	4.4021	15	0	15	57.7774	44.9016	0.3601	21.6471	4.2152	NaN	4.318	4.8683	19	0	48.0141	20.7452	114	20	0.8233	2.2528	15	0	4.1349	4.825	19	0	42.6508	13.9526	114	20	0.3849	1.2744	11	0	0.1002	5	19.4359	23.9266	33.1648	4.3709	33.1459	102.1141
71_14_FITC.tif	758df96a-5116-43dd-bd18-6e6ddeae6174	Cell		Positive	Annotation	Polygon	258.68	797.16	2.6921	9.0349	0.4144	4.3547	0.7947	NaN	7.6	114	5.3157	15	0	15	124.5333	1868	15.0801	148	94	54	6.6	99	5.1934	14	0	14	10.5615	25.1779	0.2094	12.3341	0.9463	NaN	7.1607	6.4322	20	0	81.625	38.3043	153	26	2.4464	4.4351	16	0	7	6.8484	20	0	65.9268	31.5408	153	26	0.9268	2.9613	16	0	0.2278	4	12.8516	8.4215	30.1924	4.3709	14.6069	39.8753
71_14_FITC.tif	2c100773-8bd0-41f5-a90a-f43a617ab1e3	Cell		Positive	Annotation	Polygon	258.8	804.39	8.9048	18.2444	0.3362	8.8341	1.3048	NaN	4.2553	200	6.6577	27	0	27	128.7872	6053	24.2244	169	75	94	4.0851	192	6.7271	27	0	27	37.0686	45.7533	0.2225	21.9358	2.9938	NaN	3.9505	6.8329	27	0	68.6703	41.3064	169	20	1.3571	3.926	27	0	3.8444	6.914	27	0	47.7407	19.8569	122	20	0.4074	1.3288	8	0	0.2251	5	13.6679	9.7408	33.6378	5.3753	7.6989	21.3561
71_14_FITC.tif	17dc2d08-1e17-49df-8833-86f903e00dd4	Cell		Positive	Annotation	Polygon	257.13	809.33	11.5969	20.036	0.363	9.5526	1.7786	NaN	4.9138	285	4.8785	16	0	16	141.8965	8230	20.1831	171	97	74	4.9138	285	4.7176	17	0	17	47.0088	44.995	0.2918	21.9761	3.0994	NaN	4.8225	6.7243	24	0	82.8701	44.3659	171	3	1.6407	3.3396	17	0	4.7919	7.2507	24	0	63.0809	30.4681	158	3	0.5434	1.6476	11	0	0.2297	5	15.4065	10.5971	41.4359	6.1061	18.0885	39.8753
71_14_FITC.tif	5898f9c3-8421-4e68-a79e-819b02a5ac87	Cell		Positive	Annotation	Polygon	255.44	821.2	17.3953	25.4339	0.3379	12.2598	2.0677	NaN	6.0337	537	6.0555	21	0	21	122.1685	10873	19.7865	162	80	82	3.0449	271	4.3325	20	0	20	68.753	56.1436	0.2741	27.4688	3.9191	NaN	5.2426	6.9896	30	0	75.2604	36.9044	162	7	1.1331	2.6736	20	0	4.9598	7.285	30	0	58.494	25.2957	127	7	0.4498	1.1281	6	0	0.2544	4	18.2803	8.906	51.896	3.4132	21.4667	39.3884
71_14_FITC.tif	aeb7834c-dd5d-46d3-81e1-06920f97f220	Cell		Positive	Annotation	Polygon	257.62	820.34	0.4142	3.5042	0.4238	1.6751	0.2701	NaN	0	0	0	0	0	0	102	306	9	111	93	18	0	0	0	0	0	0	7.2481	17.106	0.3113	8.3796	1.2116	NaN	0.2895	0.8671	4	0	64.2105	20.5888	111	35	0.4474	0.9781	4	0	0.3143	0.9	4	0	60.9714	17.8811	101	35	0.4857	1.0109	4	0	0.0347	7	227.1741	13.4795	1250.2739	3.4132	19769.457	129401.8906
71_14_FITC.tif	eb32a849-d8b7-4091-88ba-8a06f57878a5	Cell		Positive	Annotation	Polygon	253.27	829.28	3.7276	10.567	0.4195	5.0659	0.8966	NaN	8.9	178	6.9653	25	0	25	94.7	1894	14.3384	118	70	48	7.35	147	7.5343	25	0	25	45.5592	40.1112	0.3558	19.418	3.3073	NaN	5.2432	5.7343	25	0	45.9505	26.2086	118	3	1.2523	3.3159	25	0	4.8812	5.4868	20	0	41.1238	21.8156	94	3	0.6485	1.63	7	0	0.0643	9	502.6096	287.2692	1447.4751	7.2148	30866.4883	159050.25
71_14_FITC.tif	89aa7d91-72af-4b77-898a-77a57b1e8264	Cell		Positive	Annotation	Polygon	164.91	934.8	9.1118	15.3498	0.486	6.8404	1.9335	NaN	13.6531	669	12.8364	49	0	49	84.0816	4120	31.9426	142	28	114	10.551	517	13.7977	48	0	48	105.2004	49.9391	0.5301	23.0362	5.9509	NaN	4.3202	6.4535	49	0	28.8743	24.3153	142	4	1.2083	5.277	48	0	3.3261	4.3097	19	0	22.9935	13.6974	79	4	0.213	0.7742	6	0	0.0828	4	410.9436	468.6145	566.6953	139.8501	14031.1621	23423.2324
71_14_FITC.tif	9816f223-26a0-48a3-a8ce-d8e6872ae127	Cell		Positive	Annotation	Polygon	155.9	1468.6	5.3843	12.1454	0.4587	5.4971	1.6571	NaN	2.1613	67	2.782	9	0	9	100.3548	3111	8.796	114	79	35	2.129	66	2.7778	9	0	9	50.9435	32.9418	0.5899	14.895	4.7066	NaN	0.6185	1.5998	9	0	50.2249	31.4427	114	9	0.6867	1.6819	9	0	0.3991	1.2111	7	0	43.0963	26.6295	105	9	0.4817	1.3516	7	0	0.1111	5	251.7305	34.1636	652.3835	8.2551	4954.7505	23423.2324
71_14_FITC.tif	d3a87ab2-679e-4658-9ed3-f311b9ba38d0	Cell		Positive	Annotation	Polygon	155.92	1481.6	14.0819	25.9177	0.2634	11.5343	2.2959	NaN	0.9577	68	1.9156	10	0	10	97.7183	6938	10.4392	121	74	47	0.9437	67	1.8965	10	0	10	82.0066	48.4649	0.4387	20.2316	6.1929	NaN	0.8816	1.8378	12	0	72.0504	25.7866	121	14	0.7708	1.7438	12	0	0.865	1.823	12	0	66.4601	24.7277	106	14	0.7331	1.7095	12	0	0.1663	3	18.0124	18.3995	27.3825	8.2551	79.7633	165.3806
71_14_FITC.tif	8318e4e2-e977-48dd-b4d4-60bac3fce7e9	Cell		Positive	Annotation	Polygon	155.87	1500.3	13.8749	22.3239	0.3499	10.622	2.1333	NaN	2.1286	149	3.2745	15	0	15	90.7143	6350	14.7089	119	56	63	2.1429	150	3.2673	15	0	15	103.5437	53.3612	0.457	25.019	5.5914	NaN	0.7884	1.8834	15	0	56.6527	22.0561	119	23	0.7285	1.8282	15	0	0.5708	1.4367	13	0	51.1207	17.6466	92	23	0.4988	1.3397	13	0	0.1299	7	236.7013	53.6816	783.9229	18.1176	9310.333	75963.7656
71_14_FITC.tif	dda7935e-c675-4749-bf03-4cdd3d87332d	Cell		Positive	Annotation	Polygon	137.77	1500.7	9.526	21.6122	0.2563	10.6029	1.3741	NaN	48.0392	2450	14.2126	66	17	49	73.4118	3744	10.5568	92	47	45	2.6863	137	4.2731	20	0	20	101.887	56.6002	0.3997	27.016	4.9328	NaN	21.2663	19.3779	66	0	40.5488	20.9815	92	5	0.6463	1.9726	20	0	18.1701	17.4179	61	0	36.7483	18.41	78	5	0.4104	1.3149	13	0	0.0897	7	169.1336	53.0717	566.6953	18.1176	1311.4189	4754.0679
71_14_FITC.tif	063049b3-9049-463e-8d25-13086336e415	Cell		Positive	Annotation	Polygon	154.42	1576.1	2.278	10.9249	0.2398	5.3732	0.7161	NaN	54.1538	704	7.9041	65	40	25	69.1538	899	5.8998	81	62	19	2.6923	35	4.4419	14	0	14	68.753	45.6849	0.414	22	4.1417	NaN	39.6697	15.4411	72	1	49.955	14.4381	81	8	0.6817	1.8807	14	0	39.0812	15.3914	72	1	49.175	14.1426	78	8	0.6	1.6635	9	0	0.0299	5	243.9547	77.3602	707.6849	23.9965	6714.3433	30486.9043
71_14_FITC.tif	87797fda-a024-49d5-8142-0eef421f3374	Cell		Positive	Annotation	Polygon	628.52	719.43	12.0111	20.2078	0.3696	8.8333	2.1389	NaN	7.9531	509	8.4936	27	0	27	85.4531	5469	26.0743	133	41	92	8.0781	517	8.4915	27	0	27	113.8981	55.6042	0.4629	26.0414	5.5914	NaN	1.2319	3.8714	27	0	24.779	26.9223	133	0	1.1793	3.9057	27	0	0.3504	0.9538	7	0	16.8217	13.5967	88	0	0.2746	0.9256	7	0	0.1093	8	430.973	356.8653	674.8246	253.6079	20734.748	43497.4297
71_14_FITC.tif	d14d5a3c-396d-4547-9a99-a2f4e73ddf1b	Cell		Positive	Annotation	Polygon	488.73	930.59	2.8992	9.6372	0.3923	4.5591	0.8975	NaN	3.4706	59	3.907	12	0	12	62.0588	1055	9.5228	75	44	31	3.2353	55	3.8815	12	0	12	71.8593	44.4715	0.4566	21.0171	4.3488	NaN	0.8309	1.9863	14	0	34.6046	17.5904	75	4	0.7479	1.8981	14	0	0.6958	1.7419	14	0	33.1988	16.7403	74	4	0.6205	1.6509	14	0	0.0395	10	471.6797	398.2351	1115.6472	253.6079	30380.4336	129401.8906
71_14_FITC.tif	08859a86-a91c-4a43-854d-c0b57322eca7	Cell		Positive	Annotation	Polygon	750.38	1047.3	12.8394	23.2749	0.2978	10.5694	2.2136	NaN	15.5231	1009	7.7057	31	1	30	127.3538	8278	18.1215	161	82	79	2.9385	191	4.2606	16	0	16	93.8106	55.7857	0.3788	26.9504	4.9259	NaN	14.5536	8.1916	36	0	88.849	27.3071	161	39	0.9672	2.3835	16	0	14.3929	8.2678	36	0	82.4643	22.9901	130	39	0.6403	1.7032	12	0	0.137	5	109.9699	10.6447	351.7346	7.6826	2489.5254	11728.8086
71_14_FITC.tif	8b70b589-afba-44d7-ac1c-63203219d4a1	Cell		Positive	Annotation	Polygon	754.47	1051.3	23.608	27.2773	0.3987	12.5946	2.5642	NaN	10.5043	1229	7.7711	35	0	35	152.0342	17788	18.3636	182	104	78	1.5214	178	2.7342	15	0	15	53.4285	50.095	0.2675	23.7731	3.1594	NaN	15.374	9.4778	43	0	115.3969	39.7452	182	41	0.8931	2.0408	15	0	19.3034	8.908	43	0	85.8345	24.9179	153	41	0.3862	0.9732	6	0	0.4289	4	5.7014	5.4031	8.9176	3.0818	8.7277	10.9717
71_14_FITC.tif	afa6b6fb-bbde-4466-ab09-94725c796cdd	Cell		Positive	Annotation	Polygon	757.94	1057.2	16.7741	25.1979	0.332	11.5903	2.4545	NaN	8.1744	703	5.8414	24	0	24	145.4419	12508	9.2133	159	119	40	2.1279	183	3.2496	14	0	14	91.9468	58.6747	0.3356	28.0499	4.4544	NaN	8.2247	6.4371	33	0	97.4449	32.4376	159	29	0.8966	2.1399	14	0	8.2368	6.5793	33	0	85.9471	24.4711	146	29	0.6017	1.6495	12	0	0.1892	5	89.1597	10.6447	361.9959	3.1235	155.4695	505.1737
71_14_FITC.tif	960239c6-30e4-47a6-86aa-437da5d35fe6	Cell		Positive	Annotation	Polygon	752.17	1060.6	5.7984	14.454	0.3488	7.002	1.2941	NaN	7.7586	225	3.4708	15	3	12	129.7586	3763	4.9473	139	120	19	1.7586	51	2.4735	9	0	9	31.4773	35.0977	0.3211	17.1043	2.7731	NaN	8.1019	5.3352	23	0	99.3121	26.3448	139	32	0.9618	2.0659	13	0	8.1797	5.6811	23	0	92.4141	24.2385	133	32	0.7812	1.9276	13	0	0.1664	5	51.4826	9.29	161.5199	3.0818	257.2232	1013.154
71_14_FITC.tif	9c0d17e6-17ab-4b49-84be-11861b1373ee	Cell		Positive	Annotation	Polygon	754.74	1068.7	4.1417	10.1524	0.505	4.7278	1.0616	NaN	2.4091	53	2.323	8	0	8	131.7727	2899	10.7789	143	109	34	0.7273	16	1.2025	4	0	4	35.2049	28.2161	0.5557	13.049	3.7651	NaN	7.3121	5.0573	19	0	93.0751	24.6275	143	48	0.5318	1.213	6	0	8.0265	4.953	19	0	87.4371	20.6777	134	48	0.5033	1.2159	6	0	0.1083	5	29.8662	8.9176	70.0285	6.8299	83.1252	239.6043
71_14_FITC.tif	89e02743-de74-4182-8bf1-4d7d439589ef	Cell		Positive	Annotation	Polygon	766.7	1118	11.1827	26.1307	0.2058	12.7689	1.378	NaN	1.2759	74	2.1586	10	0	10	164.2069	9524	3.7592	172	157	15	0.2931	17	0.4959	2	0	2	86.7696	59.8217	0.3047	28.8916	4.4689	NaN	2.734	3.8422	18	0	141.8812	21.9182	176	82	1.0713	1.9407	10	0	2.9669	3.9999	18	0	138.3141	21.5067	176	82	1.1956	2.0539	10	0	0.1294	6	59.665	59.468	113.1861	7.644	85.2343	239.6043
71_14_FITC.tif	152cf938-d173-41dd-81b3-bc55569ae710	Cell		Positive	Annotation	Polygon	760.37	1131.7	42.8671	45.3341	0.2621	21.7804	3.3718	NaN	5.5093	1179	5.3775	25	0	25	174.2523	37290	12.3942	195	132	63	2.0467	438	3.849	24	0	24	158.2148	78.271	0.3245	36.6803	6.487	NaN	5.5516	5.0904	25	0	124.0052	45.7958	195	14	0.9046	2.4474	24	0	5.5681	4.9794	23	0	104.49	38.5991	186	14	0.461	1.3704	10	0	0.2749	6	45.3824	42.9038	86.7734	8.4257	249.8218	1013.154
71_14_FITC.tif	1b776c98-7b62-4ea5-8143-bc03a860ba62	Cell		Positive	Annotation	Polygon	764.63	1128.7	6.4197	18.4873	0.236	9.0149	1.1701	NaN	2.5676	95	4.0452	15	0	15	165.5405	6125	5.3676	178	156	22	0.5676	21	1.119	5	0	5	52.8073	47.4031	0.2953	23.0713	2.9055	NaN	2.8192	4.2637	19	0	148.7462	17.7047	178	72	0.6115	1.306	8	0	2.861	4.3062	19	0	145.9596	17.4991	173	72	0.6188	1.3366	8	0	0.1287	4	33.2708	15.2887	94.8617	7.644	61.8367	154.4369
71_14_FITC.tif	eaa8691e-f978-4790-99aa-c2479f82a306	Cell		Positive	Annotation	Polygon	761.43	1152.3	12.4252	21.7193	0.331	9.4325	2.375	NaN	9.4478	633	6.2988	22	0	22	175.9254	11787	18.5197	205	133	72	3.0149	202	4.6629	20	0	20	74.3444	41.0966	0.5532	18.2863	5.2715	NaN	7.9086	5.5513	27	0	117.1662	39.2771	205	48	0.8199	2.4171	20	0	7.5578	5.3161	27	0	103.7755	29.1336	176	48	0.3197	0.9634	7	0	0.1789	4	45.6045	47.3992	73.0232	14.5966	255.7216	689.3049
71_14_FITC.tif	2635778e-7192-483c-81a0-427e66af70b1	Cell		Positive	Annotation	Polygon	742.82	1219.2	7.6622	15.7056	0.3904	6.9463	1.6986	NaN	9.25	370	10.8244	41	0	41	86.625	3465	22.088	131	48	83	9.025	361	10.8427	41	0	41	93.3964	49.3752	0.4814	23.0191	5.1772	NaN	1.5686	4.3056	41	0	35.3296	20.4326	131	12	1.0996	4.145	41	0	0.8228	1.7102	9	0	30.3495	11.4405	77	12	0.3301	0.9953	7	0	0.0784	9	160.3906	161.5199	513.0011	19.0963	7965.0854	43497.4297
71_14_FITC.tif	14bea3ad-6bbc-4592-9650-cf77969a2dfa	Cell		Positive	Annotation	Polygon	761.69	1218.6	11.5969	21.5803	0.3129	9.8236	1.8588	NaN	7.5965	433	4.8324	18	0	18	121.0702	6901	17.63	155	87	68	1.807	103	2.7803	10	0	10	77.2436	48.8276	0.4071	20.3879	5.3809	NaN	9.1123	5.6515	24	0	78.8369	25.179	155	20	0.8155	1.7864	10	0	9.3849	5.7509	24	0	71.2429	17.7108	125	20	0.6372	1.4791	8	0	0.1363	5	60.0356	73.0232	102.4446	10.752	203.6839	689.3049
71_14_FITC.tif	3c65231d-a980-4fe5-8a6f-434512143596	Cell		Positive	Annotation	Polygon	761.87	1236	15.9457	28.6407	0.2443	13.3583	1.9802	NaN	6.2048	515	4.8181	18	0	18	124.5301	10336	13.0789	143	87	56	1.3373	111	1.7128	7	0	7	90.9114	48.9689	0.4764	22.3815	5.5765	NaN	8.3205	5.4963	23	0	81.2009	28.9151	143	22	0.5418	1.2584	8	0	8.8083	5.5333	23	0	71.2111	21.3585	126	22	0.3583	1.0486	8	0	0.1788	4	79.0913	68.1987	169.216	10.752	609.6181	1701.7454
71_14_FITC.tif	88269231-29bb-4d64-bca2-69c9165c5476	Cell		Positive	Annotation	Polygon	607.05	1385.3	7.6622	17.6273	0.3099	8.234	1.486	NaN	2.6	117	2.6748	9	0	9	72.9778	3284	8.8613	88	56	32	2.7111	122	3.3072	14	0	14	97.124	53.027	0.4341	25.013	4.9632	NaN	1.2149	2.2219	17	0	38.934	18.3955	88	7	0.8043	2.1049	17	0	1.0682	2.1197	17	0	35.3294	15.1701	80	7	0.6024	1.8273	17	0	0.0908	6	215.0635	157.3213	666.8491	22.289	12702.7812	43497.4297
71_14_FITC.tif	3bf77750-02aa-46e7-86cb-9ce112a2e8b2	Cell		Positive	Annotation	Polygon	585.87	1392.1	13.2536	21.3819	0.3643	9.5247	2.0988	NaN	5.2174	360	5.9554	23	0	23	81.0435	5592	20.5766	119	45	74	4.942	341	6.068	23	0	23	110.9988	55.2312	0.4573	26.0082	5.5914	NaN	1.5634	3.1343	23	0	31.819	22.522	119	8	0.9142	2.7972	23	0	1.0236	1.9581	10	0	24.546	10.4296	73	8	0.3191	0.9235	7	0	0.1194	7	261.0705	163.1888	674.8246	22.289	11690.5205	42539.9102
71_14_FITC.tif	4e1df053-97a0-4092-a3d8-aa760f6fae3c	Cell		Positive	Annotation	Polygon	745.94	1400.9	5.7984	12.0631	0.5007	5.6673	1.2425	NaN	12.7333	382	11.5339	40	0	40	87.4667	2624	18.4105	120	60	60	12.5	375	11.4252	39	0	39	80.1428	46.7181	0.4614	22.0073	4.5559	NaN	3.6314	5.1178	40	0	32.4381	19.2356	120	6	1.2113	4.5999	39	0	2.8687	3.1688	16	0	27.8268	9.8883	64	6	0.2654	0.8531	6	0	0.0669	7	269.964	201.3778	433.3002	139.7666	8801.8379	13498.6357
71_14_FITC.tif	3e3d6039-fbb5-49d2-b764-00e757309fbe	Cell		Positive	Annotation	Polygon	608.73	1456.8	11.3898	22.0893	0.2933	10.5667	2.003	NaN	6.3273	348	6.8369	23	0	23	82.9636	4563	17.4992	117	54	63	5.9818	329	6.8759	23	0	23	106.8571	56.3792	0.4225	27.0095	5.3843	NaN	1.3714	3.1802	23	0	37.9574	20.1282	117	9	1	3.0032	23	0	0.7814	1.6019	9	0	32.5996	12.1319	67	9	0.4069	1.1154	8	0	0.0984	8	79.6992	77.0153	103.3504	60.7114	494.2319	1633.0139
71_14_FITC.tif	b49118a3-95ef-4024-bc0a-8af344adf9c0	Cell		Positive	Annotation	Polygon	607.56	1515.9	7.2481	18.4876	0.2665	9.0034	1.0751	NaN	1.4737	56	2.2147	10	0	10	107.0789	4069	10.3568	122	84	38	1	38	1.6765	8	0	8	61.505	49.5348	0.315	23.9653	3.5863	NaN	1.6689	3.2431	21	0	63.99	26.5847	122	21	0.7625	2.1301	21	0	1.6973	3.369	21	0	57.7165	21.998	117	21	0.728	2.1889	21	0	0.1161	5	29.02	32.5939	60.7114	5.013	91.7507	300.3837
71_14_FITC.tif	2f0fa418-c5e3-4189-824f-8c4078705b72	Cell		Positive	Annotation	Polygon	151.52	1552	7.041	19.2169	0.2396	9.3021	1.2251	NaN	49.9268	2047	11.0077	67	26	41	72.9512	2991	6.352	89	61	28	1.439	59	2.0621	8	0	8	98.7807	54.4858	0.4181	26.0273	4.9403	NaN	31.4633	16.308	67	0	48.587	19.8824	89	3	0.5786	1.4655	9	0	29.7271	15.6436	65	0	46.2959	19.1741	83	3	0.4977	1.3721	9	0	0.0756	3	43.5833	53.0717	53.6816	23.9965	231.2056	476.2439
71_14_FITC.tif	91f238d3-4ad2-44b2-b065-a236c25e31c1	Cell		Positive	Annotation	Polygon	121.46	1908.9	13.4607	22.1561	0.3446	10.3809	2.141	NaN	7.1286	499	8.0666	25	0	25	86.5143	6056	29.1516	130	29	101	7.5429	528	7.6853	25	0	25	121.9745	59.184	0.4376	28.0769	5.7685	NaN	1.4585	3.7774	25	0	30.4653	26.2291	130	2	1.0609	3.6638	25	0	0.6967	1.6268	13	0	22.9347	13.7151	93	2	0.19	0.9886	13	0	0.1148	5	466.4751	407.6094	600.0503	333.8374	15686.4727	30486.9043
71_14_FITC.tif	9792de2e-6423-48d2-a0f0-abdff08596a7	Cell		Positive	Annotation	Polygon	268.64	2274.5	9.3189	19.6564	0.3031	9.5519	1.5328	NaN	17.4082	853	14.4423	41	0	41	108.5918	5321	30.6967	157	45	112	18.6531	914	14.3259	41	0	41	100.2303	54.4842	0.4243	26.005	5.1192	NaN	2.6371	6.9861	41	0	28.4144	30.5557	157	3	2.0804	7.189	41	0	0.9771	1.9872	11	0	19.4037	11.373	71	3	0.2179	0.6649	4	0	0.0964	7	577.7706	394.6767	1447.4751	162.9888	48750.2422	159050.25
71_14_FITC.tif	c4e7b99d-291d-4df7-83d2-e4af5a402f20	Cell		Positive	Annotation	Polygon	396.14	2376	7.041	13.4642	0.4881	6.0453	1.3025	NaN	12.8108	474	7.7954	27	0	27	71.7838	2656	11.3042	88	37	51	12.8378	475	7.7586	27	0	27	87.1838	47.6951	0.4816	22.037	4.763	NaN	1.6564	4.3834	27	0	23.1256	16.0773	88	6	1.3152	4.2914	27	0	0.5844	1.4926	10	0	18.4494	4.6208	34	6	0.2078	0.7242	6	0	0.0791	5	267.5346	228.4539	378.6899	162.9888	18446.4922	30439.6758
71_14_FITC.tif	d392d235-90b5-4675-8277-8aa3cb581e55	Cell		Positive	Annotation	Polygon	207.07	2495.5	1.4496	6.2446	0.4671	2.9922	0.552	NaN	5.625	45	5.9025	15	0	15	84	672	9.5768	97	72	25	5.5	44	5.8797	15	0	15	30.856	31.0712	0.4016	14.6789	2.827	NaN	1.2727	2.4978	15	0	54.5455	17.0685	97	23	0.9351	2.2366	15	0	1.0342	1.9491	9	0	52.9315	15.89	84	23	0.6849	1.5481	9	0	0.0347	4	264.5493	228.9517	596.2016	4.0921	11502.5176	27844.1484
71_14_FITC.tif	bf467cb5-80b7-4bdf-bd51-f028fb3e2195	Cell		Positive	Annotation	Polygon	205.36	2504.8	6.6268	15.7043	0.3377	7.2416	1.611	NaN	2.4615	96	3.6552	16	0	16	82.4359	3215	9.5167	102	62	40	2.4615	96	3.6335	16	0	16	68.9601	47.3027	0.3873	22.7677	4.8312	NaN	1.006	2.3899	19	0	51.1826	21.2406	102	8	0.8832	2.2451	19	0	0.8136	2.1034	19	0	47.0508	18.7778	90	8	0.6746	1.9048	19	0	0.1039	3	277.5321	228.4539	600.0503	4.0921	372.3558	415.8557
71_14_FITC.tif	f46138e1-09f6-407c-9b10-c3847e9e25eb	Cell		Positive	Annotation	Polygon	605.34	1521.6	12.0111	21.8612	0.3158	10.7126	1.5005	NaN	1.2459	76	1.9888	9	0	9	117.5246	7169	10.5508	136	93	43	1.4426	88	2.0209	9	0	9	48.4584	48.3366	0.2606	23.4939	3.6447	NaN	1.35	2.3471	12	0	90.05	24.0212	136	32	0.95	1.8334	12	0	1.3855	2.4614	12	0	80.6871	19.7584	124	32	0.7821	1.7393	12	0	0.2346	4	25.6443	15.9785	65.6072	5.013	179.3927	607.5538
71_14_FITC.tif	564560c4-ea0f-456e-a1cc-380a5979f416	Cell		Positive	Annotation	Polygon	604.29	1534	8.9048	16.6037	0.4059	7.8809	1.681	NaN	0.5682	25	1.1081	4	0	4	102.7045	4519	6.5471	115	88	27	0.6591	29	1.1195	4	0	4	62.9546	40.4952	0.4824	19.0284	4.6618	NaN	1.7639	2.8522	13	0	74.2262	18.7959	115	38	0.7115	1.9489	14	0	1.9655	3.0043	13	0	69.4253	15.6716	104	38	0.7203	2.0574	14	0	0.1369	7	35.0125	21.5252	113.2042	8.3953	288.1231	999.5891
71_14_FITC.tif	a31330d2-b33f-4d2d-bc99-c434954e1768	Cell		Positive	Annotation	Polygon	586.53	1532.6	23.1938	36.6888	0.2165	17.874	1.8197	NaN	2.9565	340	3.3387	13	0	13	144.2522	16589	15.3633	171	110	61	3.3826	389	3.5083	13	0	13	104.372	57.8303	0.3922	27.6705	5.2961	NaN	1.0533	2.2412	13	0	94.5404	38.5763	171	21	1.0039	2.2738	13	0	0.4949	1.3682	9	0	79.9566	30.2809	170	21	0.3061	0.9744	9	0	0.2237	6	50.0579	21.4483	143.9566	12.2544	431.8955	1633.0139
71_14_FITC.tif	52c36c02-56c8-4c6c-a8d0-4411a34ea343	Cell		Positive	Annotation	Polygon	587.59	1549.4	10.3544	24.5658	0.2156	12.0269	1.3217	NaN	5.0526	288	4.6191	17	0	17	140.2632	7995	14.4846	162	108	54	5.1404	293	4.5294	17	0	17	55.2923	45.5967	0.3342	22.0148	3.5437	NaN	1.5111	3.2649	17	0	80.1778	40.3195	162	11	1.4222	3.232	17	0	0.5634	1.9013	14	0	64.0986	27.8728	139	11	0.4272	1.7673	14	0	0.1948	4	16.8239	17.3874	25.228	7.2926	85.0687	194.6538
71_14_FITC.tif	5f155b1f-2f98-46b9-8ae1-cfbf575b5ccc	Cell		Positive	Annotation	Polygon	615.9	1545.9	18.6379	27.2832	0.3146	11.3826	2.5994	NaN	1.8404	173	3.5113	17	0	17	121.8404	11453	10.939	146	85	61	2.3298	219	4.5659	25	0	25	54.8782	52.0735	0.2543	24.0877	3.3642	NaN	1.9048	3.5931	19	0	81.8974	37.4256	146	25	1	2.9704	25	0	1.9385	3.6445	19	0	60.9218	28.1576	129	25	0.3017	1.0802	9	0	0.3296	5	29.1967	16.684	92.2989	1.8789	91.2651	300.3837
71_14_FITC.tif	4bd9f932-f6f5-4b85-8682-ad4449085256	Cell		Positive	Annotation	Polygon	613.11	1551.4	11.804	24.4546	0.248	11.0292	2.0389	NaN	2	120	3.7052	15	0	15	116.1333	6968	12.5421	138	88	50	2.0667	124	3.7274	15	0	15	80.7641	57.7924	0.3039	28.011	4.2309	NaN	1.6107	2.6762	15	0	80.084	26.6871	138	26	0.9593	2.2197	15	0	1.5405	2.4462	11	0	73.5886	23.1469	128	26	0.7598	1.7569	10	0	0.1384	5	33.5457	21.5252	94.5287	2.5277	196.444	552.8555
71_14_FITC.tif	de291327-61d7-4eb2-8c4e-81f632b3d522	Cell		Positive	Annotation	Polygon	618.49	1546.5	6.2126	14.3847	0.3773	6.8651	1.1895	NaN	4.5152	149	4.6106	15	0	15	114.4848	3778	12.7159	134	88	46	4.4242	146	4.5002	14	0	14	32.0985	33.1222	0.3677	15.9602	2.8375	NaN	1.5796	3.0343	15	0	59.758	36.1183	134	15	1.1975	2.8475	14	0	0.7984	1.7942	10	0	45.1936	24.394	111	15	0.3387	1.2157	10	0	0.1861	5	26.3782	10.9192	92.879	1.8789	54.8748	151.5888
71_14_FITC.tif	2c2fd636-b487-4eed-99c9-a85e82985c92	Cell		Positive	Annotation	Polygon	583.84	1555.4	11.1827	21.9098	0.2927	10.6013	1.3389	NaN	5.9123	337	7.3976	30	0	30	130.7544	7453	20.9039	167	93	74	5.8947	336	7.4634	30	0	30	60.0553	46.4902	0.3492	22.5872	3.8226	NaN	1.4369	4.018	30	0	77.8532	32.5704	167	34	1.3038	4.0307	30	0	0.3559	0.9938	5	0	65.0763	19.2684	132	34	0.1949	0.7524	5	0	0.1778	5	66.1666	19.3349	163.1888	7.2926	953.2051	4116.2285
71_14_FITC.tif	1a507baa-b104-4602-a7c7-c8e95cefb93b	Cell		Positive	Annotation	Polygon	622.82	1559.3	33.134	35.352	0.3332	13.7467	3.8411	NaN	1.9136	310	3.0936	16	0	16	128.5309	20822	20.2773	169	78	91	2.1605	350	3.1797	15	0	15	132.9501	63.5948	0.4131	30.0319	5.859	NaN	0.9393	2.3418	17	0	80.5941	35.3702	169	23	0.9813	2.3915	17	0	0.6112	1.9226	17	0	64.4491	22.3295	138	23	0.5842	1.9055	17	0	0.2491	8	101.915	125.7513	201.3778	2.7589	3575.3042	12770.2627
71_14_FITC.tif	c450294e-0b34-4af6-a469-b52486c01b37	Cell		Positive	Annotation	Polygon	617.54	1570	22.5725	37.0968	0.2061	17.4416	1.9045	NaN	1.2301	139	2.0702	11	0	11	118.3186	13370	9.1742	132	91	41	1.3982	158	2.0465	11	0	11	84.2846	56.4607	0.3322	26.5906	4.6441	NaN	0.8374	1.89	12	0	82.6068	29.1361	132	31	0.699	1.5572	11	0	0.689	1.7987	12	0	69.1104	21.7443	122	31	0.4348	1.2309	9	0	0.2661	7	39.9155	16.1509	141.9041	2.3147	221.3028	1078.3806
71_14_FITC.tif	c2e52d00-4433-4d75-ab53-a0239bcfc1a7	Cell		Positive	Annotation	Polygon	619.38	1557.6	6.4197	13.831	0.4217	6.1803	1.262	NaN	2.1471	73	2.9556	9	0	9	121.0882	4117	11.8536	140	90	50	2.3529	80	2.953	10	0	10	16.7741	27.8547	0.2717	13.6466	1.7043	NaN	1.0118	2.1408	9	0	101.3059	26.1001	140	38	1.1294	2.181	10	0	0.2549	0.6883	3	0	88.1176	24.6614	127	38	0.3137	0.7346	3	0	0.3631	4	6.7125	7.0141	10.063	2.7589	10.6068	13.6381
71_14_FITC.tif	01dc8b40-8331-4c98-a2dc-ff2b962a2458	Cell		Positive	Annotation	Polygon	620.1	1569.9	3.1063	9.2644	0.4548	4.4496	0.9242	NaN	0.8824	15	1.1663	3	0	3	112.3529	1910	4.636	120	104	16	0.9412	16	1.2485	3	0	3	11.5969	22.5285	0.2871	11.0097	1.4904	NaN	0.4333	0.8309	3	0	97.6667	11.0249	120	82	0.3333	0.857	3	0	0.2558	0.5812	2	0	91.8605	6.3829	114	82	0.093	0.4788	3	0	0.2262	4	39.6007	7.7945	140.499	2.3147	73.4165	146.67
71_14_FITC.tif	149ca8f9-b232-4e52-bb07-52716560fab9	Cell		Positive	Annotation	Polygon	585.83	1572.7	14.0819	22.4332	0.3516	10.0811	2.0287	NaN	2.2609	156	2.495	9	0	9	133.3623	9202	13.4339	157	104	53	2.2319	154	2.4623	9	0	9	99.4019	53.2083	0.4412	25.0373	5.5566	NaN	1.3631	2.756	20	0	97.9004	26.3041	157	26	1.0892	2.5765	20	0	1.2131	2.7718	20	0	91.9758	23.0695	151	26	0.8983	2.5484	20	0	0.1372	6	60.3053	59.4941	111.9965	15.5646	828.8682	3188.9902
71_14_FITC.tif	0281ca65-a665-4f76-b0d1-71eba48509e8	Cell		Positive	Annotation	Polygon	600.77	1643	5.1772	12.9217	0.3896	6.0291	1.353	NaN	3.6333	109	3.7553	13	0	13	142.1333	4264	10.2073	158	120	38	3.5333	106	3.8213	13	0	13	79.5216	44.8286	0.4973	20.9376	4.9701	NaN	0.9792	2.0978	13	0	100.7325	34.6854	158	33	0.7455	1.9412	13	0	0.7549	1.7236	12	0	97.2338	33.7486	149	33	0.5099	1.4755	11	0	0.0649	6	74.3057	77.4211	113.2042	18.3504	520.4864	1078.3806
71_14_FITC.tif	c9ddc027-18e1-47d9-8b19-4b29d2c6c75b	Cell		Positive	Annotation	Polygon	601.65	1663.3	6.2126	16.0407	0.3034	7.6417	1.0125	NaN	5.7097	177	4.8041	19	0	19	141.6774	4392	10.1304	159	122	37	5.8387	181	4.8723	20	0	20	78.6932	46.8745	0.4501	22.029	4.3488	NaN	1.5407	2.9721	19	0	91.9423	33.6884	159	23	1.2913	2.9579	20	0	1.1714	2.4399	15	0	87.5371	31.428	151	23	0.8886	2.3422	15	0	0.0724	5	90.8516	68.8942	227.352	18.3504	2467.866	7823.1338
71_14_FITC.tif	0bc6634e-50b6-4896-aaa3-09487b30b24d	Cell		Positive	Annotation	Polygon	533.13	1669.9	6.0055	12.6299	0.4731	5.9628	1.3379	NaN	16.1562	517	14.2447	44	0	44	89.375	2860	22.57	129	53	76	15.1562	485	13.7351	44	0	44	82.6279	46.9176	0.4717	22.0158	4.7584	NaN	2.1025	5.9784	44	0	26.5275	21.7703	129	3	1.3175	5.6179	44	0	0.8804	1.7318	8	0	21.0625	9.8942	59	3	0.1141	0.4762	3	0	0.0643	7	277.6159	234.4729	740.7977	68.8942	12531.9004	25742.7012
71_14_FITC.tif	8bd752f9-27b0-4cd3-bc56-bedf3bcb4578	Cell		Positive	Annotation	Polygon	614.4	1707.5	9.1118	14.5446	0.5413	6.7599	1.635	NaN	3.4565	159	3.5883	13	0	13	120.3043	5534	14.3602	145	92	53	3.3913	156	3.6544	13	0	13	92.361	49.0185	0.483	23.0234	4.9701	NaN	1.3722	2.7249	19	0	79.5717	25.3931	145	35	0.991	2.4531	19	0	1.1325	2.5041	19	0	74.8875	21.9684	124	35	0.715	2.113	19	0	0.0888	7	109.7644	140.499	181.7762	44.2119	1358.209	3785.4563
71_14_FITC.tif	ac288563-1d0b-43cc-99b4-5def0012d78c	Cell		Positive	Annotation	Polygon	656.21	1722.2	5.5914	16.8896	0.2463	8.2047	1.2777	NaN	11.9429	418	11.7447	41	0	41	73.1429	2560	23.0793	112	34	78	11.8286	414	11.6455	41	0	41	90.2901	52.2313	0.4159	25.0025	4.7587	NaN	1.8601	4.7722	41	0	21.1055	18.4056	112	1	1.1583	4.5884	41	0	0.98	1.8356	8	0	16.5636	8.0939	58	1	0.2269	0.732	4	0	0.0708	8	197.2493	181.4138	350.0284	44.2119	5686.4404	13498.6357
71_14_FITC.tif	8a4e08cc-69ad-4ff1-8616-1cc3e24f0cff	Cell		Positive	Annotation	Polygon	709.56	1827.8	2.8992	10.9261	0.3052	5.2565	0.7553	NaN	3.2353	55	4.2357	14	0	14	67.3529	1145	12.4697	87	47	40	3.1176	53	4.1365	14	0	14	43.9025	40.9646	0.3288	19.7424	2.9605	NaN	1.1116	1.9519	14	0	35.2558	15.4634	87	9	0.6977	1.8	14	0	0.9293	1.503	6	0	32.5	12.2714	81	9	0.4899	1.2574	8	0	0.0692	4	200.13	183.4913	430.6854	2.8519	5730.9624	13498.6357
71_14_FITC.tif	c1e90577-5c8f-4dd0-ad06-f3fa7f303384	Cell		Positive	Annotation	Polygon	711.46	1834.8	4.9701	13.8517	0.3255	6.6868	1.0844	NaN	1.8889	51	2.577	9	0	9	70.1852	1895	11.307	84	49	35	1.963	53	2.6089	9	0	9	50.7364	44.0226	0.329	21.3067	3.4924	NaN	0.9069	2.0609	10	0	33.7814	20.6506	84	2	0.83	2.0351	10	0	0.7864	1.9619	10	0	29.3136	16.7454	81	2	0.6909	1.9148	10	0	0.0954	3	226.6536	243.8087	433.3002	2.8519	209.7062	245.8961
71_14_FITC.tif	8c167b8d-4486-4216-92c7-c53739d7de25	Cell		Positive	Annotation	Polygon	615.9	1889.5	10.5615	18.3329	0.3949	8.5675	1.8047	NaN	4.4259	239	5.382	18	0	18	84.4074	4558	17.296	113	47	66	4.4259	239	5.403	18	0	18	101.6799	52.9821	0.4552	25.0468	5.3813	NaN	1.1379	2.962	20	0	36.9128	24.6898	113	5	0.9168	2.8462	20	0	0.7335	2.2031	20	0	31.0706	18.3365	104	5	0.4852	1.9653	20	0	0.101	7	152.9141	181.7762	234.4729	20.3375	4699.0918	20742.6465
71_14_FITC.tif	fa1ca55c-b68d-47ed-9d52-00d6274c4661	Cell		Positive	Annotation	Polygon	619.6	1907.5	43.6954	41.8336	0.3138	18.5611	3.9279	NaN	3.3945	740	5.1144	28	0	28	132.0734	28792	28.6952	178	51	127	3.656	797	5.312	27	0	27	159.0431	71.5458	0.3904	33.5008	7.5601	NaN	1.2863	3.2372	28	0	64.2811	48.6145	178	8	1.2267	3.3151	27	0	0.4567	1.3802	11	0	37.6047	21.1492	142	8	0.2708	1.004	11	0	0.2762	3	73.8511	20.3375	190.7669	10.4489	341.6583	722.7863
71_14_FITC.tif	801f3171-4841-4e38-92f9-24cf3de9dec4	Cell		Positive	Annotation	Polygon	621.23	1923.5	9.7331	21.1031	0.2746	10.2412	1.5315	NaN	2.6863	137	3.7013	17	0	17	96.8235	4938	24.7044	135	51	84	3.0784	157	3.7621	16	0	16	66.8892	45.5808	0.4046	21.2246	4.2996	NaN	0.8282	2.0156	17	0	46.1288	27.7414	135	9	0.7607	2.0056	16	0	0.4836	1.2479	8	0	36.7273	15.31	108	9	0.3309	1.0016	7	0	0.1433	7	134.9982	175.7807	200.7764	10.4489	3280.5056	14393.6074
71_14_FITC.tif	29a99dfd-bd6b-4559-818d-241889d36077	Cell		Positive	Annotation	Polygon	486.12	2046.1	7.2481	13.3189	0.5134	6.0433	1.5184	NaN	14.7368	560	13.1369	47	0	47	82.5526	3137	22.7105	126	40	86	13.5	513	12.704	45	0	45	87.3909	47.5	0.4867	22.0203	4.9701	NaN	2.4563	5.8356	47	0	22.2695	21.6406	126	2	1.3759	5.3885	45	0	1.2442	2.0973	11	0	16.3195	8.3575	52	2	0.1792	0.6137	5	0	0.0791	9	578.8895	341.9763	1250.2739	178.1903	45649.7461	159050.25
71_14_FITC.tif	074faf3f-f6c5-4138-bdd9-23e8bde808ba	Cell		Positive	Annotation	Polygon	663.97	2071.7	17.8095	33.7612	0.1963	16.6078	1.9553	NaN	5.8022	528	7.2682	31	0	31	94.1648	8569	26.8685	150	45	105	5.6593	515	7.2345	31	0	31	133.5714	68.397	0.3588	33.001	5.3843	NaN	1.8406	3.767	31	0	33.8591	29.897	150	3	0.9427	3.3791	31	0	1.191	2.2222	14	0	23.9712	15.1013	88	3	0.1694	0.7335	7	0	0.1318	6	173.8254	201.0201	350.0284	20.2873	3394.7385	9005.8018
71_14_FITC.tif	ccdf1994-aa2e-4812-91e1-f6a84c225097	Cell		Positive	Annotation	Polygon	658.85	2087.7	2.6921	9.3547	0.3866	4.5599	0.7784	NaN	0.8571	12	1.4064	4	0	4	77.7143	1088	3.1968	82	71	11	0.6429	9	1.2774	4	0	4	27.7497	28.5585	0.4276	13.1464	2.7258	NaN	1.6043	2.2766	10	0	60.1511	15.6288	82	20	0.7194	1.6242	10	0	1.688	2.3432	10	0	58.184	15.2328	82	20	0.728	1.6626	10	0	0.0779	5	43.1794	9.3528	175.7807	4.2549	210.0591	848.3806
71_14_FITC.tif	e93c88b9-3a79-496b-b66d-1cea30d41b69	Cell		Positive	Annotation	Polygon	657.67	2098.2	13.4607	24.9637	0.2714	12.0376	1.9545	NaN	1.7681	122	2.5733	12	0	12	90.4058	6238	13.0151	111	52	59	2.0145	139	2.9381	15	0	15	59.0199	59.551	0.2091	28.923	3.3919	NaN	1.218	2.4118	13	0	48.5709	29.6463	111	6	0.8097	2.1591	15	0	1.0455	2.3384	13	0	35.45	19.4643	97	6	0.4318	1.688	13	0	0.2339	3	3.9277	3.2593	6.2211	2.3027	2.2866	3.4381
71_14_FITC.tif	f0ce86b2-4b42-4e7d-b796-4c5a92fe9d92	Cell		Positive	Annotation	Polygon	659.49	2096.6	0.4142	4.6944	0.2362	2.3121	0.1934	NaN	1.3333	4	1.5275	3	0	3	81	243	3	84	78	6	4.3333	13	1.5275	6	3	3	9.3189	13.7084	0.6232	5.9202	1.964	NaN	0.7	1.5419	6	0	60.88	14.3323	87	36	1.26	2.3544	9	0	0.6596	1.5503	6	0	59.5957	13.7961	87	36	1.0638	2.2689	9	0	0.0171	4	9.1065	4.9054	24.3123	2.3027	6.3992	15.3154
71_14_FITC.tif	855e85a4-9a56-4150-8b1c-0839579509ba	Cell		Positive	Annotation	Polygon	655.22	2102.1	6.8339	18.2973	0.2565	8.9964	1.0193	NaN	2.8611	103	2.9292	9	0	9	73.1389	2633	14.4126	97	47	50	2.5	90	2.9905	9	0	9	58.3986	48.7001	0.3094	23.4474	3.4163	NaN	0.9368	2.0374	11	0	35.4316	18.8239	97	5	0.7193	1.8647	10	0	0.6586	1.711	11	0	29.9799	11.8415	72	5	0.4618	1.4809	10	0	0.1139	6	126.5257	93.7716	378.6899	3.2593	7537.873	30439.6758
