Image	Object ID	Object type	Name	Classification	Parent	ROI	Centroid X µm	Centroid Y µm	Nucleus: Area	Nucleus: Perimeter	Nucleus: Circularity	Nucleus: Max caliper	Nucleus: Min caliper	Nucleus: Eccentricity	Nucleus: Red mean	Nucleus: Red sum	Nucleus: Red std dev	Nucleus: Red max	Nucleus: Red min	Nucleus: Red range	Nucleus: Green mean	Nucleus: Green sum	Nucleus: Green std dev	Nucleus: Green max	Nucleus: Green min	Nucleus: Green range	Nucleus: Blue mean	Nucleus: Blue sum	Nucleus: Blue std dev	Nucleus: Blue max	Nucleus: Blue min	Nucleus: Blue range	Cell: Area	Cell: Perimeter	Cell: Circularity	Cell: Max caliper	Cell: Min caliper	Cell: Eccentricity	Cell: Red mean	Cell: Red std dev	Cell: Red max	Cell: Red min	Cell: Green mean	Cell: Green std dev	Cell: Green max	Cell: Green min	Cell: Blue mean	Cell: Blue std dev	Cell: Blue max	Cell: Blue min	Cytoplasm: Red mean	Cytoplasm: Red std dev	Cytoplasm: Red max	Cytoplasm: Red min	Cytoplasm: Green mean	Cytoplasm: Green std dev	Cytoplasm: Green max	Cytoplasm: Green min	Cytoplasm: Blue mean	Cytoplasm: Blue std dev	Cytoplasm: Blue max	Cytoplasm: Blue min	Nucleus/Cell area ratio	Delaunay: Num neighbors	Delaunay: Mean distance	Delaunay: Median distance	Delaunay: Max distance	Delaunay: Min distance	Delaunay: Mean triangle area	Delaunay: Max triangle area
71_13_FITC.tif	a1799926-2411-4c2b-ad87-fb6f0e1c5018	Cell		Positive	Root object (Image)	Polygon	384.36	304.05	43.7751	37.655	0.388	17.6965	3.7909	NaN	5.25	420	5.1077	19	0	19	140.725	11258	40.2316	202	53	149	5.375	430	5.2298	19	0	19	140.9899	60.6156	0.4822	28.4981	7.3637	NaN	2.472	3.8403	19	0	74.08	56.8773	202	11	2.044	3.8016	19	0	1.1647	2.0401	11	0	42.7176	30.2962	191	11	0.4765	0.8851	4	0	0.3105	NaN	NaN	NaN	NaN	NaN	NaN	NaN
71_13_FITC.tif	42675fb0-e8ea-4a1c-9bb8-c748c001bfac	Cell		Positive	Root object (Image)	Polygon	388.32	323.95	51.1657	39.1001	0.4206	18.8125	3.8657	NaN	6.2872	591	7.441	28	0	28	176.2553	16568	31.048	223	92	131	8.6277	811	8.7854	40	0	40	145.5379	66.2326	0.4169	31.7929	6.92	NaN	3.0618	5.4207	28	0	106.5598	62.0075	223	13	3.332	6.6721	40	0	1.2242	2.3383	14	0	66.8545	33.6424	136	13	0.3152	1.017	7	0	0.3491	NaN	NaN	NaN	NaN	NaN	NaN	NaN
71_13_FITC.tif	f651c7d3-ed47-4957-a0af-cbe868bf972f	Cell		Positive	Root object (Image)	Polygon	392.93	349.34	61.3988	49.3893	0.3163	23.7228	3.6925	NaN	2.2105	252	3.7781	25	0	25	134.614	15346	32.1676	187	81	106	2.1842	249	3.8364	25	0	25	198.9776	79.9166	0.3915	38.1432	6.8237	NaN	1.5	2.7889	25	0	77.4915	47.6933	187	7	0.9205	2.476	25	0	1.1597	2.0867	11	0	50.1303	23.5391	107	7	0.3151	0.9621	8	0	0.3115	NaN	NaN	NaN	NaN	NaN	NaN	NaN
71_13_FITC.tif	3fa64b9a-73a6-4781-88ef-ccc09418984b	Cell		Positive	Root object (Image)	Polygon	307.74	364.7	83.5706	55.9022	0.3361	23.5667	5.7309	NaN	1.6645	253	2.7906	17	0	17	107.4605	16334	24.8297	162	60	102	1.7105	260	2.8578	17	0	17	250.7118	82.6395	0.4613	38.2335	8.9211	NaN	1.4695	2.3898	17	0	65.0632	36.5451	162	9	0.8804	2.006	17	0	1.3677	2.1493	11	0	42.9175	16.741	92	9	0.4467	1.1536	7	0	0.3406	NaN	NaN	NaN	NaN	NaN	NaN	NaN
71_13_FITC.tif	1f334761-69b8-4522-a57a-6ba0789483ca	Cell		Positive	Root object (Image)	Polygon	397.95	396.64	116.544	67.5084	0.3214	31.1752	6.092	NaN	1.7476	360	2.5594	15	0	15	112.7621	23229	25.1362	161	57	104	1.0194	210	1.6761	9	0	9	310.9736	95.1151	0.432	44.9544	9.843	NaN	2.0527	2.8334	18	0	75.9909	35.6832	161	16	0.6564	1.3497	9	0	2.2355	2.9741	18	0	53.9709	19.0269	104	16	0.439	1.0535	9	0	0.3708	NaN	NaN	NaN	NaN	NaN	NaN	NaN
71_13_FITC.tif	92e1b14d-8fe0-40fa-bd16-c97c67859f16	Cell		Positive	Root object (Image)	Polygon	287.24	417.01	45.4806	36.3103	0.4335	15.0068	3.8925	NaN	5.7952	481	6.9978	28	0	28	115.3735	9576	34.1027	176	45	131	2.3373	194	3.0892	16	0	16	160.3191	56.5775	0.6294	24.5562	8.3366	NaN	5.9187	7.4098	33	0	67.311	41.4262	176	11	0.8657	2.0237	16	0	5.97	7.5906	33	0	47.365	24.2769	116	11	0.255	0.77	7	0	0.2757	NaN	NaN	NaN	NaN	NaN	NaN	NaN
71_13_FITC.tif	2f04c988-b2ac-48cf-9b2a-58c7d423b3ee	Cell		Positive	Root object (Image)	Polygon	284.55	440.99	45.4806	37.5252	0.4059	17.6735	3.3772	NaN	3.9639	329	7.6548	45	0	45	134.5181	11165	37.3528	219	73	146	4.4819	372	8.4657	45	0	45	139.8528	58.8782	0.507	26.5876	6.5193	NaN	2.1089	4.8475	45	0	82.6694	45.4782	219	26	1.7339	5.3115	45	0	1.1758	1.8641	9	0	56.5879	19.2993	105	26	0.3515	0.9551	7	0	0.3182	NaN	NaN	NaN	NaN	NaN	NaN	NaN
71_13_FITC.tif	b6928b0d-0af4-4a3f-9e41-36a22c65d2fe	Cell		Positive	Root object (Image)	Polygon	417.29	485.18	103.4684	63.6548	0.3209	27.7683	6.2798	NaN	1.5538	289	2.2324	13	0	13	148.6989	27658	31.6193	202	58	144	1.6882	314	2.5805	18	0	18	285.3908	88.9364	0.4534	41.4644	9.2642	NaN	1.464	2.2625	13	0	93.15	52.1703	202	9	0.822	1.842	18	0	1.4108	2.282	10	0	60.2452	28.7813	136	9	0.3089	0.8739	7	0	0.3652	NaN	NaN	NaN	NaN	NaN	NaN	NaN
71_13_FITC.tif	1c8f8833-3c77-4bfe-803e-872de3949ec5	Cell		Positive	Root object (Image)	Polygon	271.16	491.99	28.4254	29.9913	0.3971	14.5693	2.6015	NaN	4.1852	226	6.5849	27	0	27	84.9259	4586	31.4516	150	39	111	4.1481	224	6.5859	26	0	26	125.6402	59.93	0.4396	28.1916	5.484	NaN	1.3571	3.7389	27	0	36.2009	32.3335	150	4	1.1339	3.6666	26	0	0.4588	1.2168	9	0	20.7235	8.3496	45	4	0.1765	0.5585	5	0	0.2273	NaN	NaN	NaN	NaN	NaN	NaN	NaN
71_13_FITC.tif	3c0a9421-d146-4c57-b47d-d17b8bf6438b	Cell		Positive	Root object (Image)	Polygon	276.06	550.04	82.4336	55.1409	0.3407	25.7414	4.1748	NaN	1.2027	178	1.9517	10	0	10	98.5	14578	24.6028	144	52	92	1.4324	212	2.1258	10	0	10	241.6157	85.4891	0.4154	39.8505	7.5655	NaN	0.9297	2.0291	18	0	56.5761	37.2872	144	4	0.8712	2.0291	18	0	0.7849	2.0577	18	0	34.3369	19.4519	101	4	0.5735	1.9138	18	0	0.3406	NaN	NaN	NaN	NaN	NaN	NaN	NaN
71_13_FITC.tif	a4b2f1d5-943f-4527-9365-cc54394b1510	Cell		Positive	Root object (Image)	Polygon	238.69	722.14	102.3314	63.7634	0.3163	22.3914	7.3734	NaN	2.1283	398	3.3911	15	0	15	91.3797	17088	19.2043	135	57	78	2.4278	454	3.4312	15	0	15	322.3438	91.1626	0.4874	36.5736	11.8217	NaN	1.1305	2.3525	15	0	59.2011	28.7551	135	5	1.1023	2.383	15	0	0.6395	1.3741	13	0	43.3658	17.0738	91	5	0.45	1.1871	12	0	0.3196	NaN	NaN	NaN	NaN	NaN	NaN	NaN
71_13_FITC.tif	1d587b56-22b8-4dad-b520-1541d8b1c442	Cell		Positive	Root object (Image)	Polygon	672.53	799.28	96.6463	66.2834	0.2764	30.6387	4.9116	NaN	2.6059	443	4.3735	20	0	20	179.6529	30541	17.9708	215	132	83	3.6706	624	5.85	23	0	23	251.8488	94.014	0.3581	44.744	7.5106	NaN	1.3087	3.0117	20	0	142.7919	35.856	215	52	1.7226	4.0072	23	0	0.5126	1.128	8	0	120.1697	23.0059	171	52	0.5271	1.1051	8	0	0.373	NaN	NaN	NaN	NaN	NaN	NaN	NaN
71_13_FITC.tif	1d1a4eb9-f715-4914-b5f6-eefab84b828f	Cell		Positive	Root object (Image)	Polygon	665.1	806.85	90.3927	56.5315	0.3554	26.8291	4.684	NaN	1.6584	267	2.9178	17	0	17	157.2236	25313	24.4269	193	103	90	2.1988	354	3.3426	19	0	19	245.5952	85.1413	0.4257	40.0898	7.8613	NaN	1.1121	2.1996	17	0	109.8169	46.5674	193	19	1.0892	2.3915	19	0	0.7935	1.5623	8	0	82.163	31.744	146	19	0.442	1.194	8	0	0.3713	NaN	NaN	NaN	NaN	NaN	NaN	NaN
71_13_FITC.tif	ded98b25-060f-4ffb-b5b0-23d41bd2985f	Cell		Positive	Root object (Image)	Polygon	696.45	851.43	85.8446	52.6753	0.3888	22.7927	6.1942	NaN	1.3333	208	1.8677	10	0	10	106.391	16597	24.8932	171	52	119	1.3718	214	1.8359	11	0	11	267.767	81.9669	0.5008	36.6433	9.7025	NaN	1.1886	1.8999	10	0	70.5191	32.6125	171	16	0.6992	1.4241	11	0	1.1171	1.9146	9	0	52.8101	18.2622	89	16	0.3671	1.0195	8	0	0.3206	NaN	NaN	NaN	NaN	NaN	NaN	NaN
71_13_FITC.tif	72d479ce-2dc1-4fbd-9053-be39c347726e	Cell		Positive	Root object (Image)	Polygon	773.16	1132.4	35.2475	35.3074	0.3553	16.8324	2.9821	NaN	2.1791	146	2.5041	10	0	10	120.7612	8091	26.0449	169	74	95	1.0896	73	1.7297	9	0	9	126.7772	66.5993	0.3592	31.4912	4.9887	NaN	3.9507	4.4349	21	0	80.5785	33.1074	169	33	0.6323	1.398	9	0	4.7115	4.854	21	0	63.3205	16.8331	113	33	0.4359	1.1815	9	0	0.2883	NaN	NaN	NaN	NaN	NaN	NaN	NaN
71_13_FITC.tif	26d434ba-f77c-470a-b668-ee29a5b42271	Cell		Positive	Root object (Image)	Polygon	766.57	1140.8	88.1187	44.3098	0.564	18.9316	7.071	NaN	0.956	152	1.4598	6	0	6	123.5031	19637	14.4738	154	83	71	1.2075	192	1.6307	8	0	8	234.2251	72.769	0.5558	31.8721	9.558	NaN	0.812	1.4524	8	0	92.3614	29.2874	154	30	0.6916	1.2989	8	0	0.7227	1.4435	8	0	73.0195	16.8079	123	30	0.3711	0.9069	5	0	0.3853	NaN	NaN	NaN	NaN	NaN	NaN	NaN
71_13_FITC.tif	94c727e7-b697-4804-8efc-5c82d4669f10	Cell		Positive	Root object (Image)	Polygon	778.35	1202.5	44.3436	42.5625	0.3076	19.9173	3.5868	NaN	3.8395	311	4.2263	17	0	17	131.716	10669	20.8088	165	95	70	0.9877	80	1.6317	8	0	8	154.0655	68.531	0.4122	31.5382	6.7778	NaN	4.5	4.7069	20	0	100.8713	26.9696	165	47	0.5	1.1201	8	0	4.7801	4.88	20	0	87.7906	16.6591	144	47	0.2932	0.724	5	0	0.2929	NaN	NaN	NaN	NaN	NaN	NaN	NaN
71_13_FITC.tif	9f90ba61-711a-449d-92db-25c708bd907e	Cell		Positive	Root object (Image)	Polygon	779.45	1237.8	105.7424	81.3799	0.2006	39.9547	3.5512	NaN	1.3822	264	2.2232	14	0	14	140.0157	26743	28.8509	199	82	117	0.9895	189	1.7502	8	0	8	259.2394	100.6436	0.3216	48.0682	6.5456	NaN	2.4289	3.4729	21	0	102.884	39.8176	199	30	0.6302	1.3381	8	0	3.1805	3.9817	21	0	76.2218	20.5927	129	30	0.3722	0.8515	6	0	0.4099	NaN	NaN	NaN	NaN	NaN	NaN	NaN
71_13_FITC.tif	b9d1c9f2-a134-4688-b52b-1cad136681d5	Cell		Positive	Root object (Image)	Polygon	127.33	1232.7	85.8446	60.5181	0.2945	28.5589	4.5545	NaN	1.9679	307	3.45	19	0	19	99.7051	15554	30.096	153	35	118	2.4423	381	3.6158	19	0	19	281.9797	89.8097	0.4393	41.9783	9.2297	NaN	1.248	2.5783	19	0	62.0444	34.9712	153	7	1.2258	2.6172	19	0	0.9176	1.979	15	0	44.7647	20.4813	101	7	0.6676	1.7409	15	0	0.3161	NaN	NaN	NaN	NaN	NaN	NaN	NaN
71_13_FITC.tif	e14dce85-69e0-4db1-8edb-bf24d8bacd6b	Cell		Positive	Root object (Image)	Polygon	138.91	2129.6	102.3314	49.0254	0.535	19.086	8.3688	NaN	2.7692	504	4.6002	29	0	29	103.0385	18753	29.7528	175	47	128	2.6374	480	4.5736	29	0	29	296.1924	80.3963	0.5759	33.9583	11.666	NaN	1.9101	3.3775	29	0	65.3537	34.6331	175	18	1.0899	2.9836	29	0	1.4516	2.3754	14	0	45.2405	14.2944	84	18	0.2639	0.752	6	0	0.3455	NaN	NaN	NaN	NaN	NaN	NaN	NaN
71_13_FITC.tif	e3ee025d-0e82-4166-b1ee-a75582474e1d	Cell		Positive	Root object (Image)	Polygon	147.87	2154.4	132.4622	55.1179	0.5479	24.327	7.5139	NaN	2.8136	664	3.5019	16	0	16	149.178	35206	23.9676	200	96	104	0.9958	235	1.83	14	0	14	324.0493	85.2984	0.5597	38.589	10.6436	NaN	5.7722	7.0985	39	0	108.3722	42.7288	200	16	0.7043	1.5958	14	0	7.8319	8.1657	39	0	79.9646	27.0026	131	16	0.5015	1.3768	11	0	0.4097	NaN	NaN	NaN	NaN	NaN	NaN	NaN
71_13_FITC.tif	7f68c5d9-980a-4ddd-a0aa-23e3fad9d325	Cell		Positive	Root object (Image)	Polygon	176.98	2158.2	94.9408	59.7449	0.3342	28.3246	4.7766	NaN	8.4588	1438	7.5228	43	0	43	104.1059	17698	16.7897	145	76	69	0.8235	140	1.4282	9	0	9	262.6505	88.9492	0.4172	41.7218	8.3182	NaN	10.1853	7.2093	43	0	77.5948	25.9283	145	17	0.5366	1.2756	12	0	11.1837	6.838	32	0	62.2653	16.0048	104	17	0.3707	1.1487	12	0	0.3627	NaN	NaN	NaN	NaN	NaN	NaN	NaN
71_13_FITC.tif	d37d6d58-e7d5-4a41-8ff5-7d5336dabcf4	Cell		Positive	Root object (Image)	Polygon	169.49	2173.7	57.9878	46.6195	0.3353	22.3493	3.3809	NaN	10.3611	1119	7.797	29	0	29	122.287	13207	12.4713	146	89	57	0.7778	84	1.5548	11	0	11	168.2782	76.8597	0.358	36.4692	6.0977	NaN	11.3423	8.5397	34	0	93.8993	30.4656	146	24	0.6711	1.7977	15	0	11.9	8.9061	34	0	77.7632	25.4602	130	24	0.6105	1.9234	15	0	0.3511	NaN	NaN	NaN	NaN	NaN	NaN	NaN
71_13_FITC.tif	2947ee2c-9c3a-4853-bd1e-d54ae9626c8b	Cell		Positive	Root object (Image)	Polygon	165.05	2184.7	19.8978	22.4259	0.4972	9.9442	3.1762	NaN	10.5676	391	6.727	23	1	22	118.3243	4378	17.3846	147	75	72	2.6486	98	2.8984	9	0	9	88.6872	49.0852	0.4626	22.8204	5.1468	NaN	9.6541	6.677	25	0	79.3396	36.6916	147	22	1.0252	2.1611	11	0	9.377	6.6647	25	0	67.5164	32.5937	134	22	0.5328	1.5964	11	0	0.2147	NaN	NaN	NaN	NaN	NaN	NaN	NaN
71_13_FITC.tif	427028ea-c4a5-453e-a2c2-1f40ee1f9b7c	Cell		Positive	Root object (Image)	Polygon	150.22	2373.5	27.2884	27.7029	0.4468	13.0306	2.6317	NaN	7.9412	405	14.7206	57	0	57	79.7059	4065	46.7745	185	18	167	7.8235	399	15.1085	57	0	57	125.6402	57.2649	0.4815	26.5357	5.7675	NaN	2.6335	7.7493	57	0	31.095	35.2653	185	4	1.9819	7.9016	57	0	1.0412	1.735	8	0	16.5118	6.6797	36	4	0.2294	0.5961	3	0	0.2117	NaN	NaN	NaN	NaN	NaN	NaN	NaN
71_13_FITC.tif	41200c1f-c6c7-4cbb-a59e-32ae727a61ce	Cell		Positive	Root object (Image)	Polygon	162.23	2480.6	80.1596	46.1211	0.4735	19.0494	7.3734	NaN	4.0278	580	5.8477	34	0	34	122.9722	17708	44.1917	207	26	181	4.1181	593	6.2012	34	0	34	262.6505	75.9676	0.5719	33.7276	11.2381	NaN	2.619	4.1315	34	0	65.7749	49.7591	207	3	1.5	3.9409	34	0	1.9811	2.8439	15	0	39.8742	23.6781	107	3	0.3145	0.8454	6	0	0.3035	NaN	NaN	NaN	NaN	NaN	NaN	NaN
71_13_FITC.tif	d39e1f4d-fe8d-44cc-8eb7-474d31251cbe	Cell		Positive	Annotation	Polygon	384.91	304.32	26.7143	29.9489	0.3743	14.1726	2.4963	NaN	5.9167	781	5.789	23	0	23	165.6288	21863	21.3081	201	117	84	6.7879	896	5.9335	23	0	23	114.1051	57.6032	0.4321	26.8846	6.2111	NaN	2.6105	4.3656	23	0	80.8841	57.8269	201	10	2.2554	4.2791	23	0	1.5714	3.1716	17	0	54.25	35.8039	174	10	0.831	2.1367	16	0	0.2323	5	193.2092	56.6795	567.4761	14.2345	5471.2183	20972.6328
71_13_FITC.tif	dfc711a5-e057-4754-b094-69cb40bdf3e0	Cell		Positive	Annotation	Polygon	329.99	319.2	21.1229	32.4393	0.2522	15.2078	2.0893	NaN	3.6273	399	4.5107	20	0	20	83.4545	9180	18.2242	118	50	68	4.2182	464	5.0473	22	0	22	143.3045	66.684	0.405	32.0023	5.8391	NaN	1.5527	3.1667	20	0	35.6465	27.4515	118	0	1.0981	2.7756	22	0	1.1612	2.6732	18	0	26.6261	17.8974	93	0	0.5094	1.484	14	0	0.1529	7	101.4446	57.7199	327.8169	49.4282	2486.5596	10719.8828
71_13_FITC.tif	b02db03b-d144-410b-9de1-4264e4d7a10f	Cell		Positive	Annotation	Polygon	388.2	323.24	48.2514	39.6897	0.3849	17.4618	3.7136	NaN	7.2321	1714	7.717	31	0	31	182.7595	43314	27.617	227	104	123	9.6835	2295	9.0365	44	0	44	159.4573	70.7174	0.4007	32.8094	7.1995	NaN	2.9794	5.5298	31	0	104.6503	62.803	227	6	3.1626	6.6558	44	0	1.1059	2.5306	17	0	70.2416	38.3533	184	6	0.29	0.9637	10	0	0.3046	4	44.6002	42.3756	79.4153	14.2345	683.3518	2264.4456
71_13_FITC.tif	619e9c9c-efab-453f-87d8-f37b936c8da2	Cell		Positive	Annotation	Polygon	392.96	348.41	39.3466	47.2501	0.2215	19.9772	3.1398	NaN	3.0729	590	4.9643	31	0	31	153.4844	29469	24.713	190	93	97	3.0677	589	4.9129	31	0	31	182.2369	75.6574	0.4001	36.0197	6.6143	NaN	1.4983	3.2288	31	0	79.9841	49.225	190	3	0.9853	2.835	31	0	1.0608	2.3712	17	0	59.5615	31.739	166	3	0.4067	1.4319	13	0	0.2156	6	92.0974	48.2385	245.5008	26.9331	435.5231	1830.7649
71_13_FITC.tif	936cbc9b-07b5-4791-a6be-c9d86b258937	Cell		Positive	Annotation	Polygon	307.81	361.57	45.3521	39.6519	0.3625	16.6061	4.7454	NaN	2.4099	535	4.0347	22	0	22	124.045	27538	19.7	164	69	95	2.3378	519	4.0201	22	0	22	176.4384	76.7479	0.3764	29.8168	8.6547	NaN	1.534	2.9251	22	0	69.9239	40.3479	164	7	0.9543	2.508	22	0	1.2263	2.3453	14	0	50.913	25.9282	128	7	0.4684	1.3901	14	0	0.2599	5	26.9061	11.2953	57.623	6.7523	68.9463	119.946
71_13_FITC.tif	d920c679-e739-48e4-8435-3bbb2d56a343	Cell		Positive	Annotation	Polygon	309.73	373.18	0.8283	3.5859	0.8095	1.6757	0.3316	NaN	0.25	1	0.5	1	0	1	97.5	390	5.8023	105	91	14	4.5	18	5.2599	10	0	10	5.3843	16.1977	0.2579	7.9946	0.8111	NaN	0.3448	1.0446	5	0	63.7241	22.75	105	30	0.931	2.4775	10	0	0.36	1.1136	5	0	58.32	19.4695	100	30	0.36	1.1136	5	0	0.0642	3	21.5136	6.7523	54.9965	2.7919	39.982	99.4988
71_13_FITC.tif	b6b553e5-d614-4bc1-b155-cd9f416bfffa	Cell		Positive	Annotation	Polygon	309.3	375.78	0.8283	4.9809	0.4196	2.4437	0.3827	NaN	0.2	1	0.4472	1	0	1	100	500	7.0356	108	91	17	0.2	1	0.4472	1	0	1	4.763	16.5421	0.2187	8.1782	0.8111	NaN	0.1111	0.4237	2	0	59.6667	24.1995	108	35	0.1111	0.4237	2	0	0.0909	0.4264	2	0	50.5	15.5004	85	35	0.0909	0.4264	2	0	0.1091	5	69.5766	9.4319	275.8756	2.0639	678.3701	3781.824
71_13_FITC.tif	59248156-e3ef-4edf-b0ba-6c68d6add951	Cell		Positive	Annotation	Polygon	307.6	379.18	3.5205	10.1395	0.4303	4.8229	0.8324	NaN	2	34	1.9365	7	0	7	98.5294	1675	10.1373	117	77	40	1.8235	31	2.2146	7	0	7	32.0985	27.2957	0.5414	12.3915	3.5793	NaN	1.4906	2.7279	12	0	54.7296	21.6239	117	24	0.6101	1.5049	11	0	1.4296	2.8068	12	0	49.4859	15.9159	105	24	0.4648	1.3351	11	0	0.095	6	114.3607	60.0404	278.6295	2.0639	1523.1007	5633.1929
71_13_FITC.tif	a27a4bc2-7cf9-4a70-8fd0-73a8d86d9f4a	Cell		Positive	Annotation	Polygon	397.99	389.23	23.1938	24.7121	0.4773	10.1075	3.5364	NaN	1	116	1.3831	6	0	6	137.8017	15985	14.7284	165	100	65	1.3534	157	2.0568	10	0	10	112.6555	56.7821	0.4391	23.2477	7.2246	NaN	2.5293	3.5772	21	0	90.0366	36.2964	165	12	0.8663	1.84	14	0	2.9419	3.8653	21	0	77.1512	28.8474	148	12	0.7349	1.7566	14	0	0.2058	4	61.562	69.4462	98.7042	8.6515	82.8263	194.6969
71_13_FITC.tif	9b160489-adc0-471e-a2c9-d8a8fb8d576a	Cell		Positive	Annotation	Polygon	398.01	404.31	15.7386	19.9585	0.4965	8.1844	2.5917	NaN	0.7792	60	1.8961	12	0	12	137.5844	10594	10.6528	155	105	50	1.1558	89	2.0524	11	0	11	72.2735	38.2734	0.62	17.0095	5.9266	NaN	0.9368	1.909	12	0	99.2356	27.1911	155	53	0.9598	1.9822	11	0	0.9815	1.9138	8	0	88.3395	19.4859	137	53	0.9041	1.9621	10	0	0.2062	6	97.6897	82.9292	253.4239	8.6515	2962.1128	10719.8828
71_13_FITC.tif	0a2f1457-31dc-4c10-ab9b-9d1487a2971d	Cell		Positive	Annotation	Polygon	287.27	414.47	17.3953	22.3323	0.4383	10.5896	2.6283	NaN	7.1744	617	6.7809	32	0	32	139.1977	11971	25.2465	179	76	103	4.5698	393	4.4445	18	0	18	88.4263	49.1826	0.4594	23.4148	5.4443	NaN	5.2047	6.471	35	0	68.2674	44.8218	179	9	1.1	2.762	18	0	4.7122	6.3057	35	0	50.5349	27.8919	144	9	0.2326	0.9343	7	0	0.1923	7	83.0427	47.2674	215.4707	6.9111	79.2295	232.4901
71_13_FITC.tif	af242d50-027e-4ddc-a882-aeb44351085b	Cell		Positive	Annotation	Polygon	285.13	423.92	9.526	18.1167	0.3647	8.5917	1.7642	NaN	7.9804	407	7.9284	27	0	27	124.4314	6346	11.8882	145	102	43	1.2549	64	1.7186	6	0	6	48.4584	44.5471	0.3069	20.4115	4.3974	NaN	9.9072	9.3514	34	0	86.8523	28.4727	148	34	0.7848	1.6209	9	0	10.4355	9.6573	34	0	76.5484	22.3592	148	34	0.6559	1.5734	9	0	0.1991	4	72.4418	40.8397	201.1768	6.9111	208.0256	702.7844
71_13_FITC.tif	fd54a536-2b73-4a4c-b99a-4ccdb0fb55fc	Cell		Positive	Annotation	Polygon	283.76	436.52	18.0166	28.4355	0.28	13.4287	2.3615	NaN	8.163	751	11.5989	48	0	48	167.413	15402	32.4468	220	90	130	9.4565	870	12.3817	48	0	48	76.6223	50.0413	0.3845	21.3248	5.9699	NaN	3.4667	6.854	48	0	97.9547	50.3321	220	33	2.7067	7.3386	48	0	1.9399	3.0585	17	0	75.3746	30.5687	161	33	0.5124	1.5026	10	0	0.2349	4	24.0632	15.7823	57.1116	7.5768	29.915	54.5344
71_13_FITC.tif	64056e34-0290-44d6-bca3-d2f67d1b3e56	Cell		Positive	Annotation	Polygon	284.7	447.76	5.3843	10.7797	0.5823	4.3278	1.7005	NaN	2.0714	58	3.2424	14	0	14	116.6786	3267	15.6372	139	86	53	2.2857	64	3.287	14	0	14	45.5592	30.6701	0.6086	13.0704	4.2027	NaN	0.8591	1.9381	14	0	62.5727	28.9692	139	26	0.7818	2.0469	14	0	0.6823	1.6043	11	0	54.6823	20.8791	138	26	0.5625	1.7019	11	0	0.117	7	81.7241	72.8135	210.2008	7.5768	789.4441	3007.3311
71_13_FITC.tif	0d130059-b99d-4886-86f7-258c61984b9c	Cell		Positive	Annotation	Polygon	418.2	488.18	52.8073	48.0805	0.2871	23.0199	3.3664	NaN	1.2912	337	2.0474	13	0	13	171.7203	44819	19.45	206	119	87	1.751	457	2.5846	14	0	14	183.6865	82.5722	0.3385	39.0464	6.8932	NaN	1.3277	2.291	13	0	109.8964	47.3944	206	29	0.857	1.8454	14	0	1.3429	2.3865	12	0	84.1611	27.725	158	29	0.4848	1.2567	7	0	0.2888	6	145.24	123.6748	344.907	3.8954	3276.0349	11375.6904
71_13_FITC.tif	d27cd0d6-f242-44e0-b7e7-a1a3a121e922	Cell		Positive	Annotation	Polygon	415.29	483.23	3.5205	10.7001	0.3864	4.6896	0.9529	NaN	0.1053	2	0.3153	1	0	1	151.1579	2872	4.7171	159	142	17	0.1579	3	0.3746	1	0	1	34.5836	34.9649	0.3555	16.9757	2.8731	NaN	1.7692	3.0139	14	0	110.6746	36.6959	161	28	1.9231	3.3982	19	0	1.98	3.1356	14	0	105.5467	35.7793	161	28	2.1467	3.5434	19	0	0.0935	4	91.0565	90.7047	178.9215	3.8954	1259.9738	4642.6528
71_13_FITC.tif	d5cd4b9a-327e-4461-bd8e-9977b1d1897d	Cell		Positive	Annotation	Polygon	271.25	491.9	19.4662	28.2491	0.3065	13.4553	2.3312	NaN	6.2178	628	8.0543	32	0	32	99.1881	10018	28.6083	153	47	106	6.1584	622	7.9319	32	0	32	135.4352	62.9394	0.4296	30.042	5.9012	NaN	1.3349	3.9669	32	0	34.7661	32.2162	153	2	1.0917	3.8455	32	0	0.443	1.3053	11	0	23	13.4707	94	2	0.1664	0.7356	9	0	0.1489	6	68.723	57.7632	132.3799	45.3222	465.8194	1584.0312
71_13_FITC.tif	f98766d1-ef27-4fcd-bb98-a2eee8ed306b	Cell		Positive	Annotation	Polygon	274.65	534.18	8.6977	17.1084	0.3734	8.2034	1.6567	NaN	4.2979	202	6.5968	26	0	26	80.5319	3785	14.3948	110	52	58	4.234	199	6.5249	26	0	26	72.2735	43.1206	0.4885	20.1121	5.3132	NaN	1.2365	3.1293	26	0	32.4273	28.1911	110	3	0.8946	2.9622	26	0	0.7632	1.7396	16	0	24.9901	21.7282	86	3	0.3783	1.2942	16	0	0.1225	4	42.5226	31.6491	93.6766	13.1157	150.9118	383.1004
71_13_FITC.tif	e028ec3c-84d5-448a-b273-ae680304475f	Cell		Positive	Annotation	Polygon	274.11	551.57	15.3245	28.4626	0.2377	13.8569	1.7294	NaN	1.6923	132	2.4564	11	0	11	113.4487	8849	20.0594	145	58	87	2.5897	202	3.1019	15	0	15	55.7065	46.4802	0.324	22.5484	3.6798	NaN	0.7222	1.6699	11	0	68.1407	38.0221	145	14	0.9519	2.0983	15	0	0.3281	0.977	5	0	49.7344	26.3621	144	14	0.2865	0.884	5	0	0.2844	5	66.4854	58.4148	173.1153	5.1478	1003.5456	3147.8972
71_13_FITC.tif	0ed30414-0938-4d1c-900b-37cb4d1ee251	Cell		Positive	Annotation	Polygon	277.51	556.73	32.9269	40.0914	0.2574	18.2929	3.0651	NaN	1.6894	272	2.5131	14	0	14	108.472	17464	22.0361	145	59	86	1.6398	264	2.4687	14	0	14	128.6013	71.4239	0.3168	34.4922	5.764	NaN	0.7676	1.7698	14	0	55.7917	37.2298	145	7	0.6827	1.7247	14	0	0.4471	1.2796	8	0	37.473	19.937	128	7	0.3499	1.2126	8	0	0.2542	6	84.4463	101.6896	168.9015	5.1478	961.1542	3546.0442
71_13_FITC.tif	b890862b-2207-417f-b067-dfb59066e30d	Cell		Positive	Annotation	Polygon	225.17	613.05	4.3488	10.7674	0.4714	5.0116	1.058	NaN	6.1739	142	6.0049	22	0	22	75.9565	1747	13.0818	94	55	39	6	138	5.8075	21	0	21	48.2514	37.7017	0.4266	17.8018	3.6772	NaN	1.1949	3.017	22	0	33.6144	19.1631	94	11	1.0254	2.9477	21	0	0.6573	1.8352	15	0	29.0423	13.1831	92	11	0.4883	1.7767	15	0	0.0862	9	95.0009	102.614	208.0546	4.2832	578.6492	3147.8972
71_13_FITC.tif	07e3ab16-cfea-460c-87ca-98df019d61e9	Cell		Positive	Annotation	Polygon	223.57	618.15	5.3843	12.158	0.4577	5.7449	1.121	NaN	4.6154	120	5.3222	20	0	20	97.1538	2526	11.9756	127	78	49	4.5769	119	5.2473	20	0	20	10.3544	23.2514	0.2407	11.3806	1.3426	NaN	2.2909	4.276	20	0	67.4364	33.7829	127	9	2.1636	4.2503	20	0	0.2069	0.675	3	0	40.7931	22.7539	77	9	0	0	0	0	0.4368	3	4.7967	4.2832	6.8895	3.2175	4.1625	6.1467
71_13_FITC.tif	0de8fae9-7c93-4877-96cf-8fc3c2d34154	Cell		Positive	Annotation	Polygon	221.25	621.36	8.4906	16.8581	0.3754	7.7265	1.6511	NaN	5.1333	231	6.625	25	0	25	95.1333	4281	19.4184	130	52	78	5.1333	231	6.4934	24	0	24	52.6002	47.4963	0.293	22.6799	4.0506	NaN	1.7315	3.9432	25	0	51.9144	29.0059	130	9	1.5292	3.876	24	0	1.0094	2.5924	21	0	42.7406	21.4296	129	9	0.7642	2.4651	21	0	0.1614	7	100.3202	7.4264	235.7529	3.2175	364.1909	2294.3179
71_13_FITC.tif	81f0f36b-21fb-4774-b679-ee1484c876c9	Cell		Positive	Annotation	Polygon	224.87	629.1	2.8992	10.8822	0.3077	5.3235	0.8834	NaN	2.2353	38	2.7279	8	0	8	74.1176	1260	5.6	84	65	19	2.1765	37	2.6748	8	0	8	32.7198	33.031	0.3769	15.8712	3.1406	NaN	0.6894	1.7111	8	0	42.8758	21.4271	84	6	0.6894	1.7075	8	0	0.5069	1.458	8	0	39.1875	19.5054	80	6	0.5139	1.4723	8	0	0.0912	7	45.132	11.0515	104.0118	2.7064	74.4296	282.3153
71_13_FITC.tif	b53683d3-810c-4dc0-9b46-bb83e6ddc26e	Cell		Positive	Annotation	Polygon	222.29	633.14	4.1417	10.3544	0.4855	4.9336	1.134	NaN	3.3636	74	3.0635	9	0	9	83.3182	1833	10.1437	97	67	30	3.2727	72	3.0108	9	0	9	28.371	27.813	0.4609	13.0028	2.9291	NaN	0.8273	1.8994	9	0	46.9137	21.1956	97	9	0.8058	1.8684	9	0	0.3504	1.0693	7	0	40.0684	14.7384	80	9	0.3419	1.0681	7	0	0.1311	5	88.7542	102.1132	223.7314	2.7064	798.3667	3553.75
71_13_FITC.tif	19a0bdfb-6a9b-44da-b548-39fa98c4af57	Cell		Positive	Annotation	Polygon	340.76	646.75	23.4009	30.3832	0.3185	11.9338	3.3838	NaN	1.8983	224	2.0853	9	0	9	97.4153	11495	10.0905	112	64	48	1.3983	165	1.868	9	0	9	150.7596	62.1598	0.4903	29.0065	6.8339	NaN	3.1111	3.6977	19	0	64.5103	22.9445	112	18	0.5405	1.3255	9	0	3.3453	3.8916	19	0	58.1555	18.9436	99	18	0.3748	1.1215	9	0	0.1523	9	209.3338	181.0551	327.8169	41.1308	3975.4502	10719.8828
71_13_FITC.tif	ba01852c-c85d-4559-ae18-5bd2cf3a3ba9	Cell		Positive	Annotation	Polygon	300.61	653.55	14.0819	21.9372	0.3677	10.4823	2.0131	NaN	5.0833	366	4.8112	17	0	17	92.125	6633	11.4091	115	69	46	2.1528	155	3.0054	12	0	12	91.7397	56.8851	0.3563	27.031	4.5604	NaN	3.8449	5.1097	19	0	56.3798	20.11	115	24	0.6472	1.7512	12	0	3.6059	5.1371	19	0	49.4799	12.7595	83	24	0.3566	1.1886	12	0	0.1521	6	134.6125	137.6869	278.6295	2.3403	2360.7012	5633.1929
71_13_FITC.tif	f24039f4-35ec-4f8b-a77b-a695f24435a6	Cell		Positive	Annotation	Polygon	297.48	653.91	4.3488	13.9202	0.282	5.3493	1.3281	NaN	7.25	174	7.3971	22	0	22	86.4167	2074	7.1135	99	73	26	2.4167	58	3.2157	11	0	11	48.8726	44.6508	0.308	21.8228	3.2841	NaN	7.4661	5.9853	25	0	60.9788	16.4889	99	25	0.6907	1.9068	12	0	7.4906	5.8248	25	0	58.0991	14.6751	95	25	0.4953	1.5953	12	0	0.0802	6	125.3832	137.5662	208.7512	2.3403	2160.8225	5305.8931
71_13_FITC.tif	fb0ccb5d-16d9-4927-aadd-ccc8a93fe570	Cell		Positive	Annotation	Polygon	238.14	712.94	5.5914	12.4001	0.457	5.7774	1.2556	NaN	4.9	147	4.859	15	0	15	103.9667	3119	17.3712	129	75	54	4.9333	148	4.9961	15	0	15	28.7851	33.1566	0.329	15.9728	2.7897	NaN	2.1	3.5952	15	0	48.8357	36.4882	129	4	1.6357	3.4666	15	0	1.3364	2.7303	15	0	33.8	23.5129	113	4	0.7364	2.2079	14	0	0.1897	6	36.373	8.3041	102.614	3.618	54.5046	120.7329
71_13_FITC.tif	175f3bdb-6ba7-4166-b622-f287694f296e	Cell		Positive	Annotation	Polygon	241.9	718.59	22.5725	30.3566	0.3078	12.0676	2.8479	NaN	1.9636	216	3.1035	13	0	13	95.2727	10480	15.367	120	56	64	2.6273	289	3.413	13	0	13	105.8216	61.7874	0.3483	28.8897	4.9701	NaN	0.9648	2.0822	13	0	57.3945	29.1867	120	3	1.0176	2.2351	13	0	0.6915	1.5994	11	0	47.0299	22.8053	110	3	0.5771	1.5148	11	0	0.2016	7	98.9438	105.3885	173.1153	3.618	1802.5273	5305.8931
71_13_FITC.tif	e24df13b-b37b-4f20-9f48-99f9878a0579	Cell		Positive	Annotation	Polygon	236.66	717.87	4.9701	12.6977	0.3874	6.1389	1.1085	NaN	5.7143	160	6.2055	24	0	24	122.4643	3429	13.0766	139	87	52	5.9643	167	6.3972	23	0	23	16.1528	29.1096	0.2395	14.2699	1.7588	NaN	2.4074	4.5381	24	0	82.6296	35.6674	139	20	2.3086	4.6895	23	0	0.6604	1.6402	7	0	61.5849	23.7182	122	20	0.3774	1.2592	7	0	0.2922	5	23.5826	4.9746	94.9279	3.6351	75.7702	282.3153
71_13_FITC.tif	037a30fa-0087-4473-90e8-8e9d0c36c5c5	Cell		Positive	Annotation	Polygon	235.23	727.09	9.7331	19.4548	0.3232	9.0099	1.6094	NaN	4.1765	213	5.4321	20	0	20	104.1765	5313	16.8934	132	72	60	4.1961	214	5.3778	20	0	20	61.712	49.436	0.3173	23.761	3.2893	NaN	0.9933	2.8059	20	0	61.3067	24.6937	132	26	1.1	2.8029	20	0	0.3414	1.016	6	0	52.5261	14.9094	101	26	0.4659	1.1252	6	0	0.1543	5	5.6319	4.9746	10.123	2.8251	8.1526	22.1955
71_13_FITC.tif	0dcd5b24-ba8f-4eee-980e-27f9b78bec0c	Cell		Positive	Annotation	Polygon	237.9	727.57	3.5205	13.1906	0.2543	6.4734	0.6962	NaN	2	40	2.847	10	0	10	98.5	1970	13.0202	116	70	46	2.15	43	2.6611	10	0	10	13.2536	26.4678	0.2377	12.9406	1.4364	NaN	0.7794	1.819	10	0	69.6176	23.7462	116	25	0.7794	1.7521	10	0	0.2708	0.7363	3	0	57.5833	15.2453	92	25	0.2083	0.6174	3	0	0.2503	4	4.1349	3.4063	6.9018	2.8251	4.8723	5.8737
71_13_FITC.tif	73d0727f-8822-4ec7-8f63-4c8d54694fac	Cell		Positive	Annotation	Polygon	239.52	732.38	7.2481	17.4145	0.3003	8.5311	1.3103	NaN	3.675	147	4.6816	17	0	17	100.8	4032	17.2303	123	55	68	3.625	145	4.6558	17	0	17	40.5891	39.9571	0.3195	19.3583	3.293	NaN	1.1106	2.6719	17	0	56.8392	28.1634	123	21	1.005	2.5633	17	0	0.4654	1.2054	7	0	45.7799	17.5603	95	21	0.3459	0.8418	4	0	0.1695	7	27.2969	9.7064	140.9866	3.1531	161.8726	850.3907
71_13_FITC.tif	ff80a254-28a9-47de-8ebf-ff7cdf490112	Cell		Positive	Annotation	Polygon	232.43	728.14	3.5205	9.6026	0.4798	4.5945	0.9418	NaN	2.1053	40	2.7868	8	0	8	84.3684	1603	7.3727	97	73	24	1.9474	37	2.6557	8	0	8	36.2403	40.419	0.2788	19.5284	2.9101	NaN	0.7247	1.7	9	0	58.5618	13.979	97	29	0.5056	1.3829	8	0	0.5597	1.4478	9	0	55.478	11.0933	89	29	0.3333	1.0291	6	0	0.0805	6	39.1086	9.1013	104.0118	4.4814	89.7029	282.3153
71_13_FITC.tif	b7a8db7b-53f3-4229-8939-c594fade3c2c	Cell		Positive	Annotation	Polygon	231.87	736.61	4.9701	11.2296	0.4953	4.6711	1.4483	NaN	2.2963	62	3.0485	11	0	11	91.1481	2461	9.3591	105	72	33	2.8889	78	3.7553	13	0	13	21.7442	32.4871	0.2589	15.883	1.9319	NaN	0.7664	1.8763	11	0	62.243	23.2974	105	26	0.8785	2.2517	13	0	0.25	0.7713	5	0	52.4875	17.8191	89	26	0.2	0.5603	3	0	0.2169	4	7.2421	7.3022	11.2879	3.0761	8.7666	22.1955
71_13_FITC.tif	0129e4bb-8bfd-421c-8bea-79bcb9cc149b	Cell		Positive	Annotation	Polygon	229.69	738.02	5.7984	15.1466	0.3176	7.4098	1.1132	NaN	3.7812	121	5.1852	19	0	19	85.6875	2742	14.7045	113	62	51	3.8438	123	5.0997	19	0	19	62.5404	50.1332	0.3127	24.0167	3.5806	NaN	0.8618	2.3422	19	0	44.0526	20.6143	113	9	0.9079	2.3346	19	0	0.5184	1.3904	9	0	39.1544	14.887	103	9	0.5625	1.4076	9	0	0.0893	7	121.7661	109.0727	460.9636	3.0761	4137.8418	13657.2734
71_13_FITC.tif	58670f1a-ad38-4ad2-a210-35d40eb9b3f0	Cell		Positive	Annotation	Polygon	330.77	819.45	7.041	14.2652	0.4348	6.8842	1.4352	NaN	1.4857	52	1.6868	6	0	6	107.7143	3770	5.894	118	97	21	1.4857	52	1.8845	6	0	6	62.7475	44.5581	0.3971	21.1953	4.7275	NaN	1.9639	2.9959	14	0	73.177	20.2034	118	31	0.8754	1.8578	10	0	2.0259	3.1225	14	0	68.7	16.7803	107	31	0.7963	1.8431	10	0	0.1053	6	176.2909	211.4754	344.907	4.8063	8758.3926	33592.7461
71_13_FITC.tif	829ac753-1fae-42a2-9da9-def2cada160e	Cell		Positive	Annotation	Polygon	318.23	823.84	3.1063	9.8194	0.4048	4.7375	0.7747	NaN	2	32	3.266	11	0	11	106.8125	1709	4.3851	115	100	15	0.75	12	1.3904	4	0	4	43.2813	38.551	0.366	18.5382	3.46	NaN	2.5905	3.3935	14	0	86.9571	11.8149	115	60	0.9714	2.2262	14	0	2.6392	3.4074	14	0	85.3196	10.6907	111	60	0.9897	2.2831	14	0	0.0578	6	93.3691	93.2831	181.0551	6.5963	843.4033	3574.9382
71_13_FITC.tif	1fa3235e-3076-4827-b574-2bdca8bf0e54	Cell		Positive	Annotation	Polygon	329.26	829.47	1.2425	5.9161	0.4461	2.777	0.6584	NaN	3.375	27	3.5832	8	0	8	101.75	814	2.4928	106	98	8	1	8	1.069	3	0	3	33.9623	29.4113	0.4934	13.8375	3.3699	NaN	1.9461	2.4624	9	0	84.994	14.8066	106	49	0.5449	1.0338	5	0	1.8742	2.386	9	0	84.1509	14.6673	105	49	0.522	1.0302	5	0	0.0347	6	117.7582	81.1563	281.5287	4.8063	5695.8662	31312.4414
71_13_FITC.tif	8d5ed931-cd2e-4610-9382-b20fbc9c9571	Cell		Positive	Annotation	Polygon	316.26	834.79	10.5615	23.2984	0.2445	9.7561	1.8228	NaN	1.6364	90	1.9087	6	0	6	113.6	6248	6.607	127	97	30	1.3455	74	2.0296	10	0	10	84.6987	51.9486	0.3944	24.9156	5.2193	NaN	1.3561	2.4505	17	0	85.5585	19.5668	127	50	0.5244	1.2354	10	0	1.3127	2.5235	17	0	81.2141	17.1635	117	50	0.3972	1.007	9	0	0.1282	5	77.6426	48.0646	179.3887	6.5963	1438.7201	3664.0693
71_13_FITC.tif	c498c652-ca93-4ab2-9d6d-961f01f3a106	Cell		Positive	Annotation	Polygon	152.05	847.56	25.2647	41.5451	0.1839	17.261	3.0489	NaN	1.4806	191	2.646	16	0	16	79.6357	10273	8.1691	98	55	43	1.5891	205	2.7375	17	0	17	167.7408	71.4403	0.413	34.0177	6.8911	NaN	0.8781	2.0424	16	0	50.5788	22.4931	98	8	0.8534	2.042	17	0	0.7643	1.888	16	0	45.0908	19.9812	95	8	0.7145	1.8521	16	0	0.155	5	189.4363	235.7529	365.7921	20.5671	2196.2839	3394.042
71_13_FITC.tif	0d300b81-4412-4fc9-8087-1de52b7179b6	Cell		Positive	Annotation	Polygon	172.98	843.76	7.041	13.82	0.4633	6.4016	1.4484	NaN	0.9722	35	1.7645	8	0	8	90.8611	3271	7.2866	107	79	28	0.9722	35	1.7645	8	0	8	54.8782	36.2862	0.5238	16.4034	4.3257	NaN	0.7566	1.7312	11	0	59.1011	21.9055	107	19	0.5618	1.5065	10	0	0.7229	1.7274	11	0	54.1515	19.089	96	19	0.4978	1.4562	10	0	0.125	6	160.3006	173.6366	357.5046	6.714	3356.3291	13657.2734
71_13_FITC.tif	45467ca7-613b-4d48-9d0d-2c0ed7fc90d2	Cell		Positive	Annotation	Polygon	171.41	855.11	9.7331	17.9369	0.3802	7.9097	1.7531	NaN	2.3519	127	3.842	20	0	20	90.4259	4883	12.9929	119	66	53	2.2037	119	3.7737	19	0	19	79.9357	50.6619	0.3914	23.8066	5.5431	NaN	0.8295	1.9927	20	0	51.9147	22.2225	119	14	0.6072	1.8112	19	0	0.5826	1.3499	7	0	45.6697	16.336	97	14	0.3483	1.0291	7	0	0.1271	5	227.7182	299.8658	460.3073	6.714	4953.1992	11089.9434
71_13_FITC.tif	799f21b1-823f-4be7-b4c5-5bbbdec5390f	Cell		Positive	Annotation	Polygon	278.75	862.58	26.7143	31.3357	0.3419	14.6446	2.587	NaN	0.197	26	0.4855	2	0	2	149.7273	19764	7.1506	162	128	34	0.7727	102	1.3957	7	0	7	148.2746	65.6355	0.4325	31.0946	6.0617	NaN	0.7556	1.9945	21	0	114.3855	28.0535	162	20	0.9609	1.9601	21	0	0.8818	2.1769	21	0	106.3973	24.6369	149	20	1.0034	2.065	21	0	0.1818	9	165.8856	140.9866	338.569	48.0646	3595.3125	10750.0918
71_13_FITC.tif	5d85adac-4d18-4282-9e82-46eb3214b4e1	Cell		Positive	Annotation	Polygon	305.48	969.85	7.041	17.2936	0.2958	8.339	1.5519	NaN	1.3846	54	1.8298	7	0	7	100.8974	3935	10.5701	116	80	36	1.2821	50	1.8771	7	0	7	65.8538	47.2383	0.3709	22.6694	4.4146	NaN	1.6698	2.4831	11	0	68.4735	21.4079	116	31	0.6386	1.5351	10	0	1.7092	2.5604	11	0	63.9894	18.4583	105	31	0.5496	1.4634	10	0	0.1074	5	107.9144	134.4445	147.7718	4.9402	1151.7603	2470.4985
71_13_FITC.tif	d7efadd6-26e8-45f0-8121-5badddfe66d4	Cell		Positive	Annotation	Polygon	303.1	978.78	5.5914	13.3048	0.3969	6.2509	1.41	NaN	0.4	12	0.724	3	0	3	93.9333	2818	7.6741	107	79	28	0.4333	13	0.7739	3	0	3	56.3278	42.8042	0.3863	20.5847	3.7975	NaN	1.8791	2.9325	16	0	62.3663	18.7442	109	26	0.4908	1.2894	10	0	2.0617	3.0492	16	0	58.4691	15.7816	109	26	0.4979	1.3403	10	0	0.0977	3	83.9085	117.1213	129.6639	4.9402	657.5562	1753.6
71_13_FITC.tif	a98b4140-59f5-4d97-bca5-3e0b53832fb2	Cell		Positive	Annotation	Polygon	301.14	1106.4	5.5914	14.4603	0.336	6.893	1.0747	NaN	0.8065	25	1.5582	6	0	6	128.2581	3976	5.7733	141	119	22	0.8065	25	1.5582	6	0	6	85.32	49.066	0.4453	23.0293	4.5559	NaN	0.5375	1.3134	9	0	108.5835	13.7087	141	78	0.4818	1.3064	10	0	0.5157	1.2914	9	0	106.9869	12.9052	129	78	0.4555	1.2826	10	0	0.0656	11	468.2729	283.9595	1272.7816	111.9059	32282.4902	161623.0625
71_13_FITC.tif	30fe40f8-fd25-4b35-a20e-410dde9dda1b	Cell		Positive	Annotation	Polygon	142.34	1151.8	2.8992	9.3443	0.4173	4.4297	0.8881	NaN	3	54	2.7653	8	0	8	67.1111	1208	7.4588	77	51	26	3	54	2.6568	7	0	7	71.8593	44.3458	0.4592	21.0107	4.3488	NaN	0.7794	1.7002	9	0	34.7106	16.8166	77	7	0.7564	1.6869	12	0	0.6586	1.5398	9	0	32.9486	15.3291	74	7	0.6344	1.5322	12	0	0.0388	9	160.4967	169.6306	304.4098	64.6682	2127.293	10202.3057
71_13_FITC.tif	7077b8fa-8dbf-4612-b53d-2623f7f07adf	Cell		Positive	Annotation	Polygon	237.27	1198.4	8.2835	16.7266	0.3721	7.5032	1.5683	NaN	2.6098	107	3.0156	13	0	13	74.6098	3059	8.4731	90	57	33	2.8537	117	2.988	13	0	13	100.0232	51.8121	0.4682	24.0434	5.1224	NaN	1.0104	2.1417	16	0	49.3147	15.0522	90	19	0.7723	1.9222	16	0	0.862	1.9821	16	0	46.9683	13.2709	82	19	0.5792	1.6699	16	0	0.0765	9	253.0399	208.6385	460.9636	111.9059	5824.501	13657.2734
71_13_FITC.tif	bb40a2f9-0007-4566-ac7d-3b7b0bc29da8	Cell		Positive	Annotation	Polygon	118.1	1211.7	11.1827	17.9467	0.4363	7.6168	1.9661	NaN	4.8136	284	6.0042	24	0	24	104.1186	6143	16.6517	137	76	61	4.7119	278	5.9162	24	0	24	108.5138	53.2773	0.4804	25.0367	5.5595	NaN	1.139	2.9007	24	0	58.0686	23.0514	137	15	1.0286	2.8333	24	0	0.6738	1.7478	14	0	52.2382	16.1576	101	15	0.5622	1.6557	14	0	0.1004	6	267.9408	138.7941	918.1207	16.1663	1846.7887	5860.2246
71_13_FITC.tif	b4a02efb-0987-4e5e-86f9-4f4e239a8e1d	Cell		Positive	Annotation	Polygon	123.94	1225	9.3189	14.682	0.5433	6.616	1.8908	NaN	5.6042	269	5.5303	18	0	18	117.3958	5635	18.8812	144	77	67	6.2292	299	5.2723	18	0	18	60.2624	44.6787	0.3794	21.4816	3.7276	NaN	1.3163	3.1653	18	0	63.4252	31.4062	144	17	1.4796	3.2744	18	0	0.4797	1.3453	9	0	52.8943	20.7165	131	17	0.5528	1.4857	9	0	0.1542	4	28.3144	15.06	76.7646	6.3729	158.0166	376.7321
71_13_FITC.tif	56036673-e352-412d-b51e-55218c491b4a	Cell		Positive	Annotation	Polygon	127.83	1232.1	35.619	36.4315	0.3372	15.3416	3.8465	NaN	2.6932	474	4.441	23	0	23	121.9886	21470	20.6702	155	71	84	3.2386	570	4.6647	23	0	23	131.2934	81.4602	0.2486	30.9634	7.434	NaN	1.3711	3.1309	23	0	72.3286	37.8862	155	6	1.4072	3.179	23	0	0.8652	2.2616	15	0	53.3283	22.703	114	6	0.7065	1.9767	15	0	0.2713	3	32.0353	7.7807	81.9524	6.3729	78.8373	146.7509
71_13_FITC.tif	9da6c3d9-b863-411d-8264-195744ac92f8	Cell		Positive	Annotation	Polygon	127.78	1244.7	2.278	8.1688	0.429	3.3324	0.9802	NaN	1.5714	22	2.1381	7	0	7	96.5714	1352	8.4372	108	83	25	2	28	2.2532	7	0	7	26.093	25.5705	0.5015	11.5469	3.2694	NaN	0.5308	1.271	7	0	64.3385	16.3695	108	41	0.4692	1.1219	7	0	0.4052	1.0712	7	0	60.4483	12.2796	97	41	0.2845	0.72	4	0	0.0828	6	71.3451	59.737	184.0326	7.7807	923.5652	3214.1394
71_13_FITC.tif	947e0002-cd4a-41af-a855-779a6d2368fd	Cell		Positive	Annotation	Polygon	194.85	1309.4	6.6268	12.4026	0.5414	5.767	1.5888	NaN	11.6944	421	9.7301	30	0	30	131.3056	4727	16.9484	158	97	61	11.6944	421	9.7096	30	0	30	48.2514	32.3861	0.5781	14.9328	4.4613	NaN	2.5085	5.7201	30	0	53.5593	46.6485	158	1	2.25	5.6562	30	0	0.855	1.9935	11	0	39.565	35.0561	134	1	0.55	1.4691	8	0	0.1302	6	128.8239	66.1308	460.3073	3.624	3636.1482	11089.9434
71_13_FITC.tif	a626ca00-9d88-42eb-9594-cd667df3c3c7	Cell		Positive	Annotation	Polygon	193.44	1315.7	1.2425	5.8968	0.449	2.8484	0.5501	NaN	0	0	0	0	0	0	107.5714	753	3.645	113	103	10	0	0	0	0	0	0	4.1417	12.4833	0.334	6.0773	0.9371	NaN	0.4762	1.2891	5	0	101.381	7.5331	113	91	0.2857	1.1019	5	0	0.7143	1.5407	5	0	98.2857	7.0866	111	91	0.4286	1.3425	5	0	0.2291	5	43.341	3.8332	172.5027	3.624	589.448	2711.3364
71_13_FITC.tif	25a00419-23b7-482b-afb1-00a933ffffab	Cell		Positive	Annotation	Polygon	191.83	1320.4	6.4197	14.4189	0.388	6.6773	1.3871	NaN	1.0833	39	1.6102	6	0	6	106.5556	3836	8.3064	118	84	34	0.9722	35	1.6122	6	0	6	54.2569	46.4952	0.3154	22.6	3.2631	NaN	1.0076	2.0728	15	0	74.0606	26.8238	118	19	1.0303	2.109	15	0	0.9956	2.1394	15	0	68.9298	25.0816	117	19	1.0395	2.1798	15	0	0.1192	6	27.3925	18.4794	89.0753	1.9954	230.2201	1100.5587
71_13_FITC.tif	bbd2dd06-51ec-4524-8c70-9d175796d859	Cell		Positive	Annotation	Polygon	194.69	1320.2	6.8339	12.3359	0.5643	5.4692	1.6979	NaN	0.973	36	1.364	4	0	4	135.6757	5020	9.4577	150	115	35	1.1081	41	1.41	5	0	5	11.804	19.0641	0.4081	7.8497	2.3889	NaN	0.6066	1.1587	4	0	129.2295	12.5079	150	101	0.6885	1.2185	5	0	0.0417	0.2041	1	0	119.2917	9.9104	141	101	0.0417	0.2041	1	0	0.5599	5	4.5169	3.8332	7.1202	1.9954	5.704	8.5774
71_13_FITC.tif	4c2f8192-34e9-4a5f-b8b2-78b921ad483c	Cell		Positive	Annotation	Polygon	197.72	1322.6	3.5205	11.766	0.3196	5.6922	0.9935	NaN	0.9524	20	1.2836	4	0	4	106.381	2234	6.5687	115	91	24	1.4286	30	1.4687	4	0	4	40.382	41.5595	0.2938	20.3043	2.8879	NaN	1.0253	2.6128	16	0	81.5101	23.1308	118	28	1.0808	2.6281	17	0	1.0339	2.7301	16	0	78.5593	22.6143	118	28	1.0395	2.7331	17	0	0.0835	5	43.4088	9.8837	130.8394	3.4471	465.687	1919.2422
71_13_FITC.tif	013e31ff-2e6e-4e8f-948e-ca90bc02eed4	Cell		Positive	Annotation	Polygon	195.19	1331.3	10.9756	19.4746	0.3637	9.1152	1.8839	NaN	1.2414	72	1.6256	5	0	5	125.6207	7286	17.5408	156	80	76	1.2931	75	1.5334	5	0	5	50.3222	38.9699	0.4164	18.6676	4.0832	NaN	0.6286	1.3139	7	0	80.2163	33.2845	156	32	0.5714	1.2804	8	0	0.4385	1.1407	7	0	66.1337	22.7331	131	32	0.3476	1.1033	8	0	0.2286	5	33.0164	6.7904	82.5614	3.9494	59.8157	133.2325
71_13_FITC.tif	c6dc000a-7cc6-4abb-939b-869f9ea990b9	Cell		Positive	Annotation	Polygon	166.55	1335.6	10.7685	21.1344	0.303	8.1134	2.0412	NaN	1.5536	87	2.8535	13	0	13	86.2143	4828	7.7921	102	68	34	1.5179	85	2.8155	13	0	13	106.2358	53.5273	0.4659	25.0103	5.3953	NaN	0.8327	1.8771	14	0	59.2646	18.9085	102	10	0.8035	1.9078	14	0	0.7445	1.7041	14	0	55.9694	17.151	90	10	0.7162	1.7497	14	0	0.1005	6	75.8589	63.5146	185.1795	9.9467	1473.9222	3214.1394
71_13_FITC.tif	c0f8429a-df80-4f19-9729-8fc7a21c9ffe	Cell		Positive	Annotation	Polygon	170.89	1344.6	3.9347	12.3216	0.3257	5.987	0.915	NaN	2.6087	60	3.3267	13	0	13	81.7391	1880	10.4456	99	64	35	2.5652	59	3.3005	13	0	13	74.1373	48.1221	0.4023	23.0011	4.254	NaN	1.2762	2.6673	16	0	45.953	21.1418	100	2	0.8702	2.4759	16	0	1.1858	2.598	16	0	43.5251	19.4225	100	2	0.7552	2.3726	16	0	0.0514	4	50.5088	52.3946	87.2994	9.9467	1013.3436	2472.4238
71_13_FITC.tif	d9e9f738-dba7-4dd6-a697-ee62c53672c5	Cell		Positive	Annotation	Polygon	205.78	1387	10.9756	24.379	0.2321	11.2566	1.5584	NaN	1.9492	115	2.8972	15	0	15	85.6949	5056	9.3038	103	61	42	1.9492	115	2.7942	15	0	15	71.2381	43.1608	0.4806	20.0582	4.711	NaN	1.2754	2.7263	21	0	47.7333	23.5908	104	6	0.8957	2.3565	21	0	1.1364	2.6739	21	0	39.9021	17.1537	104	6	0.6783	2.1992	21	0	0.1559	6	62.2258	41.4718	195.4231	12.4828	353.2336	1919.2422
71_13_FITC.tif	c9d0696c-f484-4dde-9e55-2704584cd5be	Cell		Positive	Annotation	Polygon	205.25	1405.9	21.5371	39.6368	0.1723	19.4156	1.9862	NaN	2.9537	319	3.9087	16	0	16	118.8056	12831	22.5386	155	68	87	2.9352	317	3.8989	16	0	16	74.1373	71.7436	0.181	33.7163	4.5128	NaN	1.2652	2.6507	16	0	72.8536	36.7209	155	19	1.116	2.5629	16	0	0.5472	1.3527	7	0	53.315	20.6044	127	19	0.3425	0.9642	7	0	0.2886	3	6.3512	4.9644	12.4828	1.6064	6.1059	7.6277
71_13_FITC.tif	2cf149a6-3a8b-4bb1-855b-a21a1d58a018	Cell		Positive	Annotation	Polygon	207.6	1404.7	1.0354	5.0472	0.5108	2.3448	0.3663	NaN	0.1667	1	0.4082	1	0	1	79.6667	478	10.4817	92	64	28	0.1667	1	0.4082	1	0	1	18.6379	28.8329	0.2817	14.1516	2.2096	NaN	0.2796	0.8891	6	0	39.1075	14.2375	92	22	0.3978	1.0123	6	0	0.2874	0.9138	6	0	36.3103	9.3688	63	22	0.4138	1.0405	6	0	0.0316	7	250.9121	208.6385	609.423	1.6064	5596.0811	37613.332
71_13_FITC.tif	b7566282-6729-4b9c-8069-6ae4efd58568	Cell		Positive	Annotation	Polygon	203.29	1409.6	6.2126	15.7213	0.3159	7.6678	1.2628	NaN	1.6486	61	2.4968	8	0	8	93.8919	3474	17.3842	119	64	55	2.1622	80	3.1315	10	0	10	46.3876	43.7697	0.3043	21.2211	3.1004	NaN	0.7445	1.7463	8	0	48.2071	26.9072	119	15	0.6564	1.731	10	0	0.5684	1.5059	8	0	39.3105	17.8889	115	15	0.3632	1.0885	8	0	0.1288	10	239.9621	77.3929	727.1962	4.4665	5337.395	28419.334
71_13_FITC.tif	c96cbaf3-3cd5-4d1f-b94d-7aa209be5d06	Cell		Positive	Annotation	Polygon	135.1	1424.3	7.041	17.0653	0.3038	8.3681	1.1403	NaN	11.6	406	12.4054	38	0	38	82.7429	2896	22.7096	122	47	75	11.6286	407	12.3933	37	0	37	88.0121	52.2919	0.4045	25.0026	4.5559	NaN	1.4272	4.8182	38	0	29.5376	20.1604	122	4	1.1714	4.7617	37	0	0.5166	1.3278	7	0	24.7749	11.0077	66	4	0.2353	0.7915	6	0	0.0698	8	346.1027	198.4763	710.6776	70.8071	6691.1367	24855.5508
71_13_FITC.tif	9f8567f1-2a02-472c-be09-9c921671f491	Cell		Positive	Annotation	Polygon	460.93	583.43	16.1528	20.8583	0.4666	7.9807	2.9704	NaN	5.8148	471	5.0919	20	0	20	83.3457	6751	15.5605	109	46	63	3.5556	288	4.3846	21	0	21	131.0863	53.7045	0.5711	24.2615	6.8273	NaN	2.7701	3.7227	20	0	42.9024	21.7802	109	8	0.7969	2.2469	21	0	2.3249	3.2529	15	0	36.9892	15.3044	81	8	0.3935	1.315	10	0	0.1228	8	291.5989	293.213	378.3376	104.8422	12319.0586	33592.7461
71_13_FITC.tif	16e1af35-c7cb-4789-afe8-9f6369998530	Cell		Positive	Annotation	Polygon	671.02	795.99	17.1883	27.4683	0.2863	11.2548	2.6367	NaN	6.6782	581	6.1275	21	0	21	196.954	17135	11.4149	217	165	52	9.4943	826	8.3176	27	0	27	98.5736	59.5692	0.3491	27.0061	5.2005	NaN	2.0795	4.0616	21	0	160.613	29.4853	217	89	2.8954	5.7369	27	0	1.0563	2.4759	16	0	152.5269	25.9697	210	89	1.4271	3.6225	23	0	0.1781	7	298.4141	203.6244	755.9639	5.9672	15878.2832	43270.1953
71_13_FITC.tif	e1573241-0634-4496-aa0c-35582c6f9ad2	Cell		Positive	Annotation	Polygon	674.01	805.02	11.804	20.0979	0.3672	7.7752	2.3445	NaN	4.4576	263	5.7485	21	0	21	193.5085	11417	9.7704	213	174	39	5.5085	325	6.3256	23	0	23	70.2026	49.1897	0.3646	22.8887	4.3276	NaN	1.0319	2.9277	21	0	154.2029	27.5395	213	96	1.2812	3.347	23	0	0.3252	0.8309	6	0	146.0944	22.5876	195	96	0.4091	0.9572	6	0	0.1589	5	275.7272	52.5898	750.5781	5.9672	7511.6504	33923.1953
71_13_FITC.tif	8b704201-d180-4cc4-ada6-6fadb1c79ee6	Cell		Positive	Annotation	Polygon	698.65	847.58	20.7087	29.1322	0.3066	11.2921	3.3168	NaN	2.717	288	2.8677	12	0	12	135.1321	14324	23.6019	173	83	90	2.7547	292	2.8977	12	0	12	113.8981	59.6697	0.402	28.0038	5.307	NaN	1.2315	2.2289	12	0	75.8626	37.6301	173	21	0.9024	2.0049	12	0	0.8792	1.8878	10	0	61.8076	24.2598	133	21	0.4631	1.4104	10	0	0.1823	7	211.4009	293.9079	471.5802	3.508	2945.6729	13022.0918
71_13_FITC.tif	af9230a2-0f2c-4fce-97fb-d921a632d189	Cell		Positive	Annotation	Polygon	694.92	852.42	11.5969	24.9875	0.2334	12.2806	1.6257	NaN	0.8814	52	1.4981	7	0	7	113.9322	6722	13.691	140	89	51	0.6441	38	1.079	4	0	4	77.0365	57.411	0.2937	27.9043	3.6686	NaN	1.008	1.9696	12	0	81.5241	23.5767	140	22	0.7914	1.7202	12	0	1.0317	2.047	12	0	75.454	19.7831	140	22	0.819	1.8153	12	0	0.1477	3	175.0712	52.5898	469.1157	3.508	1790.6902	4699.4868
71_13_FITC.tif	1881e548-c4d1-4a4e-93f4-982c1c1721ef	Cell		Positive	Annotation	Polygon	540.62	942.75	3.7276	9.1428	0.5604	4.0514	1.1172	NaN	2.25	45	2.4034	8	0	8	84.1	1682	11.5572	100	63	37	2.35	47	2.5189	8	0	8	24.6434	25.9394	0.4602	12.0093	2.6499	NaN	2.3852	2.7256	10	0	36.3607	26.7959	100	6	0.5738	1.4196	8	0	2.4118	2.7945	10	0	27	17.1839	94	6	0.2255	0.688	3	0	0.1345	4	97.253	7.3073	372.0362	2.3614	153.2306	386.7018
71_13_FITC.tif	a8810028-a9df-4952-a7bb-7721c1dbcb9f	Cell		Positive	Annotation	Polygon	543.51	946.01	9.3189	14.6163	0.5482	6.7072	1.9056	NaN	0.74	37	1.3822	6	0	6	86.62	4331	8.3931	100	67	33	0.84	42	1.4049	6	0	6	47.2159	38.1965	0.4067	17.8381	3.8334	NaN	0.8087	1.8569	12	0	48.5696	25.9694	100	8	0.813	1.9524	12	0	0.8278	1.9714	12	0	38	18.0762	98	8	0.8056	2.0824	12	0	0.1879	4	145.3142	102.3984	374.0984	2.3614	7564.2402	29673.9414
71_13_FITC.tif	7185f3cd-d0f2-4255-8a73-e87a867a8a97	Cell		Positive	Annotation	Polygon	539.35	955.12	9.1118	19.6527	0.2965	8.7957	2.1098	NaN	2.0784	106	2.7557	12	0	12	93.6078	4774	15.0626	117	59	58	2.0392	104	2.6979	12	0	12	64.4042	50.9757	0.3115	24.6211	4.0195	NaN	1.1667	2.0361	12	0	54.7115	23.7747	117	5	0.7244	1.6102	12	0	0.9885	1.8176	8	0	47.1111	16.665	103	5	0.4674	1.1384	5	0	0.1412	7	248.8836	247.8494	577.1686	2.244	19821.25	72408.8438
71_13_FITC.tif	e4179d05-f4ac-44f2-b577-0fa6af6a6169	Cell		Positive	Annotation	Polygon	542.78	959.22	5.7984	14.0077	0.3714	5.1223	1.9687	NaN	2.4211	92	3.1161	11	0	11	90.0526	3422	13.9902	110	62	48	2.4737	94	3.0468	11	0	11	40.382	31.9336	0.4976	14.5064	3.7837	NaN	0.9397	2.0292	11	0	52.397	21.5507	110	24	0.9899	2.0499	11	0	0.5901	1.4852	8	0	43.5093	10.6408	85	24	0.6398	1.5514	8	0	0.1614	6	232.3898	105.8045	598.6137	2.244	8030.3687	43270.1953
71_13_FITC.tif	12dba7c8-d8a6-41ca-b47b-3d2751974524	Cell		Positive	Annotation	Polygon	773.06	1131.6	18.6379	21.2077	0.5207	8.6032	3.0328	NaN	2.1443	208	2.4706	11	0	11	140.4845	13627	19.1355	172	99	73	1.8969	184	2.4087	11	0	11	98.5736	54.9786	0.4098	26.0131	4.7171	NaN	3.6318	4.5592	23	0	88.5858	33.7287	172	35	0.7364	1.7307	11	0	4.0105	4.8828	23	0	75.3727	21.7468	131	35	0.4409	1.3649	10	0	0.1937	4	96.2009	42.0509	293.9079	6.7941	493.9445	1311.6893
71_13_FITC.tif	ebce2fbe-726d-4228-b814-e91b42f6c151	Cell		Positive	Annotation	Polygon	768.2	1138.9	48.8726	42.9834	0.3324	17.3975	4.145	NaN	1.1417	274	1.8649	10	0	10	132.0583	31694	11.9614	156	98	58	1.5875	381	2.1357	9	0	9	156.9722	72.5508	0.3748	33.2336	6.2585	NaN	1.05	2.132	13	0	94.8803	31.2818	156	34	0.7145	1.5659	9	0	1.0077	2.2451	13	0	77.7212	20.7606	136	34	0.3115	0.985	7	0	0.3098	4	21.4187	6.5984	68.4879	3.99	83.013	167.4729
71_13_FITC.tif	ad5da3d9-41c6-4c86-949c-63f13f7bbe94	Cell		Positive	Annotation	Polygon	764.9	1136.3	3.3134	9.565	0.4551	4.5421	0.7309	NaN	1.25	20	1.7701	5	0	5	125.125	2002	7.3201	137	114	23	1.4375	23	1.8608	5	0	5	16.1528	26.8216	0.2822	13.1269	1.7331	NaN	0.5	1.2398	6	0	95.5244	22.609	137	60	0.5244	1.3168	6	0	0.3182	1.0101	6	0	88.3485	18.8855	128	60	0.303	1.052	6	0	0.1507	4	79.3299	7.3623	300.0041	2.5909	384.0031	1311.6893
71_13_FITC.tif	e201ea9f-9239-4a42-a7c8-73e5c6b0b388	Cell		Positive	Annotation	Polygon	763.66	1144.1	2.6921	9.3697	0.3854	4.5975	0.7041	NaN	0.7692	10	1.4806	4	0	4	118.4615	1540	5.5017	127	108	19	0.9231	12	1.4979	4	0	4	36.6545	38.5205	0.3104	18.778	2.7445	NaN	0.6944	1.4536	9	0	91.7944	21.6678	127	40	0.6778	1.4861	9	0	0.6886	1.4558	9	0	89.7186	21.0724	127	40	0.6587	1.488	9	0	0.0456	8	124.2632	91.0823	302.1468	2.5909	2735.0742	13022.0918
71_13_FITC.tif	241d5ef8-5322-4638-be25-f4c5dfc4cd4a	Cell		Positive	Annotation	Polygon	778.52	1202.9	13.6678	18.5378	0.4998	7.2951	2.9421	NaN	4.8857	342	4.9065	17	0	17	139.9429	9796	15.847	166	102	64	1.0429	73	1.4289	5	0	5	90.4972	47.6395	0.5011	18.3957	6.571	NaN	5.3523	5.1613	24	0	98.5886	25.2366	166	54	0.5545	1.426	12	0	5.4405	5.2097	24	0	90.7649	18.0262	153	54	0.4622	1.4084	12	0	0.1504	4	56.0506	66.3763	73.3671	18.0826	146.0573	167.4729
71_13_FITC.tif	743f86ff-0f78-423c-a867-0fc4591bd5f5	Cell		Positive	Annotation	Polygon	779.02	1224.7	65.0254	68.9827	0.1717	28.5887	3.4288	NaN	1.2556	393	2.127	12	0	12	160.2013	50143	19.3389	201	108	93	1.3482	422	2.1281	10	0	10	171.8825	68.3224	0.4627	29.6377	7.2346	NaN	2.503	3.8897	23	0	115.7023	42.7766	201	30	0.6807	1.5997	10	0	3.2538	4.4757	23	0	88.9173	28.2053	163	30	0.2788	0.9742	8	0	0.3718	3	39.4489	18.1777	82.0863	18.0826	114.2846	117.4021
71_13_FITC.tif	518e59ef-e1f7-4613-9f91-0c4bf0f56cff	Cell		Positive	Annotation	Polygon	779.51	1245.4	12.6323	19.085	0.4358	8.255	2.272	NaN	0.3636	24	0.8159	4	0	4	135.9848	8975	9.6866	150	114	36	0.3939	26	0.8205	4	0	4	72.4806	40.5114	0.555	17.0368	5.7984	NaN	1.5869	2.7688	17	0	98.7635	24.676	150	50	0.5071	1.2021	7	0	1.8702	2.9777	17	0	90.1439	18.2322	136	50	0.5333	1.274	7	0	0.1785	3	91.0683	100.0784	154.9488	18.1777	925.8427	1734.2831
71_13_FITC.tif	7c60ebd4-8c43-41fe-9cda-d4cc227e974f	Cell		Positive	Annotation	Polygon	715.63	1320	13.8749	25.6166	0.2657	11.5503	2.4509	NaN	2.4605	187	3.4349	16	0	16	81.2763	6177	15.1803	110	47	63	2.7237	207	3.7295	16	0	16	123.4241	59.174	0.4429	28.0263	6.0045	NaN	0.9498	2.1071	16	0	45.5518	19.0997	110	6	0.786	1.9885	16	0	0.7299	1.7342	12	0	40.3506	13.0982	83	6	0.5038	1.3788	12	0	0.1211	8	338.8313	359.3522	518.1269	93.24	10320.8369	33923.1953
71_13_FITC.tif	25e5c20a-5f97-457b-9925-b1d49eda8330	Cell		Positive	Annotation	Polygon	268.46	2005.2	26.093	28.4377	0.4055	9.9166	3.6412	NaN	1.5802	207	2.4867	14	0	14	119.6641	15676	10.2534	140	87	53	0.916	120	1.452	7	0	7	105.6146	54.6295	0.4447	24.908	6.0663	NaN	1.7329	2.5343	14	0	80.6764	32.2665	140	25	0.4659	1.0695	7	0	1.7853	2.5515	11	0	67.3063	25.717	122	25	0.3115	0.851	5	0	0.2458	5	317.5118	67.7378	901.5656	4.5054	9353.3057	37613.332
71_13_FITC.tif	a39cc87a-d0b5-438d-81dc-d0a5ba0de7d4	Cell		Positive	Annotation	Polygon	264.68	2012.7	8.9048	21.0197	0.2533	10.1938	1.3627	NaN	1.7609	81	2.6599	13	0	13	113.5435	5223	10.2993	126	86	40	1.587	73	2.7614	14	0	14	60.2624	50.879	0.2925	24.8709	3.3615	NaN	1.43	2.2359	13	0	74.6689	30.9043	126	19	0.8464	1.8927	14	0	1.3684	2.1484	9	0	67.4292	27.9115	124	19	0.7085	1.654	9	0	0.1444	7	217.9078	81.139	609.423	4.5054	4830.4546	28419.334
71_13_FITC.tif	dd20edf3-d605-4933-8b3c-bf4375cd0db0	Cell		Positive	Annotation	Polygon	267.69	2019.8	2.8992	9.7478	0.3834	4.5313	0.9221	NaN	0.6471	11	1.1695	4	0	4	114	1938	4.2573	120	107	13	1	17	1.3693	4	0	4	28.1639	27.5546	0.4661	12.8353	2.9249	NaN	1.2014	2.256	13	0	89.3093	19.1182	120	52	0.6475	1.1909	6	0	1.2787	2.3611	13	0	85.8689	17.801	115	52	0.5984	1.1618	6	0	0.1004	5	40.7058	60.0888	67.09	4.5082	117.5425	375.9744
71_13_FITC.tif	ab857b18-0cb7-444f-b74c-7410e8df304a	Cell		Positive	Annotation	Polygon	284.03	2069.2	6.2126	11.5019	0.5901	4.7964	2.0008	NaN	3.5758	118	2.4878	9	0	9	96.0909	3171	14.8878	118	64	54	3.2121	106	2.6191	9	0	9	46.1805	31.4321	0.5874	13.0272	4.4613	NaN	2.1467	3.21	14	0	44.8311	27.4793	118	12	0.8222	1.7865	9	0	1.901	3.261	14	0	36.0208	17.7887	112	12	0.4115	1.1988	7	0	0.1306	6	237.9749	63.9133	966.9423	4.4368	10942.7178	56975.4844
71_13_FITC.tif	5c69db79-d8ee-476c-b1cb-5f623fd4b70b	Cell		Positive	Annotation	Polygon	281.35	2077.5	4.763	13.5148	0.3277	6.2054	1.1051	NaN	1.24	31	2.0469	7	0	7	81.28	2032	13.1006	100	57	43	1.24	31	1.9425	7	0	7	33.5482	37.0672	0.3068	18.1462	2.9955	NaN	1.1152	1.9612	10	0	43.5273	23.4442	100	7	0.6121	1.5562	9	0	1.0929	1.9523	10	0	36.7857	17.7969	97	7	0.5	1.4568	9	0	0.1369	7	21.2571	11.9816	63.8461	2.5538	97.2636	375.9744
71_13_FITC.tif	5c33d6fd-445d-4299-b505-7ef80d08a31d	Cell		Positive	Annotation	Polygon	271.45	2078	13.8749	25.689	0.2642	12.389	1.8925	NaN	1.3056	94	2.1924	13	0	13	113.6528	8183	9.7347	128	90	38	1.1389	82	1.5772	6	0	6	77.6578	45.5545	0.4703	21.3859	5.2936	NaN	3.3079	3.9184	19	0	76.1211	29.072	128	26	0.5632	1.2867	7	0	3.776	4.0844	19	0	67.3474	24.7769	125	26	0.4286	1.1716	7	0	0.1755	5	35.5508	17.484	71.2965	9.9017	115.7104	375.9744
71_13_FITC.tif	f1e4c8b7-34bb-442a-bd17-787945f2482f	Cell		Positive	Annotation	Polygon	285.27	2081	8.4906	17.6499	0.3425	8.5176	1.6305	NaN	1.2708	61	2.9875	13	0	13	102.7708	4933	10.5714	126	81	45	1.2917	62	3.0733	14	0	14	33.7552	32.4872	0.4019	14.3451	3.6545	NaN	1.6467	2.9901	13	0	72.9042	24.7243	126	32	0.994	2.5018	14	0	1.7983	2.9903	11	0	60.8571	17.4993	98	32	0.8739	2.2344	11	0	0.2655	5	119.9706	5.9814	316.8932	2.5538	3354.7136	16421.2344
71_13_FITC.tif	3fb1115e-d7ac-49c6-8ebf-cbacce65a37a	Cell		Positive	Annotation	Polygon	283.23	2088.6	5.3843	11.7209	0.4925	5.1766	1.4918	NaN	0.9355	29	2.2647	11	0	11	85.129	2639	5.3712	94	73	21	0.871	27	2.0123	10	0	10	40.1749	29.6727	0.5734	13.5603	4.0265	NaN	2.794	3.8288	17	0	57.1357	17.6285	94	24	0.8995	1.9746	14	0	3.1369	3.9623	17	0	51.9702	13.8189	92	24	0.9048	1.9736	14	0	0.1477	6	62.7818	30.6045	263.9836	5.2418	133.3214	553.5318
71_13_FITC.tif	f443470a-1dba-4481-a065-09e4340b69a5	Cell		Positive	Annotation	Polygon	270.37	2093.5	18.2237	31.4933	0.2309	14.8952	2.8237	NaN	1.1702	110	1.971	9	0	9	119.1915	11204	9.2994	136	98	38	1.0426	98	1.5652	6	0	6	73.516	57.816	0.2764	24.9641	6.2347	NaN	2.8799	3.646	16	0	86.4637	25.1182	136	40	0.5419	1.2623	9	0	3.4886	3.9057	16	0	74.8106	17.5129	125	40	0.3636	1.0841	9	0	0.251	6	49.9555	48.3784	97.3149	7.6705	1266.9867	3809.3083
71_13_FITC.tif	821a64a0-c5bb-4829-9cd8-eae21d14a8ef	Cell		Positive	Annotation	Polygon	273.08	2098.1	12.6323	23.1421	0.2964	10.5807	1.7273	NaN	1.8358	123	2.2536	8	0	8	119.9403	8036	7.0364	129	94	35	0.4328	29	0.802	3	0	3	30.0277	34.1651	0.3233	16.3278	3.475	NaN	2.7237	3.29	14	0	94.5921	29.4507	129	32	0.3421	0.8465	5	0	3.4235	3.7871	14	0	74.6118	24.5721	128	32	0.2706	0.8782	5	0	0.3983	5	13.8012	11.4012	24.4816	7.6705	38.3578	97.7909
71_13_FITC.tif	e203a62c-1ba8-47d0-a6b3-83a9af3b3e2a	Cell		Positive	Annotation	Polygon	272.59	2110	13.2536	19.7576	0.4267	9.406	2.059	NaN	3.4925	234	3.5307	15	0	15	121.8507	8164	10.0261	140	97	43	1.806	121	2.3756	10	0	10	50.7364	45.265	0.3112	21.2115	4.1307	NaN	5.7751	5.1248	20	0	85.0643	28.2073	140	30	0.8795	1.7232	10	0	6.6154	5.3667	20	0	71.522	19.1881	121	30	0.5385	1.2553	8	0	0.2527	5	21.7696	9.0357	72.6356	3.5905	41.6461	107.5034
71_13_FITC.tif	7001d7b7-400c-4ce7-ac90-adb1be13bb1e	Cell		Positive	Annotation	Polygon	274.74	2110.5	2.8992	9.3928	0.413	4.4629	0.8663	NaN	2.0625	33	3.0215	10	0	10	113.0625	1809	4.8093	122	105	17	1	16	1.4142	4	0	4	19.2591	34.5612	0.2026	17.0529	1.6223	NaN	5.4632	5.6471	22	0	90	19.4537	122	46	0.8	1.2932	4	0	6.1519	5.8157	22	0	85.3291	17.9005	116	46	0.7595	1.2731	4	0	0.1322	5	16.6369	11.4012	34.5219	3.5905	33.9074	78.1806
71_13_FITC.tif	847b6d5c-c01a-4545-a42c-fb427b1f75e2	Cell		Positive	Annotation	Polygon	275.57	2117.5	2.8992	9.1833	0.432	4.3459	0.9738	NaN	3.7222	67	3.5448	11	0	11	109.1111	1964	2.8469	114	104	10	0.7222	13	0.8264	2	0	2	39.1395	39.5952	0.3137	19.2228	2.8879	NaN	7.466	5.8479	22	0	87.8796	17.3945	120	53	0.5026	1.1871	7	0	7.8555	5.9089	22	0	85.6705	16.7735	120	53	0.4798	1.218	7	0	0.0723	5	23.8032	9.0357	64.1668	5.4976	63.253	107.5034
71_13_FITC.tif	89a8ff2d-b457-44d4-9ac0-1d6f5f0cafc1	Cell		Positive	Annotation	Polygon	278.18	2123.7	7.6622	16.784	0.3418	8.1411	1.1462	NaN	5.6216	208	4.4867	15	0	15	112.2432	4153	8.2273	125	90	35	1.7297	64	2.3764	10	0	10	77.0365	52.0033	0.358	25.0126	4.2741	NaN	7.5561	6.25	29	0	78.6925	21.2283	125	28	0.5829	1.3432	10	0	7.7685	6.3836	29	0	75.0089	18.8534	116	28	0.457	1.1122	5	0	0.0918	5	78.2648	57.6739	224.9691	7.2804	294.6071	693.601
71_13_FITC.tif	9a2580a5-af77-49f1-b3d6-f7f0760f4915	Cell		Positive	Annotation	Polygon	139.65	2127.1	33.3411	36.5061	0.3144	12.6458	4.4727	NaN	4.303	710	6.1994	31	0	31	134.9758	22271	21.0889	176	88	88	4.6364	765	6.2089	31	0	31	156.7652	64.6409	0.4715	29.0165	7.3158	NaN	2.1199	3.9977	31	0	76.1476	39.9877	176	14	1.4124	3.73	31	0	1.5135	2.847	16	0	59.8064	26.2776	146	14	0.5168	1.8513	15	0	0.2185	4	193.7817	34.0613	703.3403	3.664	4131.0371	15015.4775
71_13_FITC.tif	48ee5fbd-891d-475e-972b-f68f90e5ab11	Cell		Positive	Annotation	Polygon	135.5	2130	4.9701	12.3301	0.4108	5.8569	1.1248	NaN	4.0769	106	5.5923	20	0	20	112.9231	2936	8.854	127	96	31	4.3462	113	5.4841	20	0	20	46.3876	44.3229	0.2967	21.6317	2.8871	NaN	1.88	4.3104	30	0	65.12	28.3237	131	17	1.3644	4.2004	31	0	1.593	4.044	30	0	58.8744	23.6306	131	17	0.9749	3.8526	31	0	0.1011	6	320.7527	136.5366	918.1207	3.664	1651.578	5860.2246
71_13_FITC.tif	644b6264-007b-4c7c-84a1-76925e72891f	Cell		Positive	Annotation	Polygon	181.15	2131.4	18.4308	24.2293	0.3945	8.7117	2.9933	NaN	9.8925	920	6.7863	27	0	27	122.0645	11352	16.4481	147	86	61	1.9355	180	2.497	10	0	10	97.5382	53.0285	0.4359	24.9367	5.5043	NaN	12.7822	6.9958	36	0	73.9112	31.4335	147	26	0.5814	1.559	10	0	13.4895	6.8718	36	0	62.1263	21.3686	125	26	0.25	0.9763	9	0	0.1803	8	198.9267	38.9993	725.0508	3.0276	5221.0674	24855.5508
71_13_FITC.tif	8222a3d8-428d-481b-96ae-495f19d7518d	Cell		Positive	Annotation	Polygon	184.47	2132.5	1.6567	6.3817	0.5112	2.8828	0.7167	NaN	10.4	104	4.5265	17	4	13	115.9	1159	5.6657	121	104	17	0.8	8	1.1353	3	0	3	12.8394	22.2786	0.3251	10.7819	1.6223	NaN	6.0312	5.3213	17	0	88.625	19.841	121	56	0.3438	0.8585	4	0	5.2222	5.0904	17	0	83.5741	17.2086	121	56	0.2593	0.7815	4	0	0.1263	6	179.7714	97.0582	727.1962	3.0276	6152.4404	28419.334
71_13_FITC.tif	38a1cf0c-eaa0-48fb-8146-9b006599995d	Cell		Positive	Annotation	Polygon	183.83	2143.8	9.7331	16.0824	0.4729	6.3143	2.3193	NaN	6.7692	352	5.4363	19	0	19	120.9615	6290	7.5094	138	102	36	1.9038	99	3.1202	13	0	13	68.9601	46.3712	0.403	20.8491	5.3045	NaN	6.2411	5.8	26	0	88.8423	19.2739	138	53	0.8065	1.9243	13	0	6.1444	5.8681	26	0	82.9613	14.3286	125	53	0.6056	1.5385	11	0	0.1446	7	101.9253	23.4246	339.8914	5.7292	3668.0806	17147.0234
71_13_FITC.tif	358a0960-8072-4611-8de8-8cc3ef3109e0	Cell		Positive	Annotation	Polygon	147.34	2150.2	43.6954	41.6911	0.3159	16.5677	4.4835	NaN	1.8981	410	2.9093	15	0	15	174.1296	37612	15.4074	205	127	78	1.4722	318	2.2741	13	0	13	176.8526	78.6667	0.3591	32.9725	8.543	NaN	3.0607	3.8796	19	0	120.0456	47.1614	205	22	0.8236	1.8233	16	0	3.4531	4.0841	19	0	101.7922	39.6699	179	22	0.6047	1.5868	16	0	0.2522	5	24.6299	24.9981	38.5953	5.9847	224.5468	534.0007
71_13_FITC.tif	3eaf92f3-83ab-4535-9626-b78adb5c0ecd	Cell		Positive	Annotation	Polygon	178.41	2154.5	8.9048	18.6844	0.3205	9.0193	1.6956	NaN	3.102	152	3.5133	14	0	14	127.2653	6236	13.3069	148	99	49	1.7755	87	2.0743	7	0	7	80.7641	51.2821	0.3859	24.7493	5.2132	NaN	9.0281	7.6722	45	0	96.4501	20.634	148	55	0.7673	1.6391	10	0	9.8772	7.734	45	0	92.0351	17.4933	141	55	0.6228	1.5166	10	0	0.1081	4	15.8667	16.3863	23.4329	7.2614	30.4312	68.505
71_13_FITC.tif	541f4627-eabc-4a19-8ef5-9028a01dbea9	Cell		Positive	Annotation	Polygon	149.48	2160.8	4.763	15.7404	0.2416	7.642	0.9885	NaN	1.037	28	1.6048	5	0	5	151.7037	4096	7.9943	162	134	28	0.3333	9	0.5547	2	0	2	36.0332	35.284	0.3637	16.9846	2.869	NaN	6.04	7.4936	34	0	120.1029	24.1357	162	74	0.4857	1.198	6	0	6.9527	7.7831	34	0	114.3378	21.4788	160	74	0.5135	1.2803	6	0	0.1382	5	61.7916	29.797	215.9071	5.9847	669.1502	1755.0322
71_13_FITC.tif	0edfb0ad-cb22-4003-a7a7-6225d0850202	Cell		Positive	Annotation	Polygon	169.89	2167.1	44.1096	53.5313	0.1934	21.3101	3.7293	NaN	12.4369	2761	7.8633	35	0	35	123.3153	27376	14.1878	147	80	67	0.8333	185	1.444	6	0	6	166.7053	73.0363	0.3927	32.593	7.1995	NaN	14.4919	7.7486	35	0	85.6447	33.3936	147	21	0.5814	1.623	15	0	15.2744	7.5658	35	0	71.3002	26.7701	129	21	0.4854	1.6774	15	0	0.2704	9	19.1025	14.58	39.4034	9.7049	86.612	534.0007
71_13_FITC.tif	108e3051-882b-44fe-9572-48aa2ce6df11	Cell		Positive	Annotation	Polygon	175.35	2165.5	7.8693	16.9805	0.343	8.2179	1.4798	NaN	3.2	144	3.603	14	0	14	121.5333	5469	12.643	140	92	48	1.4222	64	1.4692	5	0	5	69.9955	47.3132	0.3929	22.88	4.574	NaN	8.4721	7.4992	33	0	87.607	20.3953	140	44	0.5015	1.4904	17	0	9.2736	7.6155	33	0	82.4493	15.9158	123	44	0.3615	1.4454	17	0	0.1217	5	75.8084	21.2229	317.4283	7.2614	402.001	1090.7827
71_13_FITC.tif	ad6db1f8-70b5-4bb2-b74b-f221e3676651	Cell		Positive	Annotation	Polygon	269.07	2178.4	5.7984	13.3568	0.4084	6.2748	1.3318	NaN	6.1212	202	3.8059	13	0	13	110.4242	3644	8.5258	126	93	33	1.5758	52	2.8177	12	0	12	55.7065	44.3292	0.3562	21.3457	3.7158	NaN	4.1905	4.4301	17	0	68.5604	24.0384	126	34	0.652	1.5315	12	0	3.925	4.4509	17	0	62.8042	19.3038	119	34	0.525	1.2133	7	0	0.1009	8	80.8087	80.3623	167.6103	4.8577	1458.0614	7139.8945
71_13_FITC.tif	859eda1f-84e7-45b4-9f0b-cec877706964	Cell		Positive	Annotation	Polygon	166.77	2182	2.0709	11.0733	0.2122	5.0849	0.6764	NaN	7.4	111	5.0114	16	0	16	118.8667	1783	4.9261	127	110	17	0.8667	13	1.1872	3	0	3	11.804	31.8067	0.1466	15.7364	1.0929	NaN	6.8136	6.1096	23	0	104.1864	20.8719	127	45	1.1525	2.0994	11	0	6.6136	6.4815	23	0	99.1818	21.8837	125	45	1.25	2.334	11	0	0.1919	3	5.6406	3.2832	11.3478	2.291	5.8989	10.5624
71_13_FITC.tif	9f00e736-d3e0-4d3d-a3f3-1836d69c8bc5	Cell		Positive	Annotation	Polygon	164.82	2185.8	9.9402	19.2959	0.3355	9.4041	1.472	NaN	9.1132	483	7.1728	27	0	27	128.7547	6824	13.3718	150	94	56	3.3774	179	3.493	11	0	11	74.3444	53.5875	0.3253	26.0012	4.012	NaN	9.9637	6.9935	27	0	76.1536	35.6735	150	19	1.0168	2.3916	13	0	10.1115	6.9633	27	0	67.0131	29.9613	133	19	0.6066	1.868	13	0	0.1346	6	41.0899	9.5635	188.6253	3.1408	299.0729	1755.0322
71_13_FITC.tif	4582ca37-01b8-4288-bdbe-73149fc71a95	Cell		Positive	Annotation	Polygon	170.38	2188	6.8339	14.9311	0.3852	6.5387	1.2697	NaN	2.8649	106	3.2928	11	0	11	120.2973	4451	10.2899	134	100	34	2.3243	86	3.2749	11	0	11	42.66	33.438	0.4795	15.2905	3.4551	NaN	2.4785	3.6468	20	0	88.2584	22.2825	134	52	1.4689	3.3983	20	0	2.3953	3.7222	20	0	81.3663	17.6569	126	52	1.2849	3.4054	20	0	0.1544	6	87.8763	17.0867	296.957	1.5463	548.9846	2492.8535
71_13_FITC.tif	abe71ef0-5adc-4b9c-9745-f5deac478f3f	Cell		Positive	Annotation	Polygon	168.09	2186.7	3.3134	9.844	0.4297	4.2427	1.0915	NaN	3.0526	58	3.2054	12	0	12	120.4211	2288	4.2988	128	112	16	1.0526	20	1.1773	4	0	4	14.4961	27.926	0.2336	13.7042	1.5255	NaN	2.0658	2.6196	12	0	100.8289	17.6616	128	66	0.3816	0.848	4	0	1.7368	2.334	11	0	94.2982	15.433	117	66	0.1579	0.5603	3	0	0.2186	4	4.9493	2.7159	12.819	1.5463	8.5617	17.6968
71_13_FITC.tif	5358801c-aa43-46a7-8bdf-0a1ba1bdc637	Cell		Positive	Annotation	Polygon	271.51	2186.8	6.2126	13.9938	0.3987	5.6787	1.5875	NaN	1.4545	48	2.195	7	0	7	108.0303	3565	7.998	123	90	33	1.0606	35	1.8865	7	0	7	63.99	45.9966	0.3801	21.83	4.5305	NaN	4.1656	4.6505	18	0	83.8121	13.8137	123	48	0.6752	1.6719	11	0	4.484	4.76	18	0	80.968	11.3469	111	48	0.6299	1.6426	11	0	0.1008	4	98.2931	112.5225	163.2697	4.8577	243.9661	693.601
71_13_FITC.tif	7f8710ca-da38-40d6-a87a-a3141ee0f6ff	Cell		Positive	Annotation	Polygon	272.85	2347.5	3.9347	13.508	0.271	6.2307	1.1302	NaN	1.12	28	1.481	5	0	5	107.28	2682	4.8263	116	98	18	1.16	29	1.5188	5	0	5	55.2923	47.2445	0.3113	22.8442	3.2695	NaN	0.9552	1.7941	10	0	81.7948	17.084	116	39	0.7799	1.6399	10	0	0.9383	1.8251	10	0	79.1728	15.675	113	39	0.7407	1.6498	10	0	0.0838	6	151.1216	169.3613	225.5211	1.4966	4160.0342	17147.0234
71_13_FITC.tif	73454802-5b3c-4083-a48a-f710ffd18ba0	Cell		Positive	Annotation	Polygon	275.6	2349.2	6.2126	15.9884	0.3054	7.723	1.3222	NaN	2.0857	73	2.9343	12	0	12	105.4857	3692	9.1984	120	87	33	2.0286	71	2.9554	12	0	12	59.227	51.7186	0.2783	25.015	3.2361	NaN	1.1211	2.0231	12	0	70.474	20.5262	120	22	0.6747	1.6451	12	0	0.9882	1.8318	9	0	65.6496	16.592	102	22	0.4882	1.2722	10	0	0.103	7	175.1188	178.7205	269.1825	1.4966	4000.917	16421.2344
71_13_FITC.tif	24318ac2-5c2e-4196-abd0-6bfbcef38bb0	Cell		Positive	Annotation	Polygon	150.1	2373.3	12.2182	21.6477	0.3276	10.4733	1.7946	NaN	17.3115	1056	19.3016	59	0	59	122.9344	7499	40.3083	191	43	148	17.5738	1072	19.7421	59	0	59	108.3067	56.6418	0.4242	27.0198	5.2835	NaN	2.7848	8.5884	59	0	34.2038	37.4343	191	2	2.181	8.7228	59	0	0.875	1.9345	12	0	22.5388	14.204	91	2	0.1573	0.533	5	0	0.1112	7	166.5898	188.6253	243.2762	107.5455	1047.437	2492.8535
71_13_FITC.tif	b22f5dbf-7900-40b2-900e-8d60558dc69d	Cell		Positive	Annotation	Polygon	396.11	2375.8	5.5914	14.0628	0.3553	5.9523	1.2415	NaN	15.7241	456	10.2814	43	0	43	71.8966	2085	11.4435	97	49	48	15.6897	455	10.2717	43	0	43	83.2491	47.3209	0.4672	22.0251	4.5559	NaN	2.33	5.2625	43	0	21.0844	16.5315	97	3	1.6079	5.1611	43	0	1.2914	2.6235	21	0	17.1444	8.2709	74	3	0.516	2.0434	20	0	0.0636	7	479.6393	316.8932	1272.7816	124.2097	54927.4531	161623.0625
71_13_FITC.tif	6dbbe090-5929-41c7-9c00-cdb241f8cd10	Cell		Positive	Annotation	Polygon	163.98	2475.3	28.7851	32.2467	0.3479	14.7224	3.0557	NaN	7.3636	1053	8.6036	39	0	39	167.1259	23899	29.1692	211	88	123	7.8531	1123	9.025	39	0	39	94.0177	59.4024	0.3348	27.9091	5.7984	NaN	3.0853	5.8773	39	0	89.3545	62.7767	211	9	2.7287	6.2038	39	0	1.1369	2.1383	12	0	53.9363	36.5186	154	9	0.3949	1.2877	10	0	0.3066	4	31.0433	7.1957	107.5455	2.2362	75.0662	184.4949
71_13_FITC.tif	67cc63c5-e8ff-4714-8512-d99f14100e8c	Cell		Positive	Annotation	Polygon	160.03	2484.9	18.0166	29.2657	0.2643	14.1657	1.9823	NaN	3.4607	308	4.5504	19	0	19	109.6966	9763	20.5312	140	59	81	3.5056	312	4.5355	19	0	19	94.4318	64.1493	0.2884	31.0018	4.1243	NaN	2.0066	3.1744	19	0	54.0328	34.4316	140	2	1.2707	2.8294	19	0	1.6558	2.632	13	0	40.607	21.0084	136	2	0.7317	1.8769	13	0	0.1879	3	40.9145	5.5663	111.7732	5.404	99.3135	184.4949
71_13_FITC.tif	15fe51b6-f920-4f11-8c9d-3c8b78f5c371	Cell		Positive	Annotation	Polygon	166.1	2483.1	1.6567	6.342	0.5176	2.9059	0.5991	NaN	3.3333	30	2.7386	6	0	6	97.8889	881	10.4456	116	83	33	0.2222	2	0.6667	2	0	2	21.9513	24.6404	0.4543	11.4833	2.5296	NaN	3.5046	3.4658	17	0	61.055	19.4035	117	36	0.2477	0.8295	4	0	3.52	3.5348	17	0	57.74	16.3544	117	36	0.25	0.8454	4	0	0.0549	7	177.7864	171.1122	339.8914	2.2362	3145.8438	17147.0234
71_13_FITC.tif	043e2b9e-14da-4779-bd34-82a9abe9adf1	Cell		Positive	Annotation	Polygon	164.22	2492.6	3.1063	13.14	0.2261	6.4763	0.7036	NaN	0.8235	14	1.5904	5	0	5	87.4118	1486	14.0226	112	68	44	0.1176	2	0.3321	1	0	1	34.5836	33.2926	0.3921	16.0015	3.1614	NaN	6.8107	6.1101	34	0	53.6746	19.9921	119	28	0.2367	0.8882	8	0	7.4803	6.0647	34	0	49.9013	16.7742	119	28	0.25	0.9296	8	0	0.0871	6	106.2047	93.5272	257.9744	5.5663	2096.3533	10010.0195
71_13_FITC.tif	14e1e532-d2c8-48c2-9b2a-6ca1cda607cd	Cell		Positive	Annotation	Polygon	768.24	1396.6	21.1229	35.4734	0.2109	17.259	2.3634	NaN	2.729	292	3.3239	13	0	13	103.4673	11071	5.9006	113	83	30	0.8224	88	1.3233	6	0	6	150.7596	70.8165	0.3778	34.0689	6.0377	NaN	3.1799	3.9368	18	0	76.1181	21.7266	113	14	0.7995	1.8338	16	0	3.2576	4.0303	18	0	71.4058	19.9055	112	14	0.7955	1.9088	16	0	0.1479	5	362.2278	253.4819	1018.7056	93.24	6372.6826	9957.7363
71_13_FITC.tif	b2c121c2-8d71-49c5-ab3d-e00c36cdb1b1	Cell		Positive	Annotation	Polygon	587.37	1528.5	6.0055	17.6381	0.2426	8.445	0.9833	NaN	2.8857	101	3.9539	14	0	14	89.1429	3120	10.2157	104	66	38	3.4857	122	4.3411	16	0	16	94.6389	54.4539	0.4011	26.0126	4.5559	NaN	1.5328	2.7745	17	0	53.1747	20.2078	108	16	0.7948	2.1069	16	0	1.4208	2.6292	17	0	50.1986	17.8224	108	16	0.5721	1.6244	16	0	0.0626	7	614.8985	577.1686	875.6431	26.7179	47166.5742	161623.0625
71_13_FITC.tif	896eae6f-9b03-42a1-9110-4d75a28dbe01	Cell		Positive	Annotation	Polygon	603.14	1550	9.7331	19.1141	0.3348	8.209	2.0127	NaN	0.6964	39	1.374	6	0	6	109.4107	6127	6.1223	122	93	29	0.75	42	1.4302	6	0	6	109.5492	53.6418	0.4784	25.0563	5.5876	NaN	1.0943	2.0921	16	0	82.6094	15.9578	122	44	0.5755	1.2642	8	0	1.1414	2.1574	16	0	79.443	13.6144	114	44	0.5549	1.2432	8	0	0.0982	7	485.5169	598.6137	849.1284	26.7179	21473.5703	43270.1953
71_13_FITC.tif	cf10dabb-9bfa-49d6-8ec7-62131eddce70	Cell		Positive	Annotation	Polygon	701.25	1675.6	6.2126	13.5907	0.4227	6.5551	1.3023	NaN	3.9677	123	3.5354	15	0	15	87.5484	2714	17.2392	114	51	63	4.5484	141	4.3806	15	0	15	55.7065	43.275	0.3738	20.8008	3.5095	NaN	1.2296	2.2284	15	0	41.6481	25.9466	114	8	0.8037	2.2107	15	0	0.8745	1.7128	10	0	35.6946	20.3332	101	8	0.318	1.0204	7	0	0.0966	4	313.1353	259.4499	730.71	2.9314	15554.9277	42733.9844
71_13_FITC.tif	c7bc8cb2-ab2f-4886-9468-56d012e8b878	Cell		Positive	Annotation	Polygon	703.83	1680.9	3.9347	9.2711	0.5752	4.0267	1.1587	NaN	1.7143	36	2.3905	8	0	8	90.0952	1892	8.2274	102	74	28	1.5714	33	2.1347	8	0	8	51.7718	43.7647	0.3397	20.7285	3.4035	NaN	1.0556	1.9872	10	0	55.25	19.1556	102	24	0.75	1.6547	10	0	0.9957	1.9415	10	0	52.0823	16.5413	91	24	0.6753	1.5889	10	0	0.0666	4	345.6801	325.677	728.4351	2.9314	4549.4229	9957.7363
71_13_FITC.tif	58e9bcfd-df43-4042-8d1a-7e5a13bd82bc	Cell		Positive	Annotation	Polygon	590.2	2397.5	9.1118	14.7003	0.5299	6.5127	2.0632	NaN	2.1458	103	3.2746	13	0	13	78.3958	3763	10.7104	105	60	45	2.0833	100	3.2736	13	0	13	70.2026	45.8699	0.4193	21.6162	4.7377	NaN	1.4604	2.3128	13	0	36.9648	23.9424	105	3	0.6598	1.804	13	0	1.3481	2.1006	11	0	30.1775	17.9056	100	3	0.4266	1.295	11	0	0.1283	6	700.4557	789.9192	1018.7056	5.1755	11601.4092	42733.9844
71_13_FITC.tif	8a0cbdee-51e9-4a11-aed9-15b5c2f02de1	Cell		Positive	Annotation	Polygon	588.15	2407.1	6.0055	13.5724	0.4097	6.3881	1.379	NaN	1.5806	49	2.6429	9	0	9	74.7097	2316	9.9539	92	59	33	1.6129	50	2.4857	9	0	9	55.0852	42.398	0.3851	20.3278	4.091	NaN	0.8764	1.6644	9	0	47.7453	15.0995	92	21	0.5356	1.3798	9	0	0.7839	1.4731	7	0	44.2034	11.7009	72	21	0.3941	1.0922	6	0	0.1024	3	358.4969	194.672	875.6431	5.1755	42375.0469	84282.5312
