Image	Object ID	Object type	Name	Classification	Parent	ROI	Centroid X µm	Centroid Y µm	Nucleus: Area	Nucleus: Perimeter	Nucleus: Circularity	Nucleus: Max caliper	Nucleus: Min caliper	Nucleus: Eccentricity	Nucleus: Red mean	Nucleus: Red sum	Nucleus: Red std dev	Nucleus: Red max	Nucleus: Red min	Nucleus: Red range	Nucleus: Green mean	Nucleus: Green sum	Nucleus: Green std dev	Nucleus: Green max	Nucleus: Green min	Nucleus: Green range	Nucleus: Blue mean	Nucleus: Blue sum	Nucleus: Blue std dev	Nucleus: Blue max	Nucleus: Blue min	Nucleus: Blue range	Cell: Area	Cell: Perimeter	Cell: Circularity	Cell: Max caliper	Cell: Min caliper	Cell: Eccentricity	Cell: Red mean	Cell: Red std dev	Cell: Red max	Cell: Red min	Cell: Green mean	Cell: Green std dev	Cell: Green max	Cell: Green min	Cell: Blue mean	Cell: Blue std dev	Cell: Blue max	Cell: Blue min	Cytoplasm: Red mean	Cytoplasm: Red std dev	Cytoplasm: Red max	Cytoplasm: Red min	Cytoplasm: Green mean	Cytoplasm: Green std dev	Cytoplasm: Green max	Cytoplasm: Green min	Cytoplasm: Blue mean	Cytoplasm: Blue std dev	Cytoplasm: Blue max	Cytoplasm: Blue min	Nucleus/Cell area ratio	Delaunay: Num neighbors	Delaunay: Mean distance	Delaunay: Median distance	Delaunay: Max distance	Delaunay: Min distance	Delaunay: Mean triangle area	Delaunay: Max triangle area
71_9_FITC.tif	fe13e24d-0fd2-4af4-92ec-afb7126e9f6e	Cell		Positive	Annotation	Polygon	332.39	610.39	5.7984	11.2451	0.5762	5.0145	1.6117	NaN	1.9333	58	2.1645	7	0	7	96.1	2883	6.7943	106	77	29	1.9	57	2.1066	7	0	7	49.2868	32.1326	0.5999	14.3742	4.6327	NaN	1.6515	3.3271	20	0	57.9627	27.3799	106	5	1.2656	2.7088	19	0	1.6114	3.4628	20	0	52.5403	24.76	100	5	1.1754	2.7762	19	0	0.1096	5	64.7188	63.7205	181.607	6.1543	253.2495	638.0316
71_9_FITC.tif	22622466-04d4-405a-9420-e3d4233e5691	Cell		Positive	Annotation	Polygon	330.07	623.16	9.7331	17.1667	0.415	7.5932	1.5103	NaN	2.4082	118	3.2655	14	0	14	97.3469	4770	13.9187	118	64	54	2.3878	117	3.2712	14	0	14	60.2624	46.1777	0.3551	22.0321	3.5576	NaN	1.1361	2.0543	14	0	52.8197	28.4276	118	3	0.9014	1.9057	14	0	0.8816	1.6063	9	0	43.9143	21.3193	99	3	0.6041	1.3129	8	0	0.1507	8	113.3693	87.4821	381.0925	1.9497	1349.5787	6629.458
71_9_FITC.tif	2cb0217c-bf25-434f-9857-f429622f8c43	Cell		Positive	Annotation	Polygon	333.18	622.95	4.3488	9.8522	0.563	4.5721	1.2176	NaN	0.7727	17	1.5409	5	0	5	96.4545	2122	7.4688	108	82	26	0.7727	17	1.4452	5	0	5	30.0277	29.8454	0.4236	13.8778	2.8854	NaN	0.8425	1.7526	11	0	71.4521	19.1862	108	39	0.7192	1.7685	13	0	0.8548	1.7929	11	0	67.0161	17.1108	96	39	0.7097	1.8247	13	0	0.1263	5	123.6493	63.0548	382.5398	1.9497	5603.9028	24154.0996
71_9_FITC.tif	d5f3b798-77d4-4af6-8041-fadd01d6d475	Cell		Positive	Annotation	Polygon	277.22	643.42	8.6977	16.1051	0.4214	7.6674	1.5098	NaN	7.8	351	5.9757	23	0	23	101.5556	4570	19.9369	131	61	70	7.6222	343	5.9249	23	0	23	65.0254	48.5827	0.3462	23.5021	4.0715	NaN	1.8742	3.6326	23	0	34.5849	31.4745	131	1	1.2799	3.4986	23	0	0.8974	1.6838	8	0	23.5458	15.0303	83	1	0.2344	0.9135	8	0	0.1317	8	64.9904	61.4656	118.4836	4.7769	671.7649	3251.2771
71_9_FITC.tif	55bd3224-cd71-4788-8f49-54ff4fe2058f	Cell		Positive	Annotation	Polygon	275.23	649.1	6.6268	16.9162	0.291	7.731	1.1089	NaN	4.4167	159	5.689	23	0	23	112.9167	4065	16.0808	142	85	57	4.3889	158	5.7584	23	0	23	33.3411	41.1794	0.2471	20.03	2.4334	NaN	1.4036	3.2992	23	0	65.7289	35.2202	142	13	1.2169	3.3287	23	0	0.5692	1.3806	10	0	52.6615	26.8887	129	13	0.3385	1.2609	10	0	0.1953	4	32.3159	8.7401	107.0066	4.7769	91.9896	259.6397
71_9_FITC.tif	cd118e42-a279-46be-8007-9a70b4dcaae0	Cell		Positive	Annotation	Polygon	274.98	657.46	3.9347	9.6433	0.5317	4.5766	1.1515	NaN	5.8095	122	6.1124	18	0	18	111.4286	2340	12.2824	130	88	42	5.7143	120	6.1575	18	0	18	17.1883	28.9955	0.2569	14.2704	1.6561	NaN	1.7978	3.9173	18	0	74.6629	32.2511	130	25	1.6517	3.8791	18	0	0.5588	1.549	9	0	63.3088	27.6876	116	25	0.3971	1.2945	7	0	0.2032	5	10.1093	6.15	24.0421	4.2049	6.7415	18.0918
71_9_FITC.tif	b0a3a7b1-dc95-48af-961a-d3e5d03b317f	Cell		Positive	Annotation	Polygon	272.17	660.41	16.9812	31.6141	0.2135	12.4774	2.3421	NaN	4.4651	384	5.1488	23	0	23	100.9651	8683	18.2069	135	58	77	4.7093	405	5.101	23	0	23	84.4917	58.4334	0.311	26.9716	5.1252	NaN	1.8151	3.3401	23	0	53.2895	33.5042	135	10	1.219	3.1001	23	0	1.1138	2.192	12	0	40.6738	23.8863	112	10	0.2954	1.1162	12	0	0.2021	6	25.2279	14.2475	96.3886	2.1921	108.9913	448.0776
71_9_FITC.tif	feb25ec7-5618-49f2-bb91-b01558fce31f	Cell		Positive	Annotation	Polygon	274.6	662.96	2.485	7.5383	0.5495	3.5492	0.6719	NaN	3.25	39	3.8168	12	0	12	103.5833	1243	12.5297	119	79	40	3.3333	40	3.7497	12	0	12	7.8693	20.961	0.2251	10.2449	0.9463	NaN	1.3023	2.4932	12	0	62.7442	31.2075	119	24	1.0233	2.4445	12	0	0.5484	1.1207	4	0	46.9355	19.5072	100	24	0.129	0.4995	2	0	0.2272	3	8.7467	4.2049	19.843	2.1921	6.0306	13.1027
71_9_FITC.tif	48eae8f7-a8e9-4a3d-ae36-83f300b84222	Cell		Positive	Annotation	Polygon	269.37	675.46	9.1118	21.0111	0.2594	10.2307	1.372	NaN	3.08	154	3.6636	16	0	16	112.8	5640	19.8751	139	68	71	2.92	146	3.7896	17	0	17	52.3931	43.8879	0.3418	20.0153	3.5686	NaN	1.9805	3.0509	18	0	63.9728	37.1993	139	14	1.1634	2.7551	17	0	1.715	2.8303	18	0	52.1787	30.1207	126	14	0.7391	2.2554	17	0	0.1767	5	27.6312	16.7094	83.0268	2.5181	232.23	672.3831
71_9_FITC.tif	652c3a49-ee26-4297-a5ed-be7c13ddffb9	Cell		Positive	Annotation	Polygon	272.96	680.08	16.3599	31.3175	0.2096	13.3829	1.9353	NaN	4.5977	400	5.7818	27	0	27	122.6667	10672	17.6778	152	88	64	5.0345	438	5.7211	27	0	27	60.6766	47.3609	0.3399	21.9463	3.7505	NaN	1.7852	3.7678	27	0	71.1913	42.3769	152	3	1.6879	3.8315	27	0	0.6256	1.3263	9	0	49.9668	29.3502	129	3	0.3081	0.897	6	0	0.2765	7	27.6453	19.843	82.6299	2.5181	155.6844	869.6232
71_9_FITC.tif	c18de8ed-bd7f-4083-b7ae-04592c0cbfa4	Cell		Positive	Annotation	Polygon	164.61	683.28	7.8693	15.5645	0.4082	7.3761	1.3722	NaN	5	210	4.778	17	0	17	119.2619	5009	20.9937	151	79	72	6.0238	253	5.1726	21	0	21	57.3632	40.9365	0.4302	19.0678	3.6528	NaN	1.3679	2.7689	17	0	57.0857	37.099	151	7	1.2679	3.0059	21	0	0.7269	1.5251	8	0	46.1134	27.1663	150	7	0.4286	1.1368	6	0	0.1342	6	96.9484	68.4601	249.5666	5.4838	291.9424	750.9992
71_9_FITC.tif	883d1523-1055-4061-b8cb-f7e94b3f6539	Cell		Positive	Annotation	Polygon	167.28	693.01	16.567	27.6803	0.2717	13.2701	1.9513	NaN	3.0941	263	3.541	14	0	14	170.2353	14470	24.3182	201	107	94	3.6824	313	4.0977	15	0	15	36.6545	55.5922	0.149	27.342	3.1036	NaN	1.8956	2.933	14	0	125.1868	55.618	201	10	2.0934	3.4652	15	0	0.8454	1.6915	8	0	85.7113	44.0844	198	10	0.701	1.9374	12	0	0.4485	3	7.3879	8.1129	10.5255	3.5253	8.3997	12.4988
71_9_FITC.tif	e9c858cf-83bc-4357-b580-be25d2f5f83a	Cell		Positive	Annotation	Polygon	168.94	688.76	6.2126	19.1939	0.2119	9.5169	0.8109	NaN	4.6129	143	3.3732	12	0	12	112.9677	3502	13.7222	132	83	49	4.4194	137	3.2018	12	0	12	45.9734	48.1566	0.2491	23.7365	2.6796	NaN	1.5841	2.6757	13	0	39.6062	39.8602	134	1	0.9779	2.3934	14	0	1.1026	2.2012	13	0	27.9436	28.5813	134	1	0.4308	1.6926	14	0	0.1256	6	47.7661	36.5488	117.4225	3.5253	669.8362	3251.2771
71_9_FITC.tif	14709aa9-84d1-46af-96e3-da3d6b21c5f0	Cell		Positive	Annotation	Polygon	271.19	692.69	19.2591	22.6891	0.4701	10.2146	2.533	NaN	5.604	566	8.0735	34	0	34	167.0792	16875	36.1679	220	59	161	6.0693	613	8.3442	34	0	34	55.0852	42.6809	0.38	20.1201	3.89	NaN	2.5581	5.8925	34	0	104.5131	63.7813	220	12	2.6854	6.1184	34	0	0.7048	2.7086	26	0	66.4458	43.7189	217	12	0.6265	2.6226	26	0	0.3602	4	31.7051	12.6239	92.3344	9.2381	138.5826	299.0837
71_9_FITC.tif	b36d6355-c968-47cd-9da6-fe08347aaf22	Cell		Positive	Annotation	Polygon	269.11	703.45	21.1229	31.9054	0.2608	15.5564	2.5029	NaN	2.729	292	3.7882	19	0	19	139.9533	14975	37.3914	209	61	148	4.0935	438	4.6895	21	0	21	101.2657	61.413	0.3374	29.6487	5.3415	NaN	1.3455	2.488	19	0	62.3943	49.0731	209	5	1.1463	2.7993	21	0	0.961	1.8088	9	0	40.839	23.4787	125	5	0.3273	0.9253	7	0	0.2152	6	63.0809	78.7579	100.205	9.2381	966.2603	2484.1938
71_9_FITC.tif	026fca5b-3f95-4e94-acd5-34c9e649dfb5	Cell		Positive	Annotation	Polygon	165.77	707.04	29.8206	32.6161	0.3523	14.388	2.8529	NaN	3.4898	513	4.7157	20	0	20	173.585	25517	25.2976	213	108	105	4.3946	646	5.1943	23	0	23	114.7264	54.3257	0.4885	25.1994	6.2258	NaN	1.1514	2.9702	20	0	98.2775	53.0133	213	19	1.5189	3.4011	23	0	0.3088	1.1594	12	0	71.1446	28.4529	155	19	0.4828	1.4158	12	0	0.2594	10	180.6304	144.8331	458.9606	10.5255	2932.6169	14505.1885
71_9_FITC.tif	862f3db3-1723-4b3e-bc0e-9a8af58bcc1b	Cell		Positive	Annotation	Polygon	208.45	731.86	39.1395	46.4052	0.2284	19.2392	2.8473	NaN	4.2577	826	5.8163	25	0	25	135.433	26274	27.4886	180	74	106	3.8969	756	5.8761	28	0	28	169.8116	82.0054	0.3173	34.449	6.675	NaN	3.4129	4.7162	25	0	70.7211	45.1116	180	4	1.4641	3.8118	28	0	3.1515	4.2914	24	0	50.6986	27.0825	141	4	0.7113	2.4465	20	0	0.2347	9	71.7317	73.9087	111.3924	10.7585	913.4455	3251.2771
71_9_FITC.tif	22545dda-ccd5-4227-9ffb-4a65a07619bd	Cell		Positive	Annotation	Polygon	209.03	748.73	2.6921	8.1217	0.5129	3.8118	0.8966	NaN	0.3333	5	0.6172	2	0	2	97.6	1464	7.2977	107	82	25	0.5333	8	0.9155	3	0	3	28.5781	25.24	0.5637	11.6452	3.4204	NaN	0.9929	2.4509	14	0	63.4823	23.3849	109	24	0.8936	2.3595	14	0	1.0714	2.5743	14	0	59.4206	21.2179	109	24	0.9365	2.4747	14	0	0.079	5	52.2986	26.8516	133.8454	10.7585	656.3644	2583.647
71_9_FITC.tif	7d9e6ffc-1fcf-42f3-9515-c6a638a9f621	Cell		Positive	Annotation	Polygon	206.82	763.44	3.5205	10.2124	0.4242	4.6799	1.167	NaN	0.9524	20	1.431	4	0	4	102.1429	2145	5.7121	109	87	22	0.619	13	1.1609	4	0	4	30.4418	29.2462	0.4472	13.9237	3.1082	NaN	1.9139	2.7079	11	0	62.1126	31.0382	116	12	0.6954	1.8074	11	0	2.0692	2.8344	11	0	55.6462	28.498	116	12	0.7077	1.8943	11	0	0.1016	6	38.7105	29.3248	87.0677	3.4282	212.3656	730.3007
71_9_FITC.tif	e907f75e-ce1d-40d7-9f80-aa82061a7c26	Cell		Positive	Annotation	Polygon	209.71	769.28	7.8693	15.4542	0.4141	6.5015	1.7388	NaN	0.8293	34	1.5796	6	0	6	106.8537	4381	5.2989	119	96	23	1	41	1.6432	6	0	6	46.5947	37.1416	0.4244	17.4975	3.6096	NaN	1.2675	2.0161	10	0	70.0965	28.9044	119	19	0.7807	1.8068	10	0	1.3636	2.091	10	0	62.0374	25.5042	117	19	0.7326	1.8413	10	0	0.1662	5	30.3906	9.3875	107.8453	3.4282	119.284	402.8247
71_9_FITC.tif	40f15118-543e-4c5b-9c2f-cfda9c6aa602	Cell		Positive	Annotation	Polygon	205.99	776.56	11.1827	19.7443	0.3605	8.7373	1.6657	NaN	0.6724	39	1.2051	6	0	6	111.1034	6444	6.5177	121	89	32	0.9828	57	1.4689	6	0	6	49.4939	46.1107	0.2925	21.7347	3.6035	NaN	1.1844	2.2705	12	0	72.3484	30.613	121	21	0.8033	1.7877	10	0	1.3441	2.4932	12	0	60.2634	24.4982	111	21	0.7473	1.8761	10	0	0.2184	5	45.9514	6.9874	130.7246	4.4406	516.5628	2345.9932
71_9_FITC.tif	4d79aacb-5508-422c-b209-381716c3b3ea	Cell		Positive	Annotation	Polygon	208.85	784.34	6.0055	14.8832	0.3407	7.2522	1.2367	NaN	1.7273	57	2.453	8	0	8	110.6364	3651	8.975	126	91	35	1.7273	57	2.4144	7	0	7	44.938	34.6712	0.4698	16.079	3.6366	NaN	1.2182	2.0063	9	0	72.9545	26.7377	126	22	0.7227	1.647	9	0	1.1283	1.9105	9	0	66.3048	23.0544	110	22	0.5455	1.4073	9	0	0.1357	5	71.205	98.9553	125.2881	5.5626	335.0175	1327.1082
71_9_FITC.tif	1e526ab4-348c-4464-9bff-54365ab8f751	Cell		Positive	Annotation	Polygon	260.52	787.12	18.2237	29.9552	0.2552	13.9164	1.8988	NaN	7.1413	657	7.6669	25	0	25	134.9456	12415	33.1584	185	72	113	7.1196	655	7.5255	25	0	25	86.7696	61.5709	0.2876	29.5482	4.2203	NaN	2.7559	4.8453	25	0	62.0237	46.4437	185	9	1.7156	4.5651	25	0	1.5333	2.628	11	0	41.6939	23.5486	154	9	0.2091	0.749	7	0	0.2035	5	98.9233	88.9924	205.3042	1.7055	1832.9156	6629.458
71_9_FITC.tif	0359724c-d2b9-49bc-b28c-d192fab2d62b	Cell		Positive	Annotation	Polygon	257.57	787.12	2.485	14.158	0.1558	6.9435	0.5898	NaN	5.6875	91	4.012	12	0	12	80.0625	1281	12.8658	105	61	44	3.125	50	4.1773	12	0	12	31.0631	34.3737	0.3304	16.699	2.5507	NaN	2.5871	3.1495	12	0	33.4387	28.202	105	2	0.8129	1.9863	12	0	2.2302	2.842	11	0	28.0719	24.2597	104	2	0.5468	1.3472	6	0	0.0804	6	56.0482	69.9881	89.0367	1.7055	926.8743	2583.647
71_9_FITC.tif	a23e25ba-593d-4745-8129-4667e7f77585	Cell		Positive	Annotation	Polygon	257.51	809.19	22.9867	42.557	0.1595	20.3408	1.7652	NaN	6.5128	762	6.2624	24	0	24	115.7009	13537	25.7378	164	59	105	5.5726	652	6.3018	24	0	24	124.4595	63.1335	0.3924	30.3495	5.5616	NaN	2.9652	4.2735	24	0	59.7285	35.0739	164	2	1.4089	3.573	24	0	2.1129	3.0888	18	0	46.2813	20.804	110	2	0.4086	1.0884	8	0	0.1855	4	73.7082	44.7401	188.8502	16.5022	484.5355	1645.4318
71_9_FITC.tif	466e044b-8b58-4a0d-8db1-d65c4abe6f30	Cell		Positive	Annotation	Polygon	238.99	872.46	7.4551	17.5692	0.3035	8.5984	1.2811	NaN	6.9762	293	5.5852	20	0	20	96.7143	4062	14.8345	115	66	49	5.0714	213	4.866	18	0	18	56.5349	46.3426	0.3308	22.4153	3.5554	NaN	2.9964	3.904	20	0	52.1219	24.467	115	12	1.1935	2.8723	18	0	2.2911	3.0357	17	0	44.2194	15.8222	87	12	0.5063	1.5667	12	0	0.1233	8	82.363	93.996	133.8454	6.3508	804.77	2583.647
71_9_FITC.tif	8186f84c-cd08-453f-b5da-664012ec5905	Cell		Positive	Annotation	Polygon	236.73	882.71	12.2182	27.4299	0.2041	13.5022	1.4633	NaN	4.9508	302	4.3183	17	0	17	95.6229	5833	14.9479	125	65	60	3.3443	204	3.8982	15	0	15	82.0066	57.7787	0.3087	28.0034	4.5184	NaN	5.7809	4.901	24	0	53.9395	22.6357	125	22	0.7078	2.0139	15	0	5.9315	4.9906	24	0	46.372	13.8504	107	22	0.2292	0.7597	5	0	0.1441	4	53.4114	46.6114	114.0721	6.3508	494.6243	1258.3828
71_9_FITC.tif	d2b80c95-4f6e-4f74-9d75-ec3e4d360568	Cell		Positive	Annotation	Polygon	217.5	894.81	8.4906	17.8523	0.3348	8.6907	1.4282	NaN	5.2391	241	6.0486	19	0	19	73.0217	3359	15.3673	103	37	66	4.6739	215	5.534	19	0	19	74.7585	47.3709	0.4186	22.3873	4.945	NaN	3.2562	4.1395	19	0	36.8512	19.7414	105	11	0.9972	2.8802	19	0	2.9685	3.7101	15	0	31.6025	13.9549	105	11	0.4637	1.6996	17	0	0.1117	5	46.4845	30.6132	116.8315	8.6458	419.8632	1327.1082
71_9_FITC.tif	aab2e3bd-29ef-4e46-863a-ca3298ac0050	Cell		Positive	Annotation	Polygon	215.59	907.9	7.6622	15.7553	0.3879	7.0571	1.4713	NaN	8.95	358	8.1868	23	0	23	86.275	3451	20.352	115	49	66	9.35	374	8.5351	25	0	25	65.4396	42.7564	0.4498	20.0526	4.5485	NaN	2.4403	4.4489	23	0	31.3868	24.5543	115	5	1.4843	4.3293	25	0	1.5036	2.4929	11	0	23.4892	11.5764	71	5	0.3525	0.9863	6	0	0.1204	7	118.5203	125.2881	263.6257	8.6458	2580.5869	12861.0186
71_9_FITC.tif	7c6628b0-8be4-4f68-97be-daf1995f4694	Cell		Positive	Annotation	Polygon	94.17	921.79	13.2536	23.365	0.3051	11.0875	1.8934	NaN	7.4857	524	6.8625	26	0	26	110.5143	7736	12.7617	135	81	54	7.6857	538	6.9189	26	0	26	83.2491	46.138	0.4914	20.989	5.584	NaN	2.0123	4.6507	26	0	50.201	36.785	135	2	1.9485	4.7045	26	0	0.8787	2.9946	24	0	37.7101	26.2443	120	2	0.7604	2.9454	25	0	0.1507	7	122.4235	76.3991	250.7928	11.1568	279.0154	750.9992
71_9_FITC.tif	0194da52-9762-4948-8839-06044a86b04f	Cell		Positive	Annotation	Polygon	91.16	945.86	51.1506	66.3101	0.1462	29.4165	2.6793	NaN	2.3454	584	3.6963	22	0	22	128.0361	31881	21.5865	172	76	96	2.6627	663	3.6927	22	0	22	171.8825	92.3432	0.2533	44.8483	5.7842	NaN	0.9075	2.4337	22	0	69.5577	47.4374	172	3	0.9459	2.4653	22	0	0.2933	1.1716	10	0	44.5815	30.4392	145	3	0.2127	1.0335	10	0	0.2974	6	31.3907	32.6877	57.2958	2.7341	45.3817	144.355
71_9_FITC.tif	25e635d3-0c5c-4d77-ad97-bb6590c4d044	Cell		Positive	Annotation	Polygon	93.65	934.93	4.763	12.4485	0.3862	5.9058	1.0263	NaN	0.1923	5	0.6337	3	0	3	117.1154	3045	8.1355	129	100	29	0.2692	7	0.6668	3	0	3	12.0111	18.905	0.4223	8.7837	2.0244	NaN	0.2131	0.7553	4	0	102.2787	19.602	129	51	0.2295	0.7163	4	0	0.2286	0.8432	4	0	91.2571	18.3309	127	51	0.2	0.7593	4	0	0.3828	3	8.5966	8.0448	11.1568	6.5882	7.1484	8.3154
71_9_FITC.tif	3b425c92-cf76-42cf-bd24-f04b4039e88d	Cell		Positive	Annotation	Polygon	95.05	942.86	6.2126	14.4761	0.3725	6.9946	1.3478	NaN	2.6765	91	2.9204	10	0	10	121.6176	4135	19.6639	146	75	71	2.7059	92	2.9391	10	0	10	38.9324	37.6641	0.3449	18.1935	3.1762	NaN	0.9686	2.1445	12	0	67.0209	34.3307	146	17	0.9634	2.126	11	0	0.5987	1.7389	12	0	55.1975	23.7345	133	17	0.586	1.6948	11	0	0.1582	7	106.4674	56.3069	248.9909	2.7341	2447.5132	14505.1885
71_9_FITC.tif	ff7c9c18-b719-4400-ba23-796bcae24798	Cell		Positive	Annotation	Polygon	223.72	944.64	8.6977	18.5337	0.3182	8.7275	1.4903	NaN	7.4894	352	6.7819	24	0	24	91.7021	4310	25.3419	130	38	92	7.4043	348	7.2221	27	0	27	75.3798	45.8312	0.451	19.2735	5.0371	NaN	4.125	4.3605	24	0	36.981	25.8317	130	9	1.163	3.6331	27	0	3.6324	3.6455	15	0	28.9688	12.9911	114	9	0.2492	1.0399	10	0	0.1175	5	44.9131	50.8375	67.7283	8.7513	406.8207	1258.3828
71_9_FITC.tif	a205d267-882d-4dbd-adf7-486104e63775	Cell		Positive	Annotation	Polygon	223.48	960.1	7.4551	17.6382	0.3011	8.4379	1.4185	NaN	4.9231	192	5.4839	22	0	22	85.9231	3351	19.4887	121	48	73	4.9487	193	5.8217	24	0	24	60.0553	37.7614	0.5293	16.955	4.9701	NaN	1.6323	3.1577	22	0	36.9553	23.8209	121	6	1.1031	2.9048	24	0	1.123	2.2416	11	0	29.377	12.9564	80	6	0.5079	1.4015	11	0	0.1304	4	81.1672	49.3477	217.2221	8.7513	1758.1614	4289.8999
71_9_FITC.tif	e0d40048-2bc3-40ff-9b0d-2e8656e31d69	Cell		Positive	Annotation	Polygon	85.6	989.28	6.6268	12.0683	0.5718	5.0429	1.7385	NaN	7.2162	267	7.6272	26	0	26	73.8108	2731	16.4584	105	45	60	6.5135	241	7.5005	26	0	26	88.4263	50.4857	0.436	24.014	5.1252	NaN	1.1285	3.2188	26	0	32.8411	20.2904	105	3	0.8949	2.9872	26	0	0.5524	1.4577	13	0	28.9642	15.8569	76	3	0.3632	1.1395	12	0	0.0711	4	20.5501	12.7872	46.2491	10.3769	61.0313	144.355
71_9_FITC.tif	c1a89d91-c80f-4b10-8363-ddeee1f45f3c	Cell		Positive	Annotation	Polygon	251.98	994.42	8.9048	20.1148	0.2766	9.5937	1.1955	NaN	15.3043	704	18.3507	58	0	58	86.7609	3991	34.0354	151	33	118	15.087	694	18.5734	59	0	59	100.0232	54.7506	0.4193	26.0038	4.763	NaN	2.3264	7.2057	58	0	20.0186	26.045	151	1	1.6384	7.1932	59	0	0.9635	1.7663	8	0	13.0091	10.5979	67	1	0.226	0.7927	5	0	0.0856	13	425.7875	205.3042	1456.1737	47.5244	32767.7031	146923.4844
71_9_FITC.tif	ba7e83bb-b27c-4863-a257-d09b205efa19	Cell		Positive	Annotation	Polygon	91.05	996.16	6.0055	14.3043	0.3688	6.589	1.4981	NaN	2.0606	68	2.561	10	0	10	77.8788	2570	10.234	96	59	37	2	66	2.4875	10	0	10	57.1561	43.178	0.3853	20.6099	4.1214	NaN	0.637	1.4479	10	0	37.0534	21.9805	96	3	0.5267	1.2846	10	0	0.4476	1.1045	6	0	31.621	16.7874	90	3	0.3306	0.8605	4	0	0.1062	5	51.315	54.8944	130.2771	4.7196	202.4435	706.1935
71_9_FITC.tif	3521dd07-98d6-4136-b1d5-b0ff8aa05f12	Cell		Positive	Annotation	Polygon	82.25	1000.6	5.3843	11.2773	0.532	5.3626	1.3056	NaN	5.963	161	5.3957	19	0	19	70.4815	1903	11.4904	86	41	45	6.0741	164	5.3703	19	0	19	72.8948	45.8156	0.4364	21.9629	4.5963	NaN	1.2131	3.2278	21	0	26.8636	18.5217	88	2	0.9688	3.1154	21	0	0.8185	2.6295	21	0	23.24	13.7598	88	2	0.5446	2.4182	21	0	0.065	6	80.8408	66.8474	174.5177	8.1799	909.8993	4317.2407
71_9_FITC.tif	21b60541-258a-4136-bc48-052921798bac	Cell		Positive	Annotation	Polygon	89.45	1006	4.3488	13.5999	0.2955	6.5375	1.1569	NaN	3.4167	82	4.3028	14	0	14	81.0417	1945	11.9545	103	63	40	3.75	90	4.4648	15	0	15	50.5293	42.1754	0.357	20.3446	3.6779	NaN	0.9143	2.1128	14	0	48.7143	17.1373	103	10	0.8449	2.0962	15	0	0.6425	1.5027	9	0	45.2036	13.5794	79	10	0.5294	1.3298	7	0	0.0885	5	61.3881	14.4214	153.8859	4.7196	311.1954	842.8512
71_9_FITC.tif	5833dfdb-3d88-45ce-8d36-50634d4059c8	Cell		Positive	Annotation	Polygon	107.55	1124.9	6.6268	11.5597	0.6232	4.9114	1.7461	NaN	11.4118	388	9.9274	36	0	36	101.0882	3437	16.517	132	74	58	11.0882	377	9.7308	35	0	35	54.0498	35.6795	0.5335	16.5727	4.1909	NaN	1.9812	5.2747	36	0	42.0489	32.0382	132	6	1.609	5.0676	35	0	0.5991	1.6822	10	0	33.3966	23.459	100	6	0.2198	0.8773	7	0	0.1088	8	79.3131	59.6037	185.8469	13.131	764.0085	3587.3538
71_9_FITC.tif	ee5aa94c-7f41-4b30-9c79-504ec5397fbb	Cell		Positive	Annotation	Polygon	107.91	1141.7	39.9679	49.262	0.207	19.4184	3.8968	NaN	5.6131	1117	6.7282	28	0	28	152.5226	30352	39.3255	211	69	142	5.7186	1138	6.6592	28	0	28	161.3211	97.6485	0.2126	35.4429	7.4551	NaN	1.5885	4.1919	28	0	68.3692	59.7555	211	4	1.6167	4.1937	28	0	0.21	0.8288	7	0	39.5456	31.7156	163	4	0.2117	0.856	7	0	0.2508	5	30.9684	16.9897	61.3102	9.265	121.7245	215.6896
71_9_FITC.tif	b2838b0b-d16b-447f-8f6a-32411c300b9f	Cell		Positive	Annotation	Polygon	98.23	1155	41.0033	41.3745	0.301	19.5873	3.1309	NaN	4.4596	883	4.9089	24	0	24	126.4495	25037	24.7324	167	64	103	4.7525	941	4.8453	24	0	24	148.4816	75.8227	0.3246	36.2406	6.0835	NaN	1.4478	3.2845	24	0	59.7051	48.7101	167	5	1.4353	3.318	24	0	0.3033	1.0001	9	0	34.3397	26.5232	129	5	0.1747	0.7247	7	0	0.2686	8	59.3829	43.042	157.4991	3.3489	783.8036	4317.2407
71_9_FITC.tif	654dbe37-a817-462d-b92b-61b2b3582bc1	Cell		Positive	Annotation	Polygon	107.25	1154.4	0.8283	4.3398	0.5527	1.9279	0.5812	NaN	3	18	3.2249	7	0	7	98.1667	589	9.1086	111	85	26	5.5	33	5.2058	14	0	14	12.2182	20.7815	0.3555	9.7733	1.5257	NaN	1.377	2.5959	11	0	48.1967	24.4068	111	13	1.5902	3.0407	14	0	1.2	2.49	11	0	42.7455	18.6142	83	13	1.1636	2.4249	11	0	0.0682	5	30.4148	16.1041	64.1954	8.7444	310.8253	1233.1288
71_9_FITC.tif	067e9106-5ada-469b-93d1-e5c52ed87ad7	Cell		Positive	Annotation	Polygon	102.89	1155.6	7.6622	19.0344	0.2658	7.7453	1.8778	NaN	1.2609	58	2.3611	12	0	12	88.2174	4058	14.9234	102	50	52	1.1957	55	2.3249	12	0	12	43.9025	37.5188	0.3919	16.8493	4.3705	NaN	0.7009	1.9024	13	0	52.4813	33.0057	102	4	0.6355	1.8859	13	0	0.5476	1.7331	13	0	42.6964	29.6875	102	4	0.4821	1.7233	13	0	0.176	6	12.3814	8.4947	29.6542	3.3489	25.291	48.1147
71_9_FITC.tif	190f68c6-1d6c-4327-bf56-09a3420724ce	Cell		Positive	Annotation	Polygon	148.57	1161.4	9.526	18.8639	0.3364	9.1388	1.4446	NaN	2.7755	136	3.6013	14	0	14	97.6531	4785	14.9535	119	68	51	2.9388	144	3.6367	14	0	14	63.3687	52.9709	0.2838	25.9664	3.4125	NaN	1.1205	2.374	14	0	50.0586	33.5505	119	2	1.1173	2.3652	14	0	0.8062	1.9148	9	0	41.0194	28.0102	101	2	0.7713	1.8541	9	0	0.1478	6	128.4106	38.5612	458.9606	2.9328	3215.7568	14505.1885
71_9_FITC.tif	865d741f-3383-4d4d-afb0-9f313a574e9b	Cell		Positive	Annotation	Polygon	152.43	1159.1	7.041	18.1463	0.2687	6.5509	1.9874	NaN	3.075	123	3.3695	14	0	14	87.95	3518	11.7625	113	64	49	2.825	113	3.3733	14	0	14	62.5404	45.856	0.3737	20.9806	4.1134	NaN	0.7803	1.8973	14	0	50.6164	21.2363	113	14	0.6557	1.8307	14	0	0.434	1.2448	11	0	44.9811	15.9942	91	14	0.3283	1.1652	11	0	0.1128	7	247.4228	217.2221	590.2123	2.9328	6741.1694	26628.4219
71_9_FITC.tif	1be12dec-23a2-4f36-8d0d-c837ec6cf443	Cell		Positive	Annotation	Polygon	100.02	1168	5.3843	16.6134	0.2451	7.9735	1.0963	NaN	1.6364	54	2.6318	11	0	11	99.2424	3275	10.7151	112	64	48	1.6061	53	2.6213	11	0	11	22.7796	37.444	0.2042	18.3213	1.5557	NaN	0.8036	2.1004	12	0	64.2321	34.714	115	7	0.7946	2.1016	12	0	0.4557	1.7379	12	0	49.6076	30.5385	115	7	0.4557	1.7526	12	0	0.275	4	4.9157	5.2702	7.3059	1.8164	7.209	11.6699
71_9_FITC.tif	1346cbc3-ece7-48ec-b72d-bddbe78b83be	Cell		Positive	Annotation	Polygon	102.13	1168.2	4.9701	12.0785	0.4281	5.6405	1.2922	NaN	1.7692	46	2.5189	9	0	9	91.2692	2373	10.5851	109	70	39	1.7692	46	2.4217	9	0	9	30.856	29.8191	0.4361	13.8048	2.9771	NaN	0.8636	1.964	9	0	49.2208	28.0043	109	16	0.7532	1.8482	9	0	0.6797	1.7877	9	0	40.6797	22.0736	97	16	0.5469	1.6451	9	0	0.1538	5	15.6875	8.245	48.6717	1.8164	44.2822	119.6591
71_9_FITC.tif	52d0e419-95d8-44a6-99b3-b75476002625	Cell		Positive	Annotation	Polygon	150.74	1171.7	6.2126	15.0139	0.3463	7.1964	1.1443	NaN	1.4412	49	1.894	7	0	7	106.2059	3611	6.5124	117	93	24	1.5588	53	1.957	7	0	7	34.7907	35.0172	0.3565	16.8418	3.3737	NaN	0.7661	1.5693	7	0	71.1696	25.004	117	23	0.7544	1.5562	7	0	0.5985	1.4372	7	0	62.4745	19.7019	99	23	0.5547	1.3769	7	0	0.1785	5	128.6412	19.8753	584.5724	4.3473	619.6072	2769.0642
71_9_FITC.tif	e6fd6fbf-35f9-4937-a978-0792562b2db5	Cell		Positive	Annotation	Polygon	98.25	1171.3	3.3134	9.1899	0.493	4.3228	1.0534	NaN	1.6316	31	2.1657	9	0	9	92.6842	1761	9.1168	105	75	30	1.5789	30	2.0088	8	0	8	21.7442	27.2926	0.3668	12.7748	2.0709	NaN	0.3019	1.0969	9	0	50.6604	27.0044	105	9	0.3491	1.1045	8	0	0.0115	0.1072	1	0	41.4828	19.9394	98	9	0.0805	0.4875	4	0	0.1418	6	28.8404	28.2982	55.2776	3.4757	304.5564	1443.0056
71_9_FITC.tif	5dd5d7fb-59c0-44d6-ae70-64b5644a21f4	Cell		Positive	Annotation	Polygon	44.88	1168.5	23.4009	27.5891	0.3863	12.8681	3.0904	NaN	1.9322	228	2.4901	10	0	10	131.4915	15516	15.5287	155	88	67	2.0508	242	2.4279	10	0	10	111.413	61.386	0.3715	23.8611	6.7649	NaN	0.9685	1.9227	10	0	74.2278	44.0192	155	2	0.913	1.8591	11	0	0.6991	1.636	10	0	58.2156	35.1809	140	2	0.5948	1.5239	11	0	0.2115	6	124.7692	114.9738	250.7928	7.6746	1010.6007	4317.2407
71_9_FITC.tif	ae8eb7ae-ff8d-42ab-8187-75540cda28b1	Cell		Positive	Annotation	Polygon	46.23	1180.6	7.6622	16.6178	0.3487	8.0329	1.4283	NaN	0.6429	27	1.5113	8	0	8	119.8571	5034	9.3823	134	98	36	0.6905	29	1.7035	9	0	9	28.9922	30.5032	0.3916	14.7382	2.951	NaN	0.6276	1.3842	8	0	90.7379	24.2126	134	37	0.6207	1.4341	9	0	0.6214	1.3366	7	0	78.8641	17.342	130	37	0.5922	1.3168	7	0	0.275	6	51.7826	55.6614	120.3338	4.9009	775.7625	2629.4924
71_9_FITC.tif	6447a18b-4e12-4edd-b724-ddc2a03bf98b	Cell		Positive	Annotation	Polygon	141	1181.1	15.3245	27.5505	0.2537	13.1429	2.1629	NaN	5.4667	410	6.8878	27	0	27	80.8133	6061	22.2551	120	29	91	5.8	435	6.7022	27	0	27	92.7751	56.8184	0.3611	26.9175	5.2446	NaN	1.3925	3.672	27	0	31.1286	28.2147	120	3	1.2018	3.5505	27	0	0.5798	1.6841	11	0	21.2181	16.2896	102	3	0.2846	1.0912	9	0	0.1628	5	34.2945	22.9889	65.0739	9.3882	210.3636	591.2445
71_9_FITC.tif	bc8b41be-0cb1-4e7e-86bd-1fffeefced14	Cell		Positive	Annotation	Polygon	44.05	1186.8	2.485	9.5858	0.3399	4.3494	0.8941	NaN	0.6667	10	1.291	4	0	4	118.1333	1772	3.852	125	112	13	0.8	12	1.3732	4	0	4	35.4119	29.2162	0.5213	13.1508	3.4342	NaN	1.4253	3.2457	15	0	88.7011	29.0891	125	27	1.4483	3.2551	15	0	1.4969	3.3656	15	0	85.9245	28.8998	125	27	1.5094	3.375	15	0	0.0658	5	116.7824	115.767	235.3478	4.9009	649.5101	2729.4414
71_9_FITC.tif	bd186595-a83c-45e1-b6a6-377594e81854	Cell		Positive	Annotation	Polygon	139.25	1195.6	7.8693	15.0288	0.4378	7.0835	1.5259	NaN	6.425	257	7.3864	23	0	23	87.625	3505	16.7082	115	57	58	6.45	258	7.3935	24	0	24	62.3333	45.5472	0.3776	21.4009	4.631	NaN	1.1556	3.4831	23	0	32.8808	26.6277	115	4	1.106	3.473	24	0	0.3511	0.9663	6	0	24.5229	15.7024	82	4	0.2901	0.835	5	0	0.1143	8	132.0231	55.9585	557.5554	9.3882	2237.1814	8840.3916
71_9_FITC.tif	92411d40-5e7f-4fc1-ba3b-a3bee7af3503	Cell		Positive	Annotation	Polygon	97.9	1211.5	6.8339	18.2207	0.2587	8.9348	0.9913	NaN	7.9143	277	7.7436	26	0	26	128.5143	4498	11.8975	144	100	44	8.0286	281	7.5283	26	0	26	57.3632	47.5911	0.3183	22.9853	3.5367	NaN	1.5125	3.8914	26	0	51.8172	42.7085	144	2	1.3262	3.8335	26	0	0.5943	1.478	11	0	40.8156	33.138	133	2	0.3648	1.2181	11	0	0.1097	6	38.9827	46.6816	64.1954	8.7786	310.9564	1233.1288
71_9_FITC.tif	67dac220-d841-4d8b-a31a-03aa948bba4a	Cell		Positive	Annotation	Polygon	94.59	1222.5	22.5725	38.3013	0.1934	18.4247	1.8043	NaN	1.4018	157	1.7881	7	0	7	147.9286	16568	13.3273	172	113	59	1.3839	155	1.782	8	0	8	88.6334	64.6416	0.2666	31.7235	4.2586	NaN	0.6636	1.4469	9	0	106.3944	34.7896	172	10	0.7587	1.5042	8	0	0.4044	1.2064	9	0	91.8119	27.4535	153	10	0.5392	1.3285	8	0	0.2552	6	52.0431	60.8705	88.6587	8.7786	746.4691	2629.4924
71_9_FITC.tif	468d6142-e90f-4135-b924-3ac4ba8fd478	Cell		Positive	Annotation	Polygon	96.94	1235.9	18.845	31.7937	0.2343	15.4723	1.8895	NaN	1.5938	153	2.7628	17	0	17	142.9688	13725	12.1953	160	106	54	1.5729	151	2.7482	17	0	17	87.1838	51.9008	0.4067	24.7565	4.8995	NaN	0.8703	2.1193	17	0	87.8797	41.9443	160	20	0.8278	2.0688	17	0	0.6585	1.8422	14	0	71.7561	32.8771	149	20	0.6098	1.7696	13	0	0.2169	5	72.9913	58.1517	197.9794	10.3369	1668.665	4300.4434
71_9_FITC.tif	cccbe976-59ca-49ec-b6e5-e64354551679	Cell		Positive	Annotation	Polygon	61.38	1294.9	7.6622	14.8414	0.4371	6.9247	1.5387	NaN	0.3902	16	0.9969	4	0	4	144.9756	5944	6.3619	155	128	27	0.5122	21	1.1208	4	0	4	61.505	43.966	0.3998	20.9047	4.4613	NaN	0.7076	1.9307	14	0	118.1827	20.3685	155	53	0.8405	1.9802	14	0	0.7577	2.0361	14	0	113.9577	18.5133	153	53	0.8923	2.0804	14	0	0.1262	5	86.2446	105.5881	120.3338	6.7911	1150.8792	2729.4414
71_9_FITC.tif	1ee76e5b-7e0d-4f80-aba6-1aa7c8ec8918	Cell		Positive	Annotation	Polygon	62.81	1306.9	13.8749	21.8813	0.3642	9.614	2.2983	NaN	0.4857	34	1.0035	5	0	5	149.1429	10440	7.5206	164	128	36	0.4571	32	1.0027	5	0	5	79.7286	50.9067	0.3866	24.4871	5.0511	NaN	0.708	1.9687	23	0	111.0388	36.3084	164	21	0.9664	2.4886	23	0	0.7571	2.1215	23	0	102.6246	34.7179	149	21	1.0789	2.6973	23	0	0.1694	7	100.2831	99.4394	153.3842	6.7911	1326.1802	3432.2285
71_9_FITC.tif	29698707-25f2-4b06-ac2a-d7ab08662e29	Cell		Positive	Annotation	Polygon	29.6	1395.3	10.5615	15.9173	0.5238	7.2569	2.0493	NaN	4.4906	238	5.4265	21	0	21	115.0943	6100	18.0515	148	72	76	4.566	242	5.6313	23	0	23	69.7884	48.8669	0.3673	22.4448	4.9662	NaN	1.1462	2.9146	21	0	53.6784	37.8743	148	5	0.962	2.9315	23	0	0.5329	1.5183	15	0	42.4152	28.6037	137	5	0.301	1.2731	15	0	0.1498	7	73.3503	56.3198	215.4641	7.5769	777.7288	2729.4414
71_9_FITC.tif	c41fdc1b-4f1b-48d1-be74-523143be3168	Cell		Positive	Annotation	Polygon	26.91	1402.6	9.7331	17.8902	0.3821	8.2925	1.6077	NaN	3.8	190	4.3892	17	0	17	124.66	6233	21.7421	152	59	93	3.86	193	4.319	17	0	17	32.5127	32.1271	0.3958	15.3145	3.4312	NaN	1.35	3.0077	17	0	68.7312	46.6621	152	17	1.3062	3.001	17	0	0.2364	0.7285	4	0	43.3091	29.6065	133	17	0.1455	0.633	4	0	0.2844	5	8.8163	8.6771	13.0224	2.2614	9.5922	21.9456
71_9_FITC.tif	4129af97-f617-4299-8581-d1975ebadca6	Cell		Positive	Annotation	Polygon	30.09	1410.2	8.0764	21.414	0.2213	10.5507	1.0802	NaN	1.3182	58	1.7357	6	0	6	114.0455	5018	14.4511	137	85	52	1.3182	58	1.7754	6	0	6	30.4418	33.782	0.3352	16.5424	2.7233	NaN	0.7114	1.5214	8	0	75.2819	31.7388	137	29	0.7047	1.5488	8	0	0.4571	1.3518	8	0	59.0381	21.0968	124	29	0.4476	1.3727	8	0	0.2581	5	26.0838	11.5823	59.0468	2.2614	101.5927	187.5543
71_9_FITC.tif	0e351877-629f-497d-a184-95c0d6343eee	Cell		Positive	Annotation	Polygon	26.07	1413.4	7.4551	17.9223	0.2917	8.7497	1.2825	NaN	1.425	57	1.5834	5	0	5	117.625	4705	11.8054	140	92	48	1.425	57	1.6469	6	0	6	19.6733	37.6205	0.1747	18.5005	1.5406	NaN	0.5588	1.207	5	0	89.9902	30.9661	140	27	0.5686	1.2389	6	0	0	0	0	0	72.1613	25.9755	121	27	0.0161	0.127	1	0	0.3751	3	5.834	4.9151	8.6771	3.9099	7.3152	12.1376
71_9_FITC.tif	f69e3996-15c9-4df7-8d63-5e5a7549267e	Cell		Positive	Annotation	Polygon	28.32	1423.6	24.4363	32.8674	0.2843	15.6511	2.0269	NaN	1.5738	192	3.0204	20	0	20	124.1803	15150	12.9149	147	81	66	1.7377	212	2.9732	20	0	20	80.9712	52.4905	0.3693	24.5418	4.5737	NaN	0.8316	2.1874	20	0	79.3418	38.0223	147	17	0.8699	2.1906	20	0	0.4963	1.5776	11	0	59.0815	26.5048	130	17	0.4778	1.5822	11	0	0.2998	7	83.1593	13.0224	256.4659	3.499	518.7764	2969.6123
71_9_FITC.tif	a078bae8-e6e9-4d93-bce9-10062c6bc3b7	Cell		Positive	Annotation	Polygon	24.01	1418.5	10.7685	22.4855	0.2676	10.1704	1.4382	NaN	2.7895	159	2.9745	10	0	10	117.807	6715	18.9005	148	82	66	2.9474	168	2.9424	11	0	11	73.516	55.8351	0.2963	26.9205	3.4802	NaN	0.8524	1.8947	11	0	62.9443	33.6939	148	3	1.1393	2.1397	11	0	0.4868	1.3338	11	0	52.5894	24.6219	147	3	0.798	1.7603	10	0	0.1519	9	196.3996	235.3478	709.6058	3.499	239.0586	1248.3856
71_9_FITC.tif	0d482470-8670-4998-ae67-33a5c465859c	Cell		Positive	Annotation	Polygon	98.64	1427.2	5.1772	12.783	0.3981	5.2857	1.5175	NaN	40.9667	1229	7.0048	57	26	31	75.5	2265	6.6734	87	61	26	1.2333	37	2.2079	8	0	8	58.8128	36.2866	0.5613	16.2925	4.896	NaN	31.7596	13.9227	57	0	54.3449	17.1302	87	15	0.6411	1.6683	9	0	30.6848	14.1387	55	0	51.8755	16.2548	81	15	0.572	1.5847	9	0	0.0896	7	137.7996	130.9986	320.636	10.487	2797.5266	8840.3916
71_9_FITC.tif	29719b86-8d33-4bf9-b1e1-beddc29a9120	Cell		Positive	Annotation	Polygon	97.07	1440.5	21.5371	31.1918	0.2782	13.3982	2.5455	NaN	52.514	5619	7.6816	68	26	42	78.8318	8435	8.8195	102	54	48	0.9159	98	1.8021	10	0	10	86.1483	50.3482	0.4271	22.9971	6.0033	NaN	28.5431	18.9316	68	0	48.2057	23.7349	102	8	0.3947	1.2937	11	0	20.2958	13.9775	63	0	37.6688	17.2064	81	8	0.2154	1.0073	11	0	0.2496	4	16.3642	11.8722	32.9576	8.7548	65.4194	137.7065
71_9_FITC.tif	e05056d7-a171-4504-ad6d-ccacf1c9b39b	Cell		Positive	Annotation	Polygon	56.53	1443.8	7.041	18.9708	0.2459	9.3071	1.0183	NaN	4.0769	159	5.2133	20	0	20	75.8974	2960	12.7853	99	56	43	4.0769	159	5.2334	20	0	20	62.7475	39.8661	0.4961	18.757	4.6761	NaN	0.9639	2.5628	20	0	42.0951	19.7334	99	7	0.8918	2.5517	20	0	0.5075	1.4149	10	0	37.1391	15.1812	73	7	0.4248	1.3528	10	0	0.1077	6	49.0306	33.1114	143.1091	12.5498	568.0764	2097.6304
71_9_FITC.tif	05fa7eed-01f9-4565-a67c-484ea04c76d1	Cell		Positive	Annotation	Polygon	96.37	1449.3	2.8992	6.7383	0.8024	2.9296	1.0354	NaN	58.8	882	8.2393	71	45	26	81.6667	1225	3.3947	87	76	11	0.4667	7	0.8338	3	0	3	5.1772	9.7755	0.6808	4.2259	1.6118	NaN	50.8889	11.6894	71	32	75.9259	7.8492	87	60	0.2593	0.6559	3	0	41	6.6742	53	32	68.75	5.4627	77	60	0	0	0	0	0.5194	4	19.5621	18.8144	36.1121	4.5078	150.6776	471.1717
71_9_FITC.tif	66214cc4-a8e3-466d-b46a-63cc80ec4eab	Cell		Positive	Annotation	Polygon	96.19	1456.5	4.5559	10.4437	0.5249	4.6809	1.2624	NaN	40.8077	1061	4.3176	47	31	16	77.5385	2016	5.2477	87	67	20	1.0385	27	1.3109	4	0	4	54.6711	40.5663	0.4175	18.0804	4.7162	NaN	26.5434	12.3818	51	2	50.6453	17.2153	87	18	0.4642	1.2369	8	0	24.9916	11.9772	51	2	47.7197	15.4352	78	18	0.4017	1.2152	8	0	0.0766	5	74.0602	23.7332	297.1431	4.5078	338.9097	1157.3643
71_9_FITC.tif	5e719196-ca4c-4d0d-b73e-93636a832699	Cell		Positive	Annotation	Polygon	55.73	1462.1	22.1583	30.5796	0.2978	14.2741	2.5095	NaN	5.7477	615	5.2271	19	0	19	111.4579	11926	26.1942	157	61	96	6.0561	648	5.4076	19	0	19	121.1461	62.2849	0.3924	26.2077	6.183	NaN	1.441	3.2699	19	0	47.053	36.6963	157	6	1.3094	3.2977	19	0	0.477	1.3882	12	0	32.636	18.9064	109	6	0.2469	0.7942	6	0	0.1795	8	75.354	52.6788	201.0081	11.7482	689.5366	2969.6123
71_9_FITC.tif	74fa9fda-c472-4c69-9069-b2f94c361789	Cell		Positive	Annotation	Polygon	66.66	1459.8	14.9103	28.1697	0.2361	12.8229	2.2356	NaN	3.9625	317	4.822	16	0	16	119.475	9558	20.8284	158	72	86	3.975	318	4.7759	16	0	16	76.4152	61.3211	0.2554	28.6622	4.7704	NaN	1.2097	2.8567	16	0	55.1989	43.5374	158	5	1.1263	2.8184	16	0	0.4555	1.1991	8	0	37.589	29.187	127	5	0.3459	1.0455	8	0	0.2112	5	10.3853	11.7482	17.6434	3.8321	35.8149	73.6132
71_9_FITC.tif	c8d0a7a6-d44b-4d0a-81fa-8a28442da927	Cell		Positive	Annotation	Polygon	69.5	1454.7	1.6567	8.2066	0.3091	3.9448	0.7229	NaN	1.2308	16	1.7867	5	0	5	99	1287	9.5307	110	82	28	1.3077	17	1.7505	5	0	5	28.371	31.0385	0.3701	14.931	2.485	NaN	0.7429	2.3791	18	0	44.4071	28.4329	110	8	0.7571	2.3715	18	0	0.6929	2.4316	18	0	38.8189	23.3284	107	8	0.7008	2.4245	18	0	0.0714	9	37.7799	28.8739	153.3842	3.8321	468.394	2347.7683
71_9_FITC.tif	ec63c0ad-b7a5-4772-978a-2bdc69c86665	Cell		Positive	Annotation	Polygon	68.65	1467.7	4.9701	12.7035	0.387	6.0504	1.2224	NaN	1.3571	38	2.1294	9	0	9	105.75	2961	7.6382	122	89	33	1.3929	39	2.0063	8	0	8	9.9402	17.203	0.4221	7.6056	1.904	NaN	0.7679	1.6948	9	0	94.8571	16.8398	122	35	0.7857	1.6261	8	0	0.1786	0.7724	4	0	83.9643	16.5294	108	35	0.1786	0.7724	4	0	0.4882	4	7.8531	7.9562	10.2562	5.2441	6.0185	11.8544
71_9_FITC.tif	18b2701e-214b-46ed-9cbe-487287d4b33c	Cell		Positive	Annotation	Polygon	70.82	1475.6	22.1583	33.824	0.2434	15.1848	2.3673	NaN	4.7414	550	4.9346	20	0	20	130.8707	15181	25.1719	172	79	93	5.0431	585	5.2493	20	0	20	86.1483	54.5042	0.3644	25.3935	5.2192	NaN	1.4474	3.3434	20	0	66.4785	46.932	172	6	1.4761	3.5544	20	0	0.1821	0.6287	5	0	41.745	24.4472	120	6	0.106	0.4337	3	0	0.2683	6	15.435	18.4001	21.9459	4.1109	72.9964	199.3221
71_9_FITC.tif	52b48284-cd85-4c22-8907-50fd8556edd0	Cell		Positive	Annotation	Polygon	67.86	1475.4	2.8992	8.5396	0.4996	3.888	1.2653	NaN	0.5882	10	0.9393	3	0	3	97.1765	1652	6.5406	107	88	19	0.5882	10	0.9393	3	0	3	16.7741	24.6797	0.3461	10.6626	2.501	NaN	0.4419	1.1438	6	0	67.0814	27.1433	107	21	0.4186	1.132	6	0	0.4058	1.1921	6	0	59.6667	25.0732	107	21	0.3768	1.177	6	0	0.1649	7	19.2271	18.5265	41.0074	4.1109	57.9683	270.8782
71_9_FITC.tif	86475af1-22dd-41d5-8011-e7a326d1ba81	Cell		Positive	Annotation	Polygon	90.81	1485.2	9.3189	14.0941	0.5895	5.8842	2.2037	NaN	5.12	256	6.3588	25	0	25	73.78	3689	16.8635	109	37	72	4.58	229	6.481	25	0	25	101.887	48.4611	0.5452	22.0702	5.7964	NaN	1.8621	3.4164	25	0	30.6491	18.9874	109	4	0.6856	2.5892	25	0	1.4944	2.6784	17	0	25.781	11.6442	71	4	0.246	0.9468	8	0	0.091	8	82.0379	35.6993	266.571	21.925	803.7352	2783.1753
71_9_FITC.tif	3878a686-f0f8-475f-bc13-aec0247a218d	Cell		Positive	Annotation	Polygon	70.23	1492.3	18.2237	31.4575	0.2314	15.2056	1.8555	NaN	6.5161	606	7.6792	29	0	29	150.5376	14000	27.0601	194	88	106	7.7742	723	8.092	31	0	31	46.5947	38.6987	0.391	17.7297	4.4744	NaN	2.9035	5.8082	29	0	99.1272	56.4243	194	6	3.2675	6.3934	31	0	0.4148	1.1679	6	0	63.7111	42.3383	160	6	0.163	0.6933	5	0	0.4177	5	13.4666	13.5961	21.2926	3.6709	16.221	19.493
71_9_FITC.tif	f472eb95-99f5-4f12-a9f8-8a8d5d8ba1f4	Cell		Positive	Annotation	Polygon	73.4	1495.9	8.0764	12.3722	0.663	5.542	1.7553	NaN	8.1951	336	10.1124	35	0	35	114.1707	4681	15.4595	142	82	60	8.1951	336	10.0926	35	0	35	45.5592	39.4107	0.3686	19.0024	3.6892	NaN	1.6682	5.348	35	0	54.2601	35.9587	142	12	1.6323	5.3296	35	0	0.1978	0.8104	8	0	40.7637	23.1713	115	12	0.1538	0.6115	5	0	0.1593	5	23.9592	20.5776	62.9883	3.6709	176.4605	598.6807
71_9_FITC.tif	332ef7d5-e1cf-4210-a891-b8153bb646f7	Cell		Positive	Annotation	Polygon	68.66	1503	13.0465	23.0099	0.3097	11.1751	2.0231	NaN	0.6716	45	1.1598	6	0	6	124.5373	8344	16.1088	151	87	64	0.9851	66	1.2968	6	0	6	36.8616	40.5098	0.2823	19.9193	2.7695	NaN	0.5556	1.2016	6	0	80.3667	48.0628	151	4	0.5556	1.22	7	0	0.4867	1.2256	6	0	54.177	40.9859	151	4	0.3009	1.101	7	0	0.3582	4	13.8915	9.9612	32.442	3.2018	17.2245	25.0249
71_9_FITC.tif	76f7480c-b8cd-4851-beed-44a0e8b36a45	Cell		Positive	Annotation	Polygon	71.92	1511.5	17.3953	27.3365	0.2925	10.8438	2.1299	NaN	2.6364	232	3.2737	15	0	15	130.2045	11458	22.5195	163	82	81	2.7386	241	3.2572	15	0	15	66.6821	42.8646	0.4561	19.7547	4.2455	NaN	0.9446	2.1752	15	0	69.8738	46.8237	163	13	0.9785	2.2075	15	0	0.3165	1.04	8	0	47.4726	31.0141	152	13	0.3249	1.0931	9	0	0.2712	5	17.423	10.634	52.5091	3.2018	39.6063	108.6932
71_9_FITC.tif	85bdfa60-7384-42c3-a126-cf1d6ff01b0a	Cell		Positive	Annotation	Polygon	67.49	1516.5	9.9402	22.4062	0.2488	10.9857	1.2782	NaN	11.0192	573	10.1237	31	0	31	131	6812	25.0873	172	74	98	11.3462	590	10.2362	31	0	31	71.031	52.1007	0.3288	25.359	3.873	NaN	4.0522	6.8918	31	0	59.4116	38.9293	172	5	2	5.6973	31	0	2.8157	5.2799	22	0	46.7065	24.5116	119	5	0.3413	1.2739	9	0	0.1385	7	52.6877	46.8332	141.2773	7.1742	400.2124	1302.2327
71_9_FITC.tif	e7f384ed-4e5c-4d76-9989-433e4ec02b8f	Cell		Positive	Annotation	Polygon	76.6	1556.7	23.815	27.1378	0.4064	12.7898	2.5096	NaN	9.4958	1130	9.2194	32	0	32	177.7983	21158	32.2013	223	103	120	11.0168	1311	10.9583	38	0	38	98.1594	47.1998	0.5537	21.0741	6.1151	NaN	2.6109	6.1196	32	0	80.5607	64.1416	223	4	2.9561	7.2065	38	0	0.3287	0.9502	6	0	48.3287	30.9064	151	4	0.2841	0.9261	6	0	0.2404	8	57.0113	57.7487	91.9798	15.1366	272.2542	1020.8735
71_9_FITC.tif	26d81fc7-1a85-46a2-bca6-f534ca95d00e	Cell		Positive	Annotation	Polygon	79.66	1637.5	20.7087	24.9329	0.4186	11.2685	2.8253	NaN	3.717	394	5.1376	24	0	24	108.9434	11548	17.2344	140	73	67	2.8585	303	4.4709	20	0	20	124.6666	56.8135	0.4854	25.2414	6.2594	NaN	3.6007	4.9582	24	0	67.3284	29.3448	140	12	1.1931	2.996	20	0	3.576	4.9243	20	0	58.506	23.1446	113	12	0.84	2.4418	20	0	0.1733	6	41.0612	44.4533	68.2005	10.111	336.129	897.2313
71_9_FITC.tif	7a00bd3a-7cfd-4f20-ad6b-f7d4cbe0e3bf	Cell		Positive	Annotation	Polygon	84.1	1644.6	9.9402	16.8341	0.4408	6.1351	2.8405	NaN	7.5577	393	6.1274	23	1	22	130.1346	6767	23.6104	169	83	86	6.0385	314	6.0875	22	0	22	59.4341	34.9053	0.613	14.2283	6.1097	NaN	4.6151	5.1938	23	0	75.1512	37.2798	169	8	1.4055	3.4771	22	0	3.9749	4.7456	23	0	63.1883	27.7442	126	8	0.3975	1.0396	5	0	0.1726	6	31.6505	9.0793	88.0018	4.5853	55.4062	103.7354
71_9_FITC.tif	23bbf6e6-4506-4271-89ff-d8b042f31453	Cell		Positive	Annotation	Polygon	394.4	632.22	39.5537	45.5173	0.2399	16.1227	3.9274	NaN	3.4508	666	4.1002	21	0	21	113.6684	21938	26.1399	157	53	104	3.0155	582	4.0317	20	0	20	188.2424	72.5904	0.4489	34.0003	7.4551	NaN	2.7932	3.4786	21	0	52.2992	37.9492	157	1	0.8768	2.3236	20	0	2.6159	3.2717	16	0	35.757	18.835	116	1	0.3003	0.9611	11	0	0.2137	10	157.179	121.0742	357.8743	63.0548	2163.8503	10401.7178
71_9_FITC.tif	9802f491-99ae-42ae-98d7-74d8ab6d308a	Cell		Positive	Annotation	Polygon	430.61	723.75	11.804	19.562	0.3876	8.0416	2.1773	NaN	4.6721	285	4.0155	15	0	15	116.9836	7136	16.4494	143	81	62	4.9016	299	3.94	15	0	15	64.6113	44.3032	0.4137	18.3871	4.3279	NaN	1.5601	2.8696	15	0	59.9968	36.9739	143	2	1.4905	2.9315	15	0	0.8157	1.8764	12	0	46.3647	25.7874	114	2	0.6745	1.8782	12	0	0.182	4	37.1016	21.4449	102.1118	3.4049	236.1657	792.2219
71_9_FITC.tif	6a3ba6f6-3963-42e2-b35b-d288b7515698	Cell		Positive	Annotation	Polygon	434.05	728.25	6.8339	15.5329	0.3559	7.4831	1.2813	NaN	5.9167	213	6.6047	26	0	26	95.7222	3446	13.6185	114	62	52	5.9444	214	6.5332	26	0	26	46.8017	40.3783	0.3607	19.0273	3.2164	NaN	1.2237	3.4332	26	0	43.3026	28.5773	114	7	1.1096	3.404	26	0	0.3438	1.0418	9	0	33.474	17.9327	82	7	0.2031	0.8472	7	0	0.1493	5	14.7927	13.4126	32.9105	3.4049	56.0124	237.9659
71_9_FITC.tif	232a106a-5920-45f2-a1f1-aa3f810dfd56	Cell		Positive	Annotation	Polygon	430.49	735.86	3.3134	9.9824	0.4178	4.5	1.0932	NaN	0.0952	2	0.3008	1	0	1	93.8095	1970	6.408	104	84	20	0.0952	2	0.3008	1	0	1	21.33	23.9015	0.4692	11.2443	3.1967	NaN	0.6571	1.5494	9	0	71.1143	19.5169	104	23	0.5714	1.4991	8	0	0.7976	1.6989	9	0	65.4405	17.4497	101	23	0.6905	1.6499	8	0	0.1652	4	32.2508	8.1855	108.3034	4.3289	62.8057	131.5834
71_9_FITC.tif	483a08f3-32dd-4a68-8253-01e5a9a80d32	Cell		Positive	Annotation	Polygon	432.03	743.54	7.8693	16.3459	0.3701	5.412	2.4704	NaN	5.1489	242	6.097	18	0	18	101.1702	4755	23.0201	136	61	75	5.2128	245	5.9452	18	0	18	48.8726	39.636	0.3909	16.5715	4.6918	NaN	2.1186	3.803	18	0	64.483	26.4555	136	21	1.4322	3.5177	18	0	1.3651	2.4731	10	0	55.3598	18.0289	119	21	0.4921	1.5355	10	0	0.1834	4	36.8791	11.5526	117.8309	6.5804	47.2174	100.6288
71_9_FITC.tif	43177a1d-a456-44fb-976e-5d66a2716569	Cell		Positive	Annotation	Polygon	433.99	752.16	11.1827	18.4532	0.4127	8.1978	2.2306	NaN	1.6333	98	2.6994	14	0	14	99.2333	5954	14.0004	124	71	53	2.0167	121	2.9371	14	0	14	73.3089	49.9342	0.3695	22.3097	5.0964	NaN	1.1569	2.2816	14	0	57.7115	23.0906	124	22	0.6162	1.6288	14	0	1.0606	2.1802	11	0	49.3232	13.4949	94	22	0.3333	0.9966	7	0	0.1618	9	269.5255	124.3175	1544.7596	6.5804	23459.5371	144046.1406
71_9_FITC.tif	e5760bc8-140a-40a3-a960-4747a3b2aaf3	Cell		Positive	Annotation	Polygon	457.65	751.88	9.7331	15.7122	0.4954	7.2796	1.7273	NaN	1.74	87	2.7015	12	0	12	79.02	3951	10.191	98	54	44	1.46	73	2.4177	11	0	11	100.4374	50.9617	0.486	24.0253	5.33	NaN	2.0267	3.3314	17	0	50.7449	18.032	98	14	0.7593	1.7414	11	0	2.0596	3.3972	17	0	47.5023	15.7605	85	14	0.6789	1.6309	9	0	0.0985	6	65.7603	38.6643	135.7202	24.0613	1338.4663	4927.9463
71_9_FITC.tif	410c6e60-0305-4401-82d1-7836d4fdf435	Cell		Positive	Annotation	Polygon	475.08	789.43	19.2591	37.7028	0.1703	14.0738	2.388	NaN	2.2316	212	2.9407	17	0	17	93.6211	8894	10.6583	118	72	46	1.1158	106	1.6686	8	0	8	137.0918	64.6774	0.4118	31.0029	5.9826	NaN	2.4887	3.3523	18	0	61.4872	21.4484	118	21	0.4736	1.1406	8	0	2.5317	3.4168	18	0	56.1127	17.7858	103	21	0.3662	0.9883	6	0	0.1361	6	94.1898	107.7477	127.8899	41.117	1504.4227	4918.4893
71_9_FITC.tif	c074b67e-4535-43a7-8c7f-17ccc971f9bb	Cell		Positive	Annotation	Polygon	568.6	806.84	17.6024	29.8634	0.248	13.1314	2.7195	NaN	3.6966	329	4.0294	18	0	18	119.8764	10669	22.785	161	70	91	3.5955	320	3.9564	17	0	17	101.4728	64.2037	0.3093	31.0182	5.1214	NaN	2.2848	3.0345	18	0	60.5818	36.8715	161	11	0.9232	2.3227	17	0	1.9754	2.6776	13	0	47.5837	24.5657	145	11	0.3374	1.1252	10	0	0.1737	8	92.2019	102.0442	247.7784	2.9964	1473.0458	4927.9463
71_9_FITC.tif	d1f7297f-4e89-4743-bafb-efa9e31df2c3	Cell		Positive	Annotation	Polygon	572.89	807.26	5.7984	11.8437	0.5195	5.5309	1.577	NaN	8.875	284	7.0517	25	0	25	120.8438	3867	19.5681	147	74	73	7.7812	249	7.6231	25	0	25	49.0797	42.9308	0.3346	20.8013	3.6604	NaN	2.7605	4.2849	25	0	58.3151	35.5178	147	10	1.3445	3.8832	25	0	1.8107	2.6389	13	0	48.6019	26.3707	138	10	0.3447	1.0832	7	0	0.1181	6	107.1694	85.0692	250.1059	2.9964	3534.3	13543.793
71_9_FITC.tif	d29f32b2-0a3e-4297-9d2b-2fb7f8db2268	Cell		Positive	Annotation	Polygon	570.92	816.59	7.2481	16.7234	0.3257	6.6333	1.6075	NaN	3.525	141	4.9198	19	0	19	136.8	5472	18.8832	161	90	71	4.2	168	5.8054	21	0	21	34.1694	33.6608	0.379	16.0006	2.9459	NaN	3.1437	4.3992	19	0	87.9341	33.1839	161	49	1.2455	3.3697	21	0	3.0236	4.236	19	0	72.5433	18.5356	132	49	0.315	0.9403	7	0	0.2088	3	15.4127	4.2164	38.0731	3.9486	20.5794	34.4297
71_9_FITC.tif	e9f01963-d647-4caa-aa09-b3ccfae24f83	Cell		Positive	Annotation	Polygon	700.17	817.52	7.2481	20.0858	0.2258	9.8616	0.9668	NaN	14.8	592	12.441	40	0	40	86.225	3449	24.0432	125	42	83	14.625	585	12.4544	39	0	39	94.0177	55.9778	0.377	27.0047	4.4662	NaN	2.3341	5.6333	40	0	25.2967	22.5564	125	3	1.611	5.5623	39	0	1.1325	1.9385	12	0	19.4241	10.5	66	3	0.3566	1.1726	12	0	0.0742	5	257.6596	226.1901	381.5579	128.516	9226.8018	13543.793
71_9_FITC.tif	8225363a-30bb-4928-ab84-6cc0e13671a5	Cell		Positive	Annotation	Polygon	573.55	849.63	24.6434	24.5118	0.5154	9.5534	3.4951	NaN	3.7317	459	3.9796	18	0	18	121.9187	14996	19.8414	162	76	86	3.2358	398	3.6464	15	0	15	147.6533	57.6872	0.5576	26.051	7.1899	NaN	2.9944	4.274	27	0	67.331	32.5104	162	10	0.9397	2.1931	15	0	2.8407	4.3202	27	0	55.9508	21.0736	117	10	0.461	1.3151	11	0	0.1675	5	75.3746	42.1487	174.4728	38.0731	1270.7144	5723.2842
71_9_FITC.tif	de804a0e-f519-47fa-b30b-d5e0ce28c8f2	Cell		Positive	Annotation	Polygon	515.64	896.48	2.0709	8.4067	0.3682	4.0658	0.7019	NaN	2.0769	27	2.0191	5	0	5	108.3846	1409	7.2748	118	94	24	2	26	1.9149	5	0	5	19.2591	27.2749	0.3253	12.9007	2.4437	NaN	0.9688	1.6636	9	0	63.0833	29.1658	118	21	0.75	1.429	5	0	0.7952	1.5441	9	0	55.988	24.5245	113	21	0.5542	1.2421	5	0	0.0903	4	59.3028	56.4614	119.6061	4.6824	1310.0723	4918.4893
71_9_FITC.tif	ce11cb8a-2bba-40ee-9d16-fb93bd2d4301	Cell		Positive	Annotation	Polygon	517.27	907.54	9.526	21.5313	0.2582	10.5733	1.2836	NaN	0.8462	44	1.3775	6	0	6	109.1154	5674	10.5266	128	85	43	1.0385	54	1.5713	6	0	6	61.712	52.8646	0.2775	25.7394	3.1314	NaN	0.9164	1.8363	9	0	69.0167	26.2829	128	23	0.5652	1.4301	9	0	0.9312	1.921	9	0	60.5749	20.0599	114	23	0.4656	1.3814	9	0	0.1536	6	58.079	43.1898	143.5923	1.9326	1269.1749	5723.2842
71_9_FITC.tif	02204ae5-55a9-4d84-9286-5d3aac3e5888	Cell		Positive	Annotation	Polygon	514.1	902.73	8.4906	17.3504	0.3544	8.2591	1.4214	NaN	1.4043	66	2.473	13	0	13	121.6383	5717	10.233	140	94	46	2.234	105	3.4904	15	0	15	31.8915	42.2742	0.2243	20.6608	2.498	NaN	0.8544	1.7982	13	0	91.9177	27.3736	140	42	1.0633	2.3423	15	0	0.6216	1.3688	6	0	79.3333	22.1011	129	42	0.5676	1.3792	7	0	0.2669	4	33.8229	4.8984	123.5622	1.9326	83.2098	171.3089
71_9_FITC.tif	5cced7ff-a012-48ed-b7cf-e9fb9895c6b8	Cell		Positive	Annotation	Polygon	512.83	913.18	12.4252	20.6422	0.3664	9.2733	1.9461	NaN	0.7419	46	1.4135	6	0	6	109.6452	6798	7.1588	123	96	27	0.8548	53	1.5024	6	0	6	75.794	50.2789	0.3768	23.7706	4.5237	NaN	0.733	1.6561	11	0	80.0954	20.3212	123	39	0.594	1.5458	11	0	0.7311	1.7033	11	0	74.0885	16.5106	119	39	0.541	1.5515	11	0	0.1628	7	444.513	141.6743	1383.9385	5.1144	24049.0801	59100.3398
71_9_FITC.tif	2c84dcdc-4725-4ebd-bb9b-7053077ecc11	Cell		Positive	Annotation	Polygon	687.48	1011.1	19.8804	39.2903	0.1618	19.4399	1.5569	NaN	12.47	1247	11.578	41	0	41	120.78	12078	34.2532	181	34	147	12.55	1255	11.6414	43	0	43	142.269	74.3151	0.3237	36.0048	4.9701	NaN	3.686	6.2665	41	0	40.0334	38.4504	181	4	2.0087	6.2397	43	0	2.1922	2.8234	13	0	26.301	15.2573	100	4	0.216	0.7493	6	0	0.1409	6	173.0168	189.5277	194.1597	85.7587	3847.1091	8249.7812
71_9_FITC.tif	71f16f20-679b-4923-aa18-0b5c6574078d	Cell		Positive	Annotation	Polygon	602.12	1021.2	7.6622	16.3779	0.359	7.1532	1.5355	NaN	1.9024	78	3.3152	14	0	14	76.4634	3135	9.5134	99	59	40	1.9512	80	3.2936	14	0	14	98.7807	51.6574	0.4652	24.0209	4.9701	NaN	1.2364	2.7004	21	0	51.3536	15.8671	99	14	1.0816	2.7033	23	0	1.1739	2.6313	21	0	48.9977	14.2226	98	14	1	2.631	23	0	0.0751	10	319.9113	212.1227	1157.858	85.7587	18359.1426	81446.875
71_9_FITC.tif	d2f52cdd-50df-45e6-b5cb-6d78b2ff2dc6	Cell		Positive	Annotation	Polygon	716.27	1191	19.052	30.423	0.2587	11.7533	2.1793	NaN	15.6915	1475	11.92	42	0	42	206.2234	19385	18.0091	237	161	76	19.6277	1845	15.5418	56	0	56	71.031	47.0824	0.4027	20.8898	5.1056	NaN	5.8319	9.7415	42	0	120.1333	72.0244	237	17	6.8754	12.3667	56	0	2.1394	5.2422	25	0	87.8924	56.4536	220	17	2.0996	6.0447	30	0	0.2629	6	39.0391	11.0036	186.6496	5.4927	303.0874	1024.7004
71_9_FITC.tif	09bb26cf-4b36-4872-9915-f4fe66c36e11	Cell		Positive	Annotation	Polygon	724.44	1198.5	21.33	25.4295	0.4145	11.5662	2.5556	NaN	7.4766	800	5.5531	27	0	27	198.6168	21252	8.9828	215	167	48	7.7383	828	5.7353	27	0	27	131.0863	59.1263	0.4712	28.013	6.0055	NaN	1.6619	3.5993	27	0	151.94	45.3112	215	24	1.6556	3.7249	27	0	0.4791	1.0376	7	0	142.4449	43.8278	199	24	0.4183	0.9933	7	0	0.165	6	178.9136	198.9712	381.5579	8.4989	1419.5072	4777.5498
71_9_FITC.tif	6dc9bfe1-2c93-45cd-9081-c933156d9388	Cell		Positive	Annotation	Polygon	705.86	1193.9	7.041	18.5109	0.2582	8.8941	1.1612	NaN	1.9474	74	2.5884	10	0	10	88.4474	3361	10.6179	101	54	47	1.9737	75	2.6044	11	0	11	41.4175	38.4553	0.352	18.5203	3.5797	NaN	1.4195	4.1586	31	0	53.6537	25.6326	101	16	1.4683	4.1403	31	0	1.2994	4.4363	31	0	45.7365	21.0267	95	16	1.3533	4.4139	31	0	0.1703	6	38.2644	9.4772	188.3838	4.3509	178.3358	1024.7004
71_9_FITC.tif	cee9ddbf-7434-4c56-8758-718cccab2622	Cell		Positive	Annotation	Polygon	713.92	1202.2	7.4551	18.1273	0.2851	8.0315	1.62	NaN	11.0732	454	11.0689	31	0	31	198.6829	8146	19.3215	227	163	64	11.7317	481	11.3027	31	0	31	45.7663	41.9958	0.3261	20.4175	3.3451	NaN	3.1964	6.7569	31	0	121.9196	57.625	227	16	3.3482	7.2194	34	0	1.4317	3.4505	23	0	104.7213	48.5982	217	16	1.4699	4.0502	34	0	0.1609	4	7.8958	8.0108	10.069	5.4927	26.5691	40.4184
71_9_FITC.tif	b612c24f-f340-439e-8b19-42d90c1a055e	Cell		Positive	Annotation	Polygon	703.97	1204.7	8.6977	21.2236	0.2426	10.3783	1.2805	NaN	1.2	54	1.5754	5	0	5	84.6444	3809	7.9004	97	65	32	1.3556	61	1.6259	5	0	5	62.1262	53.2806	0.275	25.9317	3.3736	NaN	0.9835	1.9231	12	0	55.7756	19.6279	97	21	0.8185	1.7614	12	0	0.9457	1.9777	12	0	50.7403	16.4513	97	21	0.7248	1.7703	12	0	0.1349	6	102.9362	99.2432	208.4185	3.3543	2541.5977	9102.1426
71_9_FITC.tif	eaa17d14-26d1-4306-8b7d-1d8e7e9b1d0c	Cell		Positive	Annotation	Polygon	719.87	1206.9	10.5615	24.9965	0.2124	12.255	1.4989	NaN	4.7895	273	4.3125	14	0	14	194.8246	11105	8.6688	208	171	37	6.7368	384	6.4601	22	0	22	71.031	56.2254	0.2824	27.4645	3.7271	NaN	1.3382	2.9495	17	0	167.3121	19.493	208	125	1.9566	4.0869	22	0	0.6574	1.9957	17	0	161.8858	16.1621	206	125	1.0138	2.5454	18	0	0.1522	4	55.5233	10.2478	199.2542	2.3433	198.0949	529.0199
71_9_FITC.tif	ca647bf7-d078-4308-a5b6-172ad9747c9f	Cell		Positive	Annotation	Polygon	707.08	1204.4	3.3134	10.6462	0.3674	5.019	0.8605	NaN	4.8947	93	4.9877	19	0	19	86.1579	1637	8.4542	99	69	30	4.7368	90	4.9424	19	0	19	21.9513	39.3661	0.178	19.3071	1.7625	NaN	1.2963	2.9616	19	0	52.9722	26.316	99	15	1.1204	2.8669	19	0	0.5281	1.4778	7	0	45.8876	23.2141	94	15	0.3483	1.2532	7	0	0.1471	3	4.3153	3.3543	6.8269	2.7649	3.1294	6.0321
71_9_FITC.tif	d3d9f312-d731-4d3f-9881-f6625687b5fa	Cell		Positive	Annotation	Polygon	716.7	1211.8	16.567	22.8046	0.4003	9.2337	2.7038	NaN	15.8471	1347	7.3639	30	0	30	209.8353	17836	8.4386	226	185	41	18.4118	1565	9.315	37	0	37	53.6356	37.9677	0.4676	17.8991	4.2179	NaN	5.7595	8.3986	30	0	169.6794	37.3951	226	67	7.1641	9.8584	37	0	0.9153	2.4445	21	0	150.3955	29.783	217	67	1.7627	3.5033	26	0	0.3121	5	45.6146	9.2373	198.2766	2.3433	235.3426	912.3718
71_9_FITC.tif	35301863-44dc-4f7c-a2e1-19a872cf4f38	Cell		Positive	Annotation	Polygon	708.37	1210.5	2.8992	7.954	0.5759	3.6709	0.9404	NaN	2.1875	35	2.6887	10	0	10	82.8125	1325	5.0757	94	75	19	2.25	36	2.7689	10	0	10	38.9324	35.872	0.3802	17.0807	3.0237	NaN	1.4167	2.8067	14	0	51.349	20.6894	94	10	1.3698	2.9166	14	0	1.3466	2.8141	14	0	48.4886	19.1374	89	10	1.2898	2.924	14	0	0.0621	6	39.2231	9.3997	197.6963	2.7649	182.4366	912.3718
71_9_FITC.tif	f5acf606-120f-4893-ba25-8399d91db657	Cell		Positive	Annotation	Polygon	718.53	1405.5	10.9756	17.6292	0.4438	8.4736	1.6895	NaN	9.5	551	7.3252	23	0	23	120.0172	6961	22.6162	156	77	79	9.5345	553	7.3776	24	0	24	100.0232	52.5539	0.4551	25.0109	5.1699	NaN	1.8595	4.3302	23	0	50.814	35.4828	156	8	1.7169	4.3167	24	0	0.8192	2.2497	16	0	41.392	24.8937	117	8	0.6526	2.0979	16	0	0.1009	10	163.2079	197.9864	401.2952	43.6928	1182.2329	9102.1426
71_9_FITC.tif	fa73db2f-1e31-4b0a-b178-6203b1ecb6e3	Cell		Positive	Annotation	Polygon	721.27	1447.2	31.6844	28.9536	0.475	13.4262	3.8519	NaN	7.8247	1205	15.2689	80	0	80	185.7662	28608	18.7574	226	137	89	11.8377	1823	17.1084	90	0	90	126.3233	60.1001	0.4395	28.6657	6.8981	NaN	2.8222	8.3851	80	0	105.4502	59.7296	226	8	3.5661	9.9432	90	0	1.1438	2.1979	15	0	78.5033	41.8684	194	8	0.7908	1.8992	14	0	0.2474	6	214.7665	34.6646	750.0215	9.1073	10946.5654	81446.875
71_9_FITC.tif	e15d9572-c3ec-4299-af4a-66125e50ca86	Cell		Positive	Annotation	Polygon	724.1	1458.5	22.3654	24.8753	0.4542	11.8161	2.7057	NaN	1.1565	133	2.1464	10	0	10	180.8783	20801	12.3097	200	143	57	3.4609	398	3.6689	15	0	15	69.5814	50.5138	0.3427	24.3477	4.5041	NaN	0.8596	1.8166	10	0	135.4649	44.062	200	23	1.6959	2.812	15	0	0.7093	1.6086	10	0	112.4582	35.6629	176	23	0.8018	1.6591	11	0	0.3116	3	22.9378	9.1073	52.6832	7.023	16.1668	34.8845
71_9_FITC.tif	33457698-7bf1-4eda-9782-e8d653e3a0ca	Cell		Positive	Annotation	Polygon	724.81	1466.6	3.1063	9.1257	0.4687	4.3503	1.078	NaN	0.6667	12	0.767	2	0	2	168.5556	3034	5.3161	177	156	21	1.6111	29	2.1182	8	0	8	11.1827	22.3233	0.282	10.9537	1.399	NaN	0.4333	0.8511	5	0	144.9833	25.1453	177	90	1.05	1.9522	10	0	0.3333	0.8742	5	0	134.881	23.445	168	90	0.8095	1.851	10	0	0.2498	4	23.0901	12.8208	59.6956	7.023	16.4317	48.5005
71_9_FITC.tif	2265c1f4-774a-48f0-944b-52fd0c990881	Cell		Positive	Annotation	Polygon	726.91	1476.1	33.3411	38.4655	0.2832	18.1396	2.9496	NaN	0.6061	100	1.146	8	0	8	171.8061	28348	12.8409	193	129	64	1.6242	268	2.3435	10	0	10	145.7895	71.3686	0.3597	34.4623	6.5342	NaN	2.2999	3.4255	17	0	130.3578	34.1804	193	50	1.0891	1.9941	12	0	2.8155	3.7113	17	0	117.7399	28.1277	172	50	0.9262	1.8467	12	0	0.229	5	221.4273	69.2077	726.8425	9.5265	1035.5161	4043.2017
71_9_FITC.tif	b08002c7-da68-436d-aa0b-c2e81765585b	Cell		Positive	Annotation	Polygon	75.69	1576.4	43.0742	40.1042	0.3365	18.9249	3.4717	NaN	1.6432	350	3.3554	18	0	18	151.1362	32192	20.8443	211	96	115	2.5587	545	4.3342	26	0	26	126.9446	64.2353	0.3866	28.5612	7.4062	NaN	0.9382	2.3935	18	0	103.3252	45.9809	211	21	1.3285	3.0377	26	0	0.5647	1.5544	14	0	77.9925	33.9121	154	21	0.6766	1.7226	15	0	0.3392	5	33.994	15.1366	73.0879	7.3613	60.8912	103.7354
71_9_FITC.tif	4d3dc3ad-2908-45f0-af40-3be6885c6f32	Cell		Positive	Annotation	Polygon	71.94	1582.2	1.0354	6.0627	0.354	2.8649	0.6403	NaN	1	9	1.4142	4	0	4	119.5556	1076	7.9075	129	104	25	1.2222	11	1.3017	4	0	4	22.7796	29.9922	0.3182	14.6396	2.5601	NaN	0.7456	1.6553	10	0	74.8684	26.7726	129	25	1.1491	2.2936	11	0	0.7238	1.6785	10	0	71.0381	24.215	129	25	1.1429	2.3633	11	0	0.0524	5	35.4492	22.3229	75.3384	3.9644	234.4747	906.8345
71_9_FITC.tif	d7fe50c7-788a-46a9-aea7-e20bc64b4de3	Cell		Positive	Annotation	Polygon	73.38	1591	3.7276	10.9292	0.3922	5.2421	0.9485	NaN	1.35	27	1.5985	6	0	6	127.25	2545	8.717	140	110	30	1.55	31	1.6376	6	0	6	26.9214	27.8493	0.4362	13.1491	2.9067	NaN	0.7068	1.6039	8	0	78.4361	28.8928	140	38	0.5038	1.21	6	0	0.5929	1.5847	8	0	69.7965	21.6833	127	38	0.3186	1.02	5	0	0.119	5	43.6678	52.7739	78.8019	3.9644	212.4826	792.7007
71_9_FITC.tif	a452cc34-22e5-4fba-ab43-9d752123a35d	Cell		Positive	Annotation	Polygon	87.08	1654.3	4.5559	13.5054	0.3139	6.3561	1.127	NaN	1.7308	45	2.1082	5	0	5	86.4231	2247	11.4199	103	61	42	1.3462	35	1.8961	5	0	5	35.2049	34.6315	0.3689	16.278	3.162	NaN	2.5966	3.2429	15	0	44.7614	24.7289	103	16	0.3523	1.0146	5	0	2.7467	3.3841	15	0	37.54	18.4655	102	16	0.18	0.6353	5	0	0.1222	7	71.6752	91.9798	166.4852	4.5853	645.9667	2783.1753
71_9_FITC.tif	5cad820e-02cb-41f5-97fc-175ca2c14337	Cell		Positive	Annotation	Polygon	51.5	1650.2	14.9103	17.3736	0.6208	6.6093	3.161	NaN	3.0649	236	3.9945	16	0	16	124.7662	9607	14.3499	145	91	54	2.2338	172	2.915	11	0	11	64.4042	36.728	0.6	15.3397	5.5951	NaN	4.0541	4.424	20	0	73.8217	37.0462	146	26	0.7707	1.923	11	0	4.3755	4.5163	20	0	57.27	25.1393	146	26	0.2954	1.1149	8	0	0.2365	7	72.409	71.8149	194.5951	7.6303	410.6505	1302.2327
71_9_FITC.tif	5fa218e7-4c72-435d-8edc-e80e9a35ad67	Cell		Positive	Annotation	Polygon	82.39	1657.1	1.0354	5.5745	0.4187	2.5102	0.7348	NaN	0.2222	2	0.6667	2	0	2	89.2222	803	13.6819	110	69	41	0.2222	2	0.6667	2	0	2	11.804	19.4845	0.3907	9.4326	1.7242	NaN	3.2459	4.3576	15	0	45.1148	24.6286	110	17	0.1803	0.6954	4	0	3.7692	4.5141	15	0	37.4808	16.7782	109	17	0.1731	0.7063	4	0	0.0857	5	20.0417	15.7487	53.0942	2.2574	57.8898	133.8584
71_9_FITC.tif	098260af-4da0-4254-9364-1b67ef0b16f5	Cell		Positive	Annotation	Polygon	83.94	1658.7	2.278	8.3867	0.407	3.9808	0.7995	NaN	0.3846	5	0.6504	2	0	2	103.4615	1345	11.1177	120	85	35	0.2308	3	0.4385	1	0	1	12.4252	19.1484	0.4258	8.8076	2.0693	NaN	2.3231	2.8945	11	0	65.1846	27.9335	120	23	0.4154	1.0591	5	0	2.8077	3.036	11	0	55.6154	21.9832	114	23	0.4615	1.1625	5	0	0.178	4	9.0209	6.4231	20.9799	2.2574	12.0928	24.7081
71_9_FITC.tif	72cb9785-e770-4cc7-a35e-4da05e82322b	Cell		Positive	Annotation	Polygon	45.96	1658.3	17.6024	26.4815	0.3154	10.616	2.3402	NaN	5.7126	497	7.3578	37	0	37	140.8046	12250	24.2299	183	83	100	6.4023	557	7.5088	37	0	37	81.5924	51.7981	0.3821	24.575	4.3488	NaN	2.8359	4.8377	37	0	74.2197	43.2349	183	19	1.5732	4.412	37	0	2.0259	3.4499	17	0	55.4725	25.0679	143	19	0.2136	0.8826	11	0	0.2098	6	82.0927	18.9258	242.8614	2.9193	669.6104	2969.6123
71_9_FITC.tif	720a2441-b31c-48b9-a044-c7aa667f5429	Cell		Positive	Annotation	Polygon	48.9	1664.7	19.4662	26.5642	0.3467	12.7847	2.2225	NaN	2.1915	206	4.2103	22	0	22	168.734	15861	20.6039	204	110	94	3.6702	345	5.981	29	0	29	53.0144	57.7555	0.1997	27.9862	3.1339	NaN	1.5364	3.1064	22	0	120.046	45.3916	204	36	1.6513	4.037	29	0	1.1677	2.1916	11	0	92.6407	29.8559	167	36	0.515	1.3703	10	0	0.3505	5	12.5882	8.2911	26.1891	2.9193	26.7541	44.3026
71_9_FITC.tif	ebc22742-e6b2-46df-bd88-6e3c6ce45765	Cell		Positive	Annotation	Polygon	53.33	1664.2	23.4009	25.5321	0.4511	8.7441	3.9196	NaN	2.1917	263	3.2547	17	0	17	141.9667	17036	20.6275	168	87	81	2.3667	284	3.2846	17	0	17	94.0177	54.5441	0.3971	23.8363	5.7126	NaN	0.9209	2.2465	17	0	88.5626	38.5761	168	34	0.7978	2.0551	17	0	0.4657	1.5157	13	0	69.4328	21.8966	157	34	0.2358	0.8341	6	0	0.2536	9	37.5123	36.1328	78.8019	3.4006	287.9995	897.2313
71_9_FITC.tif	fa827e91-5989-4b8e-850e-23ed7d853b71	Cell		Positive	Annotation	Polygon	85.21	1678.2	54.464	46.9807	0.3101	22.534	3.4104	NaN	4.6302	1227	6.2133	37	0	37	140.2189	37158	31.411	199	62	137	5.1396	1362	6.2522	37	0	37	188.4495	74.8636	0.4225	35.2557	6.8339	NaN	2.6086	4.3453	37	0	66.6382	52.596	199	8	1.6206	4.1292	37	0	1.7805	2.9133	18	0	36.5008	19.1648	119	8	0.1793	0.9534	13	0	0.2855	7	39.0383	30.9366	81.4543	20.9799	242.1048	1050.4961
71_9_FITC.tif	708742c6-e904-4830-b068-aaca5954cf5f	Cell		Positive	Annotation	Polygon	42.76	1672.9	18.6379	33.2618	0.2117	16.397	1.944	NaN	10.6848	983	8.6836	38	0	38	173.3804	15951	24.5276	215	118	97	9.163	843	8.9323	40	0	40	92.361	64.8202	0.2762	31.7496	4.3322	NaN	11.6883	9.5001	42	0	91.5179	52.5082	215	20	2.4798	5.7474	40	0	11.9492	9.6955	42	0	70.2429	33.4682	185	20	0.7429	2.5312	22	0	0.1945	6	94.5311	16.9629	257.5489	9.0663	149.3573	513.9473
71_9_FITC.tif	17e57c0e-b78f-4c4e-bfab-2ea267aa7313	Cell		Positive	Annotation	Polygon	46.39	1682.6	19.6733	35.9537	0.1912	17.5535	1.8975	NaN	7.6364	756	7.6844	27	0	27	185.3333	18348	18.6755	212	130	82	9.3333	924	7.7801	26	0	26	48.4584	51.8243	0.2267	25.448	2.9614	NaN	4.0879	6.1553	27	0	130.9916	65.1163	212	20	4.1548	6.7548	26	0	1.5786	2.8159	13	0	92.5643	58.5122	191	20	0.4929	1.6857	11	0	0.4031	7	12.2021	10.1799	23.6374	1.8851	21.3833	36.3292
71_9_FITC.tif	faa3c912-6076-4c81-80e0-9c802158a89e	Cell		Positive	Annotation	Polygon	44.43	1684.8	6.6268	15.2981	0.3558	7.4133	1.2088	NaN	1.1176	38	1.5524	5	0	5	173.7059	5906	10.5156	185	144	41	0.8529	29	1.417	5	0	5	15.1174	22.1397	0.3876	10.1579	2.0384	NaN	2.9868	4.2692	17	0	154.8553	25.9701	187	85	0.4868	1.0893	5	0	4.5	5.1145	17	0	139.5952	24.7288	187	85	0.1905	0.5942	3	0	0.4139	3	7.2099	9.0663	10.6783	1.8851	7.3384	9.1296
71_9_FITC.tif	40b479a4-fec2-4bd3-abeb-28cec7d7a2f7	Cell		Positive	Annotation	Polygon	49.43	1685.9	15.3245	20.7515	0.4472	9.2145	2.4538	NaN	4.6	368	6.4956	28	0	28	174.3125	13945	18.8556	200	130	70	6.125	490	7.2955	28	0	28	50.5293	41.6985	0.3652	19.4261	3.3125	NaN	1.6842	4.2814	28	0	113.3117	55.6514	201	28	2.251	5.1586	28	0	0.2874	1.0126	8	0	84.0898	42.0486	201	28	0.3952	1.8464	16	0	0.3062	5	13.956	8.181	26.7462	3.6113	30.6505	45.5191
71_9_FITC.tif	43fcfa14-d031-4830-a000-3b41f4016704	Cell		Positive	Annotation	Polygon	52.57	1688.4	8.0764	16.1309	0.39	7.6755	1.2404	NaN	0.9762	41	1.7459	5	0	5	149.0238	6259	10.4263	167	129	38	1.0714	45	1.8662	7	0	7	60.4695	47.0804	0.3428	22.612	3.7277	NaN	0.9831	2.7389	24	0	114.9459	27.1657	167	49	1	2.7703	24	0	0.9843	2.8728	24	0	109.311	24.8638	160	49	0.9882	2.8954	24	0	0.1184	4	13.384	10.8826	28.1593	3.6113	28.6565	45.5191
71_9_FITC.tif	cda59e33-7c6e-4f90-9713-211732fd52ff	Cell		Positive	Annotation	Polygon	44.15	1697.1	5.3843	11.6867	0.4954	5.5582	1.2888	NaN	11.963	323	7.3719	28	0	28	142.8148	3856	9.344	157	118	39	3.2963	89	4.4877	16	0	16	44.1096	33.3967	0.497	15.068	3.5049	NaN	6.6359	6.1465	28	0	91.682	42.6981	157	15	1.0046	2.3619	16	0	5.8789	5.574	25	0	84.4158	40.5583	150	15	0.6789	1.6578	10	0	0.1081	7	113.9701	19.7116	432.3835	4.2734	306.3267	1248.3856
71_9_FITC.tif	aaab4610-01e3-4225-950a-9bc5a913462d	Cell		Positive	Annotation	Polygon	48.31	1701.4	13.4607	21.4544	0.3675	9.8302	1.8403	NaN	2.4861	179	4.3927	18	0	18	170.6667	12288	24.4154	212	119	93	3.6389	262	5.6676	22	0	22	63.1617	39.8205	0.5006	18.532	4.9107	NaN	2.7394	5.4734	29	0	117.5049	39.297	212	54	1.5342	3.8042	22	0	2.817	5.7702	29	0	101.217	26.5051	179	54	0.8894	2.7199	20	0	0.2189	7	14.3284	9.3422	40.5805	4.2734	37.8868	95.0595
71_9_FITC.tif	7689a010-7c54-4e3e-9e09-d4392b3aa848	Cell		Positive	Annotation	Polygon	76.7	1704.3	48.8726	60.1613	0.1697	29.6514	2.7463	NaN	9.5696	2268	12.0152	60	0	60	162.2194	38446	39.2132	232	72	160	9.8945	2345	12.5958	65	0	65	181.2015	90.5324	0.2778	43.1029	6.3319	NaN	3.2235	7.5517	60	0	70.6762	64.1021	232	1	2.8107	7.8651	65	0	0.8734	2.0958	16	0	36.7766	28.3915	138	1	0.1875	0.8387	11	0	0.2697	7	34.2253	30.9366	68.2005	9.0545	210.3442	897.2313
71_9_FITC.tif	61410af4-9a79-4080-a625-4c02281d6ee8	Cell		Positive	Annotation	Polygon	53.74	1703	9.9402	17.8868	0.3904	8.3017	1.5226	NaN	1.8269	95	2.0265	8	0	8	149.1154	7754	9.8531	165	126	39	1.75	91	1.9084	7	0	7	63.1617	46.7027	0.3639	22.4238	4.9477	NaN	1.1133	2.1884	14	0	104.4887	32.7416	165	17	1.0744	2.1238	14	0	0.9689	2.1953	14	0	95.4591	28.0007	144	17	0.9377	2.1424	14	0	0.148	5	20.3313	14.0502	42.1538	9.1607	115.3812	411.1905
71_9_FITC.tif	0c7d9c96-3ffe-4daa-9428-487f48fb7a23	Cell		Positive	Annotation	Polygon	54.73	1715.1	5.7984	15.2375	0.3138	7.3491	1.0643	NaN	3.9032	121	2.856	11	0	11	142.0968	4405	8.6693	158	123	35	3.871	120	2.8017	11	0	11	48.0443	35.4334	0.4809	16.3392	4.2561	NaN	1.8376	3.2187	16	0	77.4701	42.1278	158	15	1.735	3.1688	16	0	1.5222	3.1597	16	0	67.601	36.0153	145	15	1.4089	3.0999	16	0	0.1238	7	19.685	21.4342	24.8725	9.1607	70.8232	233.7439
71_9_FITC.tif	50017a1e-8e64-4723-b148-694953cee8a3	Cell		Positive	Annotation	Polygon	75.49	1715.7	1.0354	5.5547	0.4217	2.665	0.5006	NaN	0.7143	5	1.8898	5	0	5	91.4286	640	6.0514	98	83	15	1	7	1.8257	5	0	5	7.8693	13.1238	0.5742	6.0226	1.7283	NaN	0.1538	0.8124	5	0	75.5128	13.9376	101	50	0.2051	0.8329	5	0	0.0312	0.1768	1	0	72.0312	12.7012	101	50	0.0312	0.1768	1	0	0.1117	4	7.0859	7.9194	9.629	2.876	6.5717	10.7818
71_9_FITC.tif	38c5f9cf-2933-4327-ab84-078aa41bc96b	Cell		Positive	Annotation	Polygon	76.59	1719	1.0354	5.1259	0.4952	2.4614	0.4332	NaN	1.6	8	2.3022	5	0	5	98.6	493	8.5615	107	88	19	1.6	8	2.3022	5	0	5	2.485	7.7493	0.52	3.6589	0.9064	NaN	0.8571	1.7478	5	0	88.2143	11.7092	107	69	0.5714	1.5046	5	0	0.4444	1.3333	4	0	82.4444	9.0154	96	69	0	0	0	0	0.3041	4	15.9765	9.3355	42.3589	2.876	19.0294	50.8433
71_9_FITC.tif	acef22d2-edc2-4938-8ee7-bc1bce3c0285	Cell		Positive	Annotation	Polygon	73.55	1717.4	2.278	7.995	0.4478	3.7606	0.7969	NaN	2.2857	32	4.0654	14	0	14	88.9286	1245	9.401	104	69	35	2.2857	32	4.0654	14	0	14	18.0166	25.0861	0.3598	12.0038	2.1024	NaN	0.875	2.1271	14	0	57.5455	21.7419	104	26	0.4886	1.8194	14	0	0.6081	1.4124	7	0	51.6081	17.9724	88	26	0.1486	0.515	2	0	0.1096	7	20.7289	15.7442	63.8018	3.9263	120.0253	411.1905
71_9_FITC.tif	83538b38-9d36-4fb8-93f4-c5c41d8d2ace	Cell		Positive	Annotation	Polygon	72.79	1730.3	13.4607	26.91	0.2336	12.8772	1.783	NaN	2.0147	137	2.909	12	0	12	94.5	6426	13.1813	114	54	60	2	136	2.9625	12	0	12	79.3145	55.8495	0.3195	26.9689	4.1346	NaN	0.8747	2.0143	12	0	51.1149	30.3528	114	4	0.7467	1.9633	12	0	0.6286	1.6698	9	0	41.7492	24.251	98	4	0.4762	1.5502	10	0	0.17	6	54.5102	22.6901	244.7893	4.3244	549.1183	2580.0366
71_9_FITC.tif	c05e5dca-1210-45bd-9742-f718a918bd8e	Cell		Positive	Annotation	Polygon	76.38	1728.3	10.1473	21.2736	0.2818	8.3215	2.5133	NaN	1.7091	94	2.6574	12	0	12	95.5818	5257	7.044	111	85	26	1.3636	75	2.0126	8	0	8	50.7364	43.8543	0.3315	20.0323	3.9157	NaN	1.0161	2.4362	18	0	69.1084	25.1178	111	19	0.9438	2.2835	17	0	0.8196	2.3399	18	0	61.6031	23.248	105	19	0.8247	2.3458	17	0	0.1999	8	77.401	28.4123	249.9954	3.9263	796.1777	4692.3311
71_9_FITC.tif	b09f24cb-4089-4c2a-9804-8038c6e40ae6	Cell		Positive	Annotation	Polygon	53.44	1726.6	6.4197	12.2235	0.5399	5.6866	1.6596	NaN	7.2571	254	6.0359	21	0	21	120.9714	4234	17.4077	148	87	61	7.0857	248	6.1805	21	0	21	32.3056	27.5429	0.5351	12.7205	3.7112	NaN	2	4.3683	21	0	64.3063	41.1646	148	12	1.825	4.3329	21	0	0.528	2.1197	16	0	48.44	30.4902	134	12	0.352	1.8976	16	0	0.1982	3	10.9258	8.7152	16.2408	7.8215	12.4523	12.7945
71_9_FITC.tif	7b2e2a8b-6334-404d-a238-6bef7dbb94c2	Cell		Positive	Annotation	Polygon	50.76	1736.3	17.3953	22.5868	0.4285	10.0157	2.5907	NaN	4.7882	407	5.1757	27	0	27	146.6706	12467	27.1865	187	86	101	4.6235	393	5.0473	26	0	26	66.0609	47.0754	0.3746	22.8551	4.6505	NaN	1.8	3.5221	27	0	75.5219	53.8224	187	7	1.3563	3.3026	26	0	0.7191	1.6965	8	0	49.7872	34.3495	182	7	0.1745	0.6662	6	0	0.2495	7	73.6894	23.9539	389.2303	3.2016	179.0666	1045.7698
71_9_FITC.tif	25a65205-3693-4bd3-a84f-c7e19573d533	Cell		Positive	Annotation	Polygon	55.69	1737.2	14.4961	27.2847	0.2447	12.2052	2.041	NaN	4.8831	376	5.6171	23	0	23	132.8961	10233	18.1888	159	82	77	4.9091	378	5.6106	23	0	23	70.6168	54.1374	0.3028	26.18	4.0466	NaN	1.83	3.732	23	0	70.4813	43.0978	159	14	1.4294	3.5413	23	0	0.9593	2.3603	13	0	52.6815	29.3686	144	14	0.437	1.668	12	0	0.2167	5	12.8989	8.7152	24.8725	3.2016	59.5341	233.7439
71_9_FITC.tif	5ffa3cac-0b19-48f3-85e5-83db13bd7c77	Cell		Positive	Annotation	Polygon	52.73	1749.1	9.526	15.9879	0.4683	7.5691	1.9973	NaN	2.1765	111	2.2865	9	0	9	134.1176	6840	24.9781	174	86	88	2.3137	118	2.0735	8	0	8	49.4939	34.369	0.5265	15.8186	4.8378	NaN	0.959	1.9453	11	0	68.9098	43.0977	174	14	0.75	1.5579	8	0	0.6373	1.7118	11	0	51.6788	27.5755	157	14	0.3368	1.0634	8	0	0.1852	6	150.0969	128.231	381.6866	6.7379	1016.0528	2580.0366
71_9_FITC.tif	d29220c2-2480-4ee2-a469-f19f6c238ed3	Cell		Positive	Annotation	Polygon	117.62	1747	7.2481	15.4275	0.3827	7.3757	1.2923	NaN	2.4324	90	3.2706	11	0	11	88	3256	10.5909	104	64	40	2.4054	89	3.1838	10	0	10	50.7364	40.2261	0.394	19.0701	3.371	NaN	1.4008	2.6406	13	0	42.6761	27.8251	104	2	0.9109	2.4412	14	0	1.219	2.4785	13	0	34.6905	21.5461	98	2	0.6476	2.1917	14	0	0.1341	11	385.6334	320.636	768.215	3.5448	17381.2422	146923.4844
71_9_FITC.tif	21e307e6-2ef2-4921-b8f3-759cbb6a308a	Cell		Positive	Annotation	Polygon	113.78	1751.8	13.0465	23.9731	0.2853	10.1712	2.2646	NaN	2.6143	183	2.7678	12	0	12	88.0286	6162	11.9151	108	59	49	2.6143	183	2.8248	12	0	12	81.1783	55.6284	0.3297	26.9661	4.2847	NaN	0.944	1.837	12	0	47.4427	24.079	108	15	0.6845	1.6925	12	0	0.582	1.3147	9	0	38.6471	15.4831	91	15	0.2663	0.8901	7	0	0.1662	7	99.7577	81.4543	231.3544	3.5448	1017.442	4692.3311
71_9_FITC.tif	af81d379-812d-483e-b18c-d0bbf8b3a809	Cell		Positive	Annotation	Polygon	116.68	1761.9	9.7331	16.7447	0.4362	7.727	1.8506	NaN	2.4286	119	2.582	10	0	10	93.2041	4567	11.644	106	59	47	2.3673	116	2.5058	9	0	9	49.9081	36.7603	0.4641	16.9915	3.9704	NaN	1.2521	2.8486	19	0	48.3554	30.0206	106	6	1.0785	2.8339	19	0	0.9534	2.8418	19	0	36.9689	21.2999	105	6	0.7513	2.8248	19	0	0.196	5	343.5546	226.9438	742.1272	5.1254	8565.2461	40211.3555
71_9_FITC.tif	520cc650-f841-4ac0-9b66-e803136f853b	Cell		Positive	Annotation	Polygon	80.49	1970.2	23.4009	27.518	0.3883	12.9696	2.7552	NaN	3.4615	405	4.6322	21	0	21	110.9915	12986	20.9002	146	62	84	3.3675	394	4.6398	21	0	21	95.0531	51.751	0.446	23.0171	5.3458	NaN	1.462	3.1522	21	0	57.9197	37.687	146	11	1.2082	3.073	21	0	0.782	2.0594	14	0	39.8692	21.6685	117	11	0.4738	1.8036	14	0	0.248	7	109.5804	20.2732	248.0004	2.7213	627.6644	2580.0366
71_9_FITC.tif	bf0c7a90-00a0-4188-9325-e61fb38820e3	Cell		Positive	Annotation	Polygon	83.62	1974	5.1772	13.637	0.3498	6.3454	1.2537	NaN	5.4138	157	5.5389	18	0	18	98.7586	2864	15.9254	118	58	60	5.2414	152	5.4423	18	0	18	28.9922	33.1732	0.3311	16.1355	2.5688	NaN	1.8741	3.617	18	0	59.986	27.0433	118	11	1.4476	3.4122	18	0	0.9737	2.1919	11	0	50.1228	19.2933	94	11	0.4825	1.6306	11	0	0.1737	6	84.2569	10.6341	249.9954	2.7213	909.2734	4692.3311
71_9_FITC.tif	27b89b7e-85ed-4399-a697-772f6bf61818	Cell		Positive	Annotation	Polygon	86.41	1982.9	17.1883	28.407	0.2677	11.7598	2.4977	NaN	1.7841	157	2.428	10	0	10	93.7159	8247	13.2647	119	62	57	1.9432	171	2.5477	10	0	10	111.8272	60.8127	0.38	29.0011	5.4627	NaN	0.9834	1.9856	14	0	54.3002	26.4825	119	10	0.8361	1.9422	14	0	0.8286	1.8517	14	0	46.6769	21.0753	100	10	0.622	1.725	14	0	0.1471	6	195.3349	185.9001	553.4417	7.3605	11164.9033	40211.3555
71_9_FITC.tif	ae02fd13-8ce3-4fc7-abe5-46d27adb13fd	Cell		Positive	Annotation	Polygon	81.1	1982	0.6213	4.086	0.4676	1.9481	0.4484	NaN	0.25	1	0.5	1	0	1	104	416	2.708	106	100	6	1.5	6	1.9149	4	0	4	1.6567	6.0097	0.5764	2.6047	1.0274	NaN	0.4	0.9661	3	0	100.4	7.5011	107	84	1.3	1.567	4	0	0.5	1.2247	3	0	98	8.9219	107	84	1.1667	1.472	3	0	0.3002	4	6.4046	6.7108	8.7426	3.4541	4.9656	8.124
71_9_FITC.tif	10cf7905-9058-44a5-ac54-a280f677aae5	Cell		Positive	Annotation	Polygon	79.81	1986.9	1.8638	7.029	0.474	3.348	0.6738	NaN	2.3636	26	3.0421	10	0	10	92	1012	7.225	102	82	20	2.3636	26	3.0748	10	0	10	20.0875	24.1291	0.4336	11.3757	2.4872	NaN	0.6667	1.7321	10	0	49.3434	23.3002	102	20	0.4848	1.6185	10	0	0.4545	1.3806	9	0	44.0114	18.6205	93	20	0.25	1.1671	9	0	0.0749	5	8.7195	10.1068	14.7482	3.1094	19.2479	46.6636
71_9_FITC.tif	1b1d234c-817a-4b30-b0c9-fb59a002ef55	Cell		Positive	Annotation	Polygon	82.05	1992.1	8.0764	19.313	0.2721	9.4829	1.1941	NaN	4.4048	185	6.7102	27	0	27	100.1667	4207	13.0905	123	69	54	4.4762	188	6.729	27	0	27	53.0144	40.356	0.4091	19.2675	4.0138	NaN	1.2713	3.4012	27	0	59.3992	23.9531	123	16	1.2248	3.4387	27	0	0.662	1.7177	14	0	51.4722	16.2898	100	16	0.5926	1.7416	15	0	0.1514	6	30.2293	10.0686	138.4975	3.1094	128.3481	455.0309
71_9_FITC.tif	ef948aee-e982-4ae2-a23d-60aaa09f184e	Cell		Positive	Annotation	Polygon	72.7	1989.3	7.6622	16.3365	0.3608	7.6764	1.3309	NaN	6.5897	257	5.5285	20	0	20	75.4359	2942	17.6185	101	40	61	6.4359	251	5.4858	20	0	20	63.1617	46.5443	0.3664	22.4393	4.1369	NaN	1.2695	3.0096	20	0	26.4383	21.6447	101	3	1	2.938	20	0	0.4981	1.1513	5	0	19.3346	9.625	69	3	0.2119	0.8351	5	0	0.1138	5	83.9023	20.2732	248.1104	6.7272	693.7397	2133.0215
71_9_FITC.tif	969b7423-a224-42fa-ba88-7707bff65be1	Cell		Positive	Annotation	Polygon	74.5	2000.8	8.2835	15.518	0.4323	6.9223	1.8336	NaN	7.4667	336	7.8757	31	0	31	89.5111	4028	18.1754	120	55	65	7.8444	353	7.8247	31	0	31	66.0609	45.7219	0.3971	21.6482	4.6427	NaN	1.6231	4.0169	31	0	34.0031	26.3832	120	5	1.3614	4.035	31	0	0.6703	1.5339	9	0	24.9529	13.0663	79	5	0.3043	1.0727	8	0	0.1353	4	40.4903	13.7625	127.7091	6.7272	147.6743	455.0309
71_9_FITC.tif	8743081a-8057-4b97-bd0b-603e45516dbe	Cell		Positive	Annotation	Polygon	66.86	2126.2	10.9756	26.6136	0.1947	13.0296	1.4068	NaN	6.9286	388	7.5963	26	0	26	100.6964	5639	17.3613	128	63	65	6.7143	376	7.7288	26	0	26	111.6201	62.2614	0.3618	30.015	4.9148	NaN	4.7537	6.0484	26	0	48.7222	27.5536	128	5	1.413	4.0878	26	0	4.5021	5.8002	25	0	42.7087	21.5283	106	5	0.7996	2.8654	25	0	0.0981	9	323.3536	381.6866	709.6058	127.7091	3885.772	25699.4434
71_9_FITC.tif	b68032a6-641e-4609-8a89-18d666f41703	Cell		Positive	Annotation	Polygon	382.17	2443.1	30.0277	39.1594	0.2461	18.9098	2.5901	NaN	1.2517	189	2.2868	14	0	14	106.4967	16081	13.6332	128	69	59	2.3179	350	3.2932	15	0	15	129.0154	74.9234	0.2888	36.0347	5.6407	NaN	2.0192	3.3351	17	0	59.639	32.5946	128	15	0.9537	2.2406	15	0	2.2632	3.5727	17	0	44.7432	20.4994	117	15	0.52	1.5512	11	0	0.2403	5	622.7122	736.4563	1456.1737	6.4846	43843.3867	146923.4844
71_9_FITC.tif	d5cb3993-261c-4eec-893a-0dc69f9d4528	Cell		Positive	Annotation	Polygon	380.12	2453	8.0764	17.3154	0.3385	8.3922	1.3343	NaN	0.4048	17	0.7982	3	0	3	103.881	4363	10.9971	121	78	43	0.4048	17	0.7982	3	0	3	49.701	43.6751	0.3274	21.1095	3.2181	NaN	0.4795	1.0941	8	0	66.3156	26.1689	121	25	0.4344	1.0618	8	0	0.495	1.1471	8	0	58.505	21.1437	117	25	0.4406	1.1103	8	0	0.1594	6	354.7508	324.399	742.1272	6.4846	14168.9922	40211.3555
71_9_FITC.tif	507e0bca-7d72-4eb7-9c41-f6d1fbc32179	Cell		Positive	Annotation	Polygon	544.35	2177.7	11.5969	19.7515	0.3736	9.059	1.9116	NaN	12.3607	754	12.4245	44	0	44	91.6066	5588	30.131	145	34	111	12.2131	745	12.615	44	0	44	109.9634	55.1364	0.4545	26.0694	5.7754	NaN	2.2274	5.8599	44	0	25.9004	28.2006	145	1	1.5846	5.7515	44	0	0.9151	2.0088	12	0	17.3907	12.2349	78	1	0.2081	0.705	6	0	0.1105	6	695.0751	738.432	1267.1399	127.5274	39021.7188	81446.875
71_9_FITC.tif	b2c5cb01-5bb3-4812-bc2f-eb1c701750d1	Cell		Positive	Annotation	Polygon	464.53	2294.5	11.3898	21.8185	0.3007	10.6188	1.4042	NaN	14.6167	877	12.4847	46	0	46	97.8167	5869	30.9009	149	32	117	14.9167	895	12.8555	46	0	46	106.65	58.3563	0.3935	28.0277	5.129	NaN	2.6337	6.2814	46	0	22.4845	30.9692	149	2	1.9167	6.4521	46	0	1.057	1.7381	9	0	12.5724	10.721	74	2	0.2061	0.6868	5	0	0.1074	7	682.7589	177.6533	1544.7596	42.9638	47394.0234	144046.1406
71_9_FITC.tif	19c8d8f5-9cdb-43ee-9064-594d57c3846d	Cell		Positive	Annotation	Polygon	507.08	2300	8.6977	18.5454	0.3178	9.0212	1.3905	NaN	9.1304	420	10.0523	33	0	33	66.5652	3062	23.9041	111	28	83	9.1739	422	10.4612	34	0	34	96.2956	54.1218	0.4131	26.0138	4.8831	NaN	2.4335	4.5679	33	0	17.6266	18.9969	111	2	1.2124	4.3155	34	0	1.7	2.6154	16	0	12.2667	6.885	51	2	0.3405	1.0927	8	0	0.0839	3	122.4566	127.5274	196.8786	42.9638	3138.3101	3573.8489
