Image	Object ID	Object type	Name	Classification	Parent	ROI	Centroid X µm	Centroid Y µm	Nucleus: Area	Nucleus: Perimeter	Nucleus: Circularity	Nucleus: Max caliper	Nucleus: Min caliper	Nucleus: Eccentricity	Nucleus: Red mean	Nucleus: Red sum	Nucleus: Red std dev	Nucleus: Red max	Nucleus: Red min	Nucleus: Red range	Nucleus: Green mean	Nucleus: Green sum	Nucleus: Green std dev	Nucleus: Green max	Nucleus: Green min	Nucleus: Green range	Nucleus: Blue mean	Nucleus: Blue sum	Nucleus: Blue std dev	Nucleus: Blue max	Nucleus: Blue min	Nucleus: Blue range	Cell: Area	Cell: Perimeter	Cell: Circularity	Cell: Max caliper	Cell: Min caliper	Cell: Eccentricity	Cell: Red mean	Cell: Red std dev	Cell: Red max	Cell: Red min	Cell: Green mean	Cell: Green std dev	Cell: Green max	Cell: Green min	Cell: Blue mean	Cell: Blue std dev	Cell: Blue max	Cell: Blue min	Cytoplasm: Red mean	Cytoplasm: Red std dev	Cytoplasm: Red max	Cytoplasm: Red min	Cytoplasm: Green mean	Cytoplasm: Green std dev	Cytoplasm: Green max	Cytoplasm: Green min	Cytoplasm: Blue mean	Cytoplasm: Blue std dev	Cytoplasm: Blue max	Cytoplasm: Blue min	Nucleus/Cell area ratio	Delaunay: Num neighbors	Delaunay: Mean distance	Delaunay: Median distance	Delaunay: Max distance	Delaunay: Min distance	Delaunay: Mean triangle area	Delaunay: Max triangle area
78_3_FITC.tif	3ac8ce03-3753-42d2-9b49-dd2986127402	Cell		Positive	Annotation	Polygon	379.25	608.13	4.3488	12.9949	0.3236	6.358	0.8771	NaN	15.7083	377	14.017	44	0	44	68.8333	1652	21.7928	105	31	74	15.4583	371	14.0155	43	0	43	76.8294	48.067	0.4179	23.0029	4.3488	NaN	1.7957	5.3221	44	0	12.4113	17.5475	105	0	1.2177	5.1723	43	0	0.8362	1.7176	11	0	8.5201	7.8972	43	0	0.2356	0.768	5	0	0.0522	6	155.4894	126.8492	284.3474	82.9279	1492.969	4115.8276
78_3_FITC.tif	20ae21de-4755-49da-8e57-1397d2972709	Cell		Positive	Annotation	Polygon	406.24	695.82	32.9269	47.7326	0.1816	22.9519	2.2004	NaN	22.4286	3611	25.0656	97	0	97	182.6211	29402	43.2959	243	63	180	22.8075	3672	25.145	97	0	97	130.6721	82.2917	0.2425	40.0056	4.5126	NaN	5.9304	15.9094	97	0	64.3386	78.4054	243	1	5.875	16.0825	97	0	0.2909	0.9029	5	0	23.9066	34.4134	185	1	0.087	0.4736	6	0	0.2519	5	7.6546	8.0359	12.5493	3.4505	25.3963	50.0507
78_3_FITC.tif	4ce75e0b-3f1a-4ceb-8934-3cffe3eef221	Cell		Positive	Annotation	Polygon	404.06	683.4	1.0354	3.8289	0.8876	1.6777	0.502	NaN	0.4	2	0.5477	1	0	1	71.6	358	8.0808	83	62	21	0.4	2	0.5477	1	0	1	14.7032	22.1876	0.3753	10.713	1.8686	NaN	0.2568	0.7949	5	0	40.4595	20.4063	91	11	0.3108	0.8264	5	0	0.2464	0.8118	5	0	38.2029	19.15	91	11	0.3043	0.8455	5	0	0.0388	4	26.9495	9.905	82.9279	5.06	114.0232	331.4243
78_3_FITC.tif	69cfc304-32e7-4021-b488-76adaf0f2fc8	Cell		Positive	Annotation	Polygon	402.99	691.78	3.9347	12.4838	0.3173	6.1103	0.8614	NaN	0.3333	7	0.9129	4	0	4	72.8571	1530	13.6758	94	52	42	0.5238	11	1.0779	4	0	4	28.1639	30.7796	0.3736	14.7667	2.6975	NaN	0.9137	1.6307	7	0	35.8058	25.6616	106	9	0.518	1.1878	5	0	1.0169	1.7096	7	0	29.2119	21.3188	106	9	0.5169	1.2106	5	0	0.134	5	36.4902	7.7953	87.6002	3.4505	337.7379	1528.2992
78_3_FITC.tif	ceaca9c4-1ed8-43ef-b851-a0645d0506db	Cell		Positive	Annotation	Polygon	414.41	688.52	1.6567	7.4497	0.3751	3.5826	0.7578	NaN	0.0909	1	0.3015	1	0	1	85.8182	944	13.8334	111	69	42	0.0909	1	0.3015	1	0	1	25.4717	26.7148	0.4485	12.3844	2.9622	NaN	0.119	0.4666	3	0	36.0794	25.0882	121	10	0.127	0.5213	3	0	0.1217	0.4803	3	0	31.3217	20.2933	121	10	0.1304	0.5384	3	0	0.0558	6	54.2836	11.6209	193.2135	8.2585	362.1943	1406.5139
78_3_FITC.tif	7dd10240-a33b-4458-837e-a88769027a38	Cell		Positive	Annotation	Polygon	415.56	702.57	36.6545	41.8449	0.2631	18.4587	3.5586	NaN	14.7486	2640	17.3852	59	0	59	172.4078	30861	48.9536	246	63	183	16.324	2922	18.1444	63	0	63	141.4407	93.8829	0.2017	33.2647	7.0371	NaN	4.1401	10.9298	59	0	62.1255	73.945	246	0	4.4073	11.6843	63	0	0.3874	1.1258	7	0	23.1126	26.9318	179	0	0.1917	0.8541	9	0	0.2587	5	203.2678	185.7841	439.0419	3.5343	5603.5474	18764.0312
78_3_FITC.tif	7e3f1260-6a2c-4ca0-be5a-2227c94043fa	Cell		Positive	Annotation	Polygon	403.36	702.29	1.6567	7.1086	0.412	3.3941	0.5946	NaN	0.1	1	0.3162	1	0	1	89.6	896	17.9456	123	66	57	0.1	1	0.3162	1	0	1	17.3953	23.4232	0.3984	11.1562	2.3925	NaN	0.908	1.604	7	0	41.1264	29.7645	123	9	0.1379	0.5535	3	0	1.013	1.6741	7	0	34.8312	24.7999	122	9	0.1429	0.5784	3	0	0.0755	4	23.7052	9.3515	70.9474	5.1704	119.4045	377.479
78_3_FITC.tif	8971dfc9-9240-406e-9339-a715d1ffd76f	Cell		Positive	Annotation	Polygon	413.58	707.42	1.2425	5.8967	0.449	2.8483	0.5501	NaN	0.5714	4	0.7868	2	0	2	98	686	14.2361	117	77	40	0.5714	4	0.7868	2	0	2	8.6977	18.1202	0.3329	8.792	1.2167	NaN	0.2955	0.9784	6	0	48.5	35.7169	132	8	0.8864	1.6313	6	0	0.2432	1.0112	6	0	39.1351	30.3875	132	8	0.9459	1.7472	6	0	0.1051	6	80.7149	12.0085	376.4592	3.5343	860.6384	4443.4038
78_3_FITC.tif	fd924ba2-2832-4eb6-b8ed-e33dd98317d9	Cell		Positive	Annotation	Polygon	390.18	769.62	4.3488	10.1281	0.5328	4.6551	1.4021	NaN	20.2917	487	21.2449	71	0	71	76.9167	1846	28.6583	132	36	96	19.6667	472	21.7549	71	0	71	78.9003	44.8157	0.4937	21.0125	4.9322	NaN	2.2565	7.196	71	0	18.4162	17.73	132	3	1.4424	7.1681	71	0	1.0475	1.6888	7	0	14.4944	6.0893	51	3	0.2207	0.721	5	0	0.056	7	130.3612	78.5451	312.1218	69.3713	2979.9109	8475.8301
78_3_FITC.tif	8f959596-7148-49f4-8cc4-fa13556faeac	Cell		Positive	Annotation	Polygon	343.38	829.65	25.6788	31.0874	0.3339	14.8491	2.6756	NaN	9.4077	1223	9.0311	43	0	43	139.1923	18095	37.8617	198	35	163	10.4462	1358	9.1762	43	0	43	148.0675	65.1377	0.4385	31.011	6.5855	NaN	3.2821	5.3906	43	0	45.1089	50.1356	198	2	2.0112	5.5922	43	0	1.9232	2.7098	14	0	24.2372	18.7786	110	2	0.1399	0.5796	4	0	0.1715	6	138.378	117.5122	224.3629	76.2132	1392.5284	4115.8276
78_3_FITC.tif	e3387db0-c344-4bba-b08b-cb64d81e3341	Cell		Positive	Annotation	Polygon	516.23	857.23	21.5371	27.9879	0.3455	12.865	2.3351	NaN	15.5333	1631	18.4235	56	0	56	143.6381	15082	43.7919	214	64	150	15.8286	1662	18.708	60	0	60	131.5005	61.2764	0.4401	29.0142	5.8681	NaN	3.7689	9.4553	56	0	45.8553	50.8232	214	0	3.0314	9.6391	60	0	1.4426	2.7694	21	0	26.5198	21.2035	125	0	0.5009	1.9449	21	0	0.1557	7	296.276	284.3474	526.3232	185.7841	6730.8169	18764.0312
78_3_FITC.tif	fd96dff3-deac-432f-9327-fffe8042bfc6	Cell		Positive	Annotation	Polygon	345.81	904.53	6.8339	15.277	0.368	7.2956	1.6549	NaN	5.2821	206	5.6891	21	0	21	75.3077	2937	15.9195	99	43	56	5.3333	208	5.6117	21	0	21	67.9247	49.3661	0.3503	23.8473	4.2013	NaN	2.3009	3.9974	21	0	31.5471	24.1996	99	3	1.4134	3.5732	21	0	1.9	3.5383	21	0	25.6621	18.3888	94	3	0.8862	2.828	21	0	0.096	6	88.3007	78.357	187.2876	4.6366	2226.0762	8475.8301
78_3_FITC.tif	438f83d4-4ce8-487d-a946-244bfe5b7a73	Cell		Positive	Annotation	Polygon	343.46	912.42	7.041	14.7283	0.4079	6.9273	1.1635	NaN	9.1389	329	9.8942	32	0	32	82.7222	2978	18.3266	115	49	66	9.2778	334	10.0644	32	0	32	58.1916	45.6699	0.3506	21.9978	3.6999	NaN	1.9752	4.7652	32	0	39.6454	24.1623	115	8	1.8085	4.8777	32	0	0.9268	1.848	12	0	33.3415	17.5801	80	8	0.7154	1.8495	12	0	0.1105	4	48.414	54.1341	80.7512	4.6366	312.8226	863.975
78_3_FITC.tif	1170c9f8-edef-4090-afa8-7cd1458b012b	Cell		Positive	Annotation	Polygon	343.13	943.6	9.526	18.0852	0.366	8.1079	1.7342	NaN	2.0189	107	3.2075	16	0	16	74.434	3945	11.2993	96	46	50	1.9811	105	3.2433	16	0	16	101.887	52.7178	0.4607	25.0098	5.3821	NaN	1.2495	2.7194	16	0	42.1318	17.4391	96	10	0.8763	2.2683	16	0	1.1568	2.6437	16	0	38.2409	13.5857	81	10	0.7432	2.0869	15	0	0.0963	4	39.3416	40.1991	43.8419	33.1262	198.5378	419.1075
78_3_FITC.tif	7a4bf65e-881f-438d-bd9c-a0529131ca52	Cell		Positive	Annotation	Polygon	323.26	982.8	4.763	11.4834	0.4539	5.3851	1.1817	NaN	25.3462	659	22.7578	69	0	69	97.5385	2536	28.3397	145	48	97	25.2308	656	22.6014	69	0	69	78.279	46.4169	0.4566	22.018	4.5559	NaN	2.8021	8.6734	69	0	22.1082	23.0647	145	2	1.8127	8.6284	69	0	1.1416	1.9224	8	0	16.5524	7.9382	57	2	0.0878	0.4206	5	0	0.0572	6	72.8015	69.5974	154.2732	19.913	528.4519	863.975
78_3_FITC.tif	5bc3978b-6878-48e9-ace3-0d70e7af982b	Cell		Positive	Annotation	Polygon	342.8	986.25	15.3245	19.1708	0.524	8.6765	2.2321	NaN	4.05	324	4.6685	21	0	21	81.4875	6519	16.0939	105	42	63	3.9625	317	4.67	21	0	21	115.9689	55.5602	0.4721	26.0034	5.5914	NaN	1.3018	2.6244	21	0	34.4554	22.8514	105	7	0.7571	2.3069	21	0	0.8438	1.7238	8	0	26.6167	11.6477	68	7	0.2229	0.7823	6	0	0.1301	6	77.1726	77.8129	127.3865	19.913	1499.9979	4502.7573
78_3_FITC.tif	748787d7-9eb7-46ef-be40-e823db28d217	Cell		Positive	Annotation	Polygon	313.9	1045.8	4.9701	12.8572	0.3778	6.021	0.9901	NaN	18.963	512	20.3517	69	0	69	76.7778	2073	28.754	132	31	101	18.5556	501	21.2772	70	0	70	83.4562	48.8294	0.4399	23.0238	4.5095	NaN	2.7667	7.1956	69	0	19.732	18.5167	132	2	1.4094	7.1277	70	0	1.6037	2.5581	12	0	15.6356	7.6878	61	2	0.1782	0.622	6	0	0.0555	5	102.7934	64.0528	218.3212	26.5297	392.1407	759.0156
78_3_FITC.tif	5daf31f6-c08b-4155-9a77-ea575bb7ac95	Cell		Positive	Annotation	Polygon	335.71	1061.2	9.3189	17.4725	0.3836	8.2806	1.7278	NaN	6.1176	312	5.5485	19	0	19	79.4118	4050	17.4736	112	46	66	6.4118	327	5.4669	20	0	20	99.8161	52.6106	0.4532	25.0421	5.3599	NaN	1.2282	2.8295	19	0	32.1618	21.0288	112	3	1.1639	2.838	20	0	0.6497	1.4849	10	0	26.5708	12.7684	71	3	0.5429	1.3716	9	0	0.0959	6	63.2727	63.9844	110.7831	26.5297	697.0457	1077.2992
78_3_FITC.tif	a4ef6e84-b90a-4c89-843c-a9d61157f5ec	Cell		Positive	Annotation	Polygon	411.96	1076.7	6.6268	15.3992	0.3512	7.3955	1.3594	NaN	6.75	243	7.3732	27	0	27	99.3056	3575	24.2779	132	45	87	7.1944	259	8.0101	27	0	27	51.5648	34.3756	0.5484	15.8384	4.6771	NaN	3.2191	4.3676	27	0	38.6215	31.4478	132	6	1.1873	3.9203	27	0	2.6279	3.3083	16	0	28.4605	18.3223	123	6	0.1814	0.6111	4	0	0.1298	9	182.3263	117.3255	379.7201	6.2608	3520.1101	8647.2334
78_3_FITC.tif	b2dd4d53-cf10-4ad1-869b-a1832d84eb0e	Cell		Positive	Annotation	Polygon	311.83	1086.5	7.4551	16.0831	0.3622	7.5505	1.2576	NaN	8.8293	362	10.0422	37	0	37	80.2439	3290	17.3173	108	41	67	8.6341	354	9.9493	36	0	36	92.9822	52.4541	0.4247	25.01	4.9326	NaN	2.4156	4.7773	37	0	27.6444	21.9369	108	4	1.4044	4.5746	36	0	1.7726	3.2682	26	0	22.3716	13.9387	86	4	0.6797	2.7471	26	0	0.0797	4	70.9329	62.3844	124.1943	34.7685	756.8987	1213.3002
78_3_FITC.tif	6c36489c-4b3a-4b14-a819-ebd411a539fb	Cell		Positive	Annotation	Polygon	412.08	1089.4	9.7331	14.3225	0.5962	5.529	2.679	NaN	10.7115	557	7.9517	30	0	30	105.2692	5474	29.5748	154	44	110	9.8846	514	8.6084	30	0	30	80.7641	49.6773	0.4113	18.465	6.2004	NaN	4.4692	5.1008	30	0	36.5692	32.0257	154	6	1.5897	4.6165	30	0	3.5089	3.6779	16	0	26	14.5339	114	6	0.3136	1.0657	7	0	0.1274	5	168.0733	105.4736	454.1555	6.2608	5896.5039	13696.9658
78_3_FITC.tif	94f5d7d0-4a10-44cd-97be-b506e0287d66	Cell		Positive	Annotation	Polygon	512.52	1109.8	10.3544	16.1878	0.4965	7.0246	2.0168	NaN	15.2075	806	12.039	37	0	37	109.0189	5778	27.7353	158	55	103	13.6981	726	12.7831	39	0	39	101.6799	50.2188	0.5067	23.0547	5.5812	NaN	3.5691	6.3343	37	0	32.4756	31.5403	158	1	1.7317	5.9865	39	0	2.164	3.0663	16	0	23.2346	15.1425	83	1	0.287	1.1644	12	0	0.0997	5	168.6053	189.2332	252.4933	62.2239	7972.9961	11521.2441
78_3_FITC.tif	52f5bf33-9bc5-429a-b163-586bff2a020b	Cell		Positive	Annotation	Polygon	340.98	1113.5	7.041	16.6932	0.3175	8.0725	1.2008	NaN	12.6154	492	11.3546	38	0	38	80.3333	3133	22.5124	120	40	80	12.6667	494	12.4548	43	0	43	91.7397	52.6054	0.4166	25.0088	4.9111	NaN	2.1284	5.0038	38	0	24.9955	20.5445	120	5	1.3176	5.1203	43	0	1.1185	1.9206	9	0	19.6667	9.543	59	5	0.2247	0.7253	5	0	0.0755	5	75.3248	61.4531	127.3865	52.7104	1715.4506	4502.7573
78_3_FITC.tif	4e2dff37-2a4e-4f86-9f4f-0738100968a1	Cell		Positive	Annotation	Polygon	457.17	1138.3	10.3544	15.9121	0.5139	7.2181	2.4286	NaN	18.0179	1009	15.8705	51	0	51	115.5	6468	33.074	168	47	121	18.7679	1051	16.6995	51	0	51	106.65	51.414	0.507	24.0013	6.0041	NaN	2.499	7.6091	51	0	31.8511	34.3664	168	0	2.1838	7.9813	51	0	0.6139	1.3966	7	0	21.6898	15.4511	98	0	0.1692	0.7501	7	0	0.1033	6	180.1072	112.0582	439.0419	62.2239	7019.7114	18764.0312
78_3_FITC.tif	a938713b-1f41-4795-b58b-ba11cbc321b0	Cell		Positive	Annotation	Polygon	346.84	1170.3	28.371	35.3399	0.2855	13.0878	4.3048	NaN	16.4468	2319	20.2253	85	0	85	151.0567	21299	57.0835	233	34	199	17.5248	2471	20.5192	85	0	85	173.9534	65.9478	0.5026	30.0602	8.019	NaN	3.3119	10.2294	85	0	47.3964	55.9652	233	3	3.1357	10.6118	85	0	0.6624	1.3607	7	0	26.4864	22.4219	157	3	0.2332	0.8056	7	0	0.1637	6	177.4427	107.9864	390.1529	29.2473	4146.2832	13696.9658
78_3_FITC.tif	6198c09c-c19c-4172-8b23-18677a1ffd2d	Cell		Positive	Annotation	Polygon	317.63	1170.5	9.9402	15.072	0.5499	6.9375	1.9778	NaN	15.74	787	15.5482	61	0	61	110.48	5524	23.9295	149	65	84	16.38	819	15.8422	61	0	61	99.4019	50.9082	0.482	24.0143	5.3843	NaN	3	7.0073	61	0	36.7188	29.5167	149	4	1.8979	7.1208	61	0	1.5186	2.4691	11	0	28.1419	14.1253	89	4	0.214	0.8141	9	0	0.0939	7	156.3508	84.2389	392.9415	29.2473	4347.4312	16633.2109
78_3_FITC.tif	6f0ef498-f092-43f6-a7d9-b0dbe6f81044	Cell		Positive	Annotation	Polygon	596.24	1192.4	9.9402	19.7653	0.3197	9.351	1.416	NaN	14.9808	779	17.9635	62	0	62	109.5769	5698	33.5187	175	52	123	13.7885	717	18.2202	62	0	62	105.2004	56.1472	0.4193	27.0001	5.2504	NaN	3.1004	7.4206	62	0	40.2362	29.5698	175	4	1.811	7.1752	62	0	1.7456	2.6868	14	0	32.3289	15.3691	97	4	0.4452	1.3753	13	0	0.0968	5	189.869	171.4228	344.662	117.7524	5009.0986	10725.6855
78_3_FITC.tif	86d43736-906a-4b32-9859-10adbec0adfd	Cell		Positive	Annotation	Polygon	291.41	1209	5.3843	12.1061	0.4617	5.7849	1.1829	NaN	21.8889	591	22.3664	70	0	70	97.7407	2639	28.1815	146	58	88	22	594	22.0559	69	0	69	77.6578	46.4542	0.4522	22.0051	4.5554	NaN	3.9069	8.1365	70	0	25.6649	23.5509	146	3	1.758	8.1203	69	0	2.5158	2.6333	10	0	20.0888	10.2031	62	3	0.192	0.6784	5	0	0.0585	4	166.1939	144.3639	329.4964	46.5517	1906.2589	4224.7139
78_3_FITC.tif	a82e5db1-f7bd-43ae-b8f6-5e0fd87579cd	Cell		Positive	Annotation	Polygon	452.95	1289.4	13.2536	18.6156	0.4806	8.7271	1.9484	NaN	4.5652	315	4.7604	17	0	17	75.8406	5233	14.7585	102	47	55	4.3913	303	4.6502	17	0	17	108.5138	53.2616	0.4807	25.0116	5.3843	NaN	1.7099	2.8899	17	0	28.7863	22.1526	102	4	0.8607	2.3858	17	0	1.2769	2.1908	14	0	21.6505	12.0483	64	4	0.3253	1.066	8	0	0.1199	7	300.4749	206.3237	650.1223	121.8478	13977.4131	37726.8477
78_3_FITC.tif	8b35bf5d-2ebc-40c8-b38a-2b6e068379a9	Cell		Positive	Annotation	Polygon	570.04	1323.7	8.9048	16.7827	0.3973	7.2262	1.9062	NaN	7.7255	394	7.0458	26	0	26	68.1176	3474	18.9184	104	32	72	6.5882	336	7.2503	26	0	26	102.9224	51.77	0.4826	24.0353	5.5115	NaN	3.6974	4.0343	26	0	24.8657	18.0342	104	2	1.018	3.1377	26	0	3.2388	3.2431	16	0	19.942	9.1962	54	2	0.3839	1.0702	6	0	0.0943	8	346.2167	220.6073	734.8367	83.9189	16859.1523	37726.8477
78_3_FITC.tif	2b90aa0d-cd43-45ff-aa55-8cc292542887	Cell		Positive	Annotation	Polygon	647.19	1356.1	7.041	14.7225	0.4082	7.0014	1.3246	NaN	4.7027	174	5.5119	18	0	18	78.1351	2891	14.6972	103	46	57	3.8649	143	5.1053	17	0	17	86.5625	50.3863	0.4285	24.011	4.9371	NaN	2.7262	4.0254	20	0	44.7119	18.5572	103	16	0.869	2.417	17	0	2.5352	3.8073	20	0	41.483	15.4503	82	16	0.5796	1.7315	14	0	0.0753	4	109.0793	127.1731	171.4228	10.5483	3066.1592	6460.3931
78_3_FITC.tif	254db4d6-a5f0-443e-ae47-fb9e35b388e9	Cell		Positive	Annotation	Polygon	650.98	1366.6	8.0764	16.8944	0.3556	8.2395	1.402	NaN	5.2683	216	4.0189	14	0	14	74.2195	3043	12.1851	95	53	42	3.8293	157	3.584	13	0	13	89.4617	52.3119	0.4108	25.0148	4.7391	NaN	2.6968	3.6618	19	0	37.2662	17.6402	95	10	0.9444	2.2369	15	0	2.4271	3.5205	19	0	33.3913	13.0403	85	10	0.6419	1.8016	15	0	0.0818	5	207.1443	160.4051	526.3232	10.5483	668.5726	2218.2935
78_3_FITC.tif	40d06fad-0173-412c-b9dc-53a609ee0bd4	Cell		Positive	Annotation	Polygon	656.41	1519.8	13.6678	26.0586	0.2529	11.4191	2.1089	NaN	11.6571	816	13.7048	48	0	48	133.1143	9318	43.0899	201	64	137	12.1286	849	13.8186	48	0	48	85.1129	55.2341	0.3506	25.7496	5.0021	NaN	2.57	7.1004	48	0	47.8261	45.6206	201	10	2.2077	7.2436	48	0	0.7209	1.6245	9	0	30.4709	18.5979	126	10	0.189	0.7688	8	0	0.1619	3	187.8582	156.4851	402.7851	4.3044	250.2035	359.5487
78_3_FITC.tif	87ca150d-dd55-4ef7-89da-c48f63f7051d	Cell		Positive	Annotation	Polygon	653.92	1529	16.3599	21.5165	0.4441	9.0126	2.2371	NaN	5.0941	433	6.2899	24	0	24	118.8824	10105	30.0164	169	51	118	5.3294	453	6.1902	24	0	24	80.7641	51.5001	0.3827	23.7423	4.8723	NaN	2.1421	3.9099	24	0	47.5838	43.2954	169	4	1.3832	3.6526	24	0	1.3301	2.3771	12	0	27.9709	18.901	158	4	0.2977	1.0454	11	0	0.1979	6	248.8671	195.1592	539.3022	4.3044	10049.1123	31560.7148
78_3_FITC.tif	4c0d54e2-41dd-4f0e-8d0d-651d7532e03f	Cell		Positive	Annotation	Polygon	286.45	1538.3	4.5559	10.5533	0.5141	4.9531	1.1135	NaN	15.5652	358	14.8502	46	0	46	70.3478	1618	20.6279	108	39	69	15.8696	365	15.3661	47	0	47	74.5515	44.7524	0.4678	21.0175	4.5559	NaN	2.1108	5.509	46	0	18.1994	16.4256	108	1	1.2632	5.4278	47	0	1.1953	2.1973	13	0	14.6509	7.887	40	1	0.2692	0.7113	4	0	0.0503	6	338.4555	316.7988	843.6132	91.0611	14267.376	39758.9688
78_3_FITC.tif	744ff008-d692-4fa7-bf24-18b5de093e01	Cell		Positive	Annotation	Polygon	385.95	1540.2	5.5914	13.7305	0.3727	6.65	1.1132	NaN	14.8214	415	14.6895	49	0	49	78.8214	2207	19.6262	117	47	70	12.3571	346	12.9707	44	0	44	76.0011	47.9418	0.4155	23.0022	4.5559	NaN	3.587	6.0478	49	0	32.6848	19.2663	117	10	1.4565	5.1319	44	0	2.6618	3.3357	17	0	28.8853	13.4492	81	10	0.5588	2.1188	17	0	0.0662	6	232.5609	267.0352	454.1555	13.0914	6948.0957	13696.9658
78_3_FITC.tif	06939700-5158-44e5-b60b-8244cba8fbcd	Cell		Positive	Annotation	Polygon	383.19	1554.2	7.2481	15.446	0.3818	7.4703	1.205	NaN	12.0556	434	12.3888	43	0	43	87.6389	3155	22.3315	127	46	81	11.3889	410	12.9555	43	0	43	79.1074	49.727	0.402	24.0017	4.5559	NaN	3.7963	5.472	43	0	33.0679	20.9227	127	8	1.2115	5.144	43	0	2.9395	3.1143	12	0	27.4063	9.5324	66	8	0.1556	0.583	4	0	0.0791	4	74.8363	13.8357	261.6593	10.0143	459.5995	1212.3459
78_3_FITC.tif	1ef6cd4a-448a-405c-a484-aa5bcfd33dc4	Cell		Positive	Annotation	Polygon	374.86	1556.7	6.2126	15.3392	0.3318	7.4383	1.2652	NaN	9.5152	314	9.6278	30	0	30	85.7879	2831	19.4611	118	49	69	9.2727	306	9.7573	30	0	30	65.0254	44.7534	0.408	21.4566	4.7495	NaN	3.1987	4.955	30	0	31.3218	22.9255	118	6	1.1893	4.2741	30	0	2.4648	3.4265	15	0	24.993	12.5667	74	6	0.25	1.0621	11	0	0.0914	6	152.0447	56.2812	392.9415	6.5975	4173.6182	16633.2109
78_3_FITC.tif	92cd812d-83fb-4df9-acdc-53ed044aded9	Cell		Positive	Annotation	Polygon	375.95	1568.8	2.8992	8.4392	0.5115	3.9936	0.9212	NaN	17.6667	265	14.3709	44	0	44	78.6	1179	23.7721	117	45	72	15.3333	230	14.4749	43	0	43	40.1749	32.6894	0.4724	15.5193	3.6774	NaN	2.841	6.1836	44	0	26.9487	17.6126	117	6	1.3897	5.6452	43	0	1.6056	2.3098	14	0	22.6444	7.0573	63	6	0.2278	0.7077	3	0	0.0631	4	91.2433	53.9007	250.5742	6.5975	2990.1355	10432.9785
78_3_FITC.tif	f64f76c8-27f3-4f76-9543-de1f2ba71892	Cell		Positive	Annotation	Polygon	417.5	1812.9	6.4197	15.1934	0.3495	7.3885	1.1924	NaN	15.5455	513	16.2155	51	0	51	83.0909	2742	26.2278	130	36	94	15.5152	512	16.2156	51	0	51	84.6987	50.2602	0.4213	24.0222	4.5559	NaN	1.8394	6.2523	51	0	18.0146	22.6118	130	1	1.5158	6.2012	51	0	0.6429	1.5215	9	0	12.3333	9.7262	56	1	0.2937	0.9219	8	0	0.0702	8	307.0295	267.8709	562.4436	136.8544	12123.2354	39758.9688
78_3_FITC.tif	92a386f2-0e4b-449d-9703-e5e52e2eb02e	Cell		Positive	Annotation	Polygon	668.39	1925.3	9.526	15.2622	0.5139	7.1158	1.9035	NaN	12.84	642	13.3743	50	0	50	99.54	4977	26.2159	150	47	103	12.8	640	13.3478	50	0	50	97.5382	50.7476	0.4759	24.0111	5.3843	NaN	2.1949	5.956	50	0	29.9068	28.1166	150	3	1.5826	5.8427	50	0	0.9336	1.9532	10	0	21.6564	12.6627	77	3	0.2536	0.8607	6	0	0.0951	5	364.5574	398.8723	500.4496	168.5369	9677.9268	21501.2344
78_3_FITC.tif	91b63581-53fc-48e1-a366-11208af36d9a	Cell		Positive	Annotation	Polygon	469.3	1934.4	13.6678	23.2515	0.3177	10.5056	2.6003	NaN	6.6761	474	11.5422	43	0	43	154.5211	10971	46.9905	223	65	158	7.2958	518	12.4973	46	0	46	66.8892	44.9669	0.4157	20.2375	5.4424	NaN	2.44	6.1609	43	0	66.1569	58.2147	223	6	1.9846	6.5816	46	0	1.2559	2.3034	13	0	41.4567	30.4188	192	6	0.5	1.4603	13	0	0.2017	5	284.7924	136.8544	650.1223	6.0145	10941.4951	37726.8477
78_3_FITC.tif	89ad735a-0332-4744-84b9-26734c48475b	Cell		Positive	Annotation	Polygon	471.91	1948.5	17.1883	27.0439	0.2953	13.2801	2.0217	NaN	11.3218	985	8.8443	36	0	36	154.8621	13473	42.5848	219	60	159	10.908	949	9.3928	36	0	36	81.7995	56.2298	0.3251	27.379	4.2227	NaN	4.1688	6.3647	36	0	52.5441	60.278	219	0	2.5113	6.267	36	0	2.1613	3.4199	18	0	23.829	19.4147	120	0	0.1548	0.5982	4	0	0.2118	6	236.2585	170.9619	630.4598	2.9026	10723.7852	34718.5312
78_3_FITC.tif	cfa06184-e150-409a-aab8-221e3df726bb	Cell		Positive	Annotation	Polygon	467.91	1948.2	9.3189	17.1488	0.3982	8.2072	1.627	NaN	6.18	309	4.8893	16	0	16	130.42	6521	32.4893	182	62	120	5.68	284	5.0079	16	0	16	50.7364	39.9642	0.3992	18.4161	3.737	NaN	5.6397	4.7928	20	0	56.413	45.3852	182	10	1.2713	3.1961	16	0	5.5025	4.7709	20	0	37.6294	23.8657	176	10	0.1523	0.5778	4	0	0.1704	4	146.6329	73.9587	435.7116	2.9026	4156.7651	15768.5381
78_3_FITC.tif	5dd66c91-49ed-4797-ac8f-0ba07ca2a395	Cell		Positive	Annotation	Polygon	565.04	2058.2	9.3189	17.4124	0.3862	8.2371	1.5451	NaN	16.5294	843	17.7058	55	0	55	122.6667	6256	32.1526	178	66	112	16.549	844	17.8082	55	0	55	102.7153	53.1519	0.4569	25.0323	5.4246	NaN	2.5542	7.5581	55	0	47.5201	30.2725	178	13	2.0161	7.5547	55	0	0.9597	1.9054	13	0	38.9463	13.635	105	13	0.3579	1.068	9	0	0.0929	6	313.4188	197.2263	734.8367	65.7677	18337.5	34718.5312
78_3_FITC.tif	57941c18-1ce8-4315-bd8d-b4c9020a27bd	Cell		Positive	Annotation	Polygon	554.74	2123.2	11.1827	26.4928	0.2002	13.0001	1.3947	NaN	6.6066	403	7.8279	27	0	27	96.2951	5874	17.4091	129	58	71	6.2295	380	7.8473	27	0	27	117.0044	62.5071	0.3763	30.0051	4.9701	NaN	1.9184	4.2192	27	0	48.2642	22.0498	129	20	1.078	3.5121	27	0	1.3499	3.1058	20	0	42.4394	13.9544	97	20	0.4533	1.6905	17	0	0.0989	5	206.97	195.7702	307.0244	65.7677	13903.7803	32022.6465
78_3_FITC.tif	da726f87-b2e6-4bb9-929a-34df31448c2e	Cell		Positive	Annotation	Polygon	628.84	2275.1	4.763	11.8044	0.4295	5.7083	0.9769	NaN	15.3913	354	13.368	44	0	44	71.6087	1647	20.7424	109	38	71	15.7391	362	13.7848	43	0	43	74.7585	46.4239	0.4359	22.0267	4.3488	NaN	1.9972	5.276	44	0	15.3204	18.1506	109	0	1.489	5.5417	43	0	1.0885	2.2501	18	0	11.5015	9.6762	70	0	0.5221	2.3825	25	0	0.0505	4	223.848	197.3947	352.143	148.4594	6545.2354	15437.5342
78_3_FITC.tif	44591528-08aa-42d7-8510-7c6288b89af8	Cell		Positive	Annotation	Polygon	396.15	2375	4.1417	11.5838	0.3879	4.0539	1.2241	NaN	13.8182	304	8.221	31	0	31	62.6364	1378	8.8347	80	43	37	13.7727	303	8.2053	31	0	31	76.6223	43.6797	0.5047	20.0485	4.5559	NaN	2.0457	4.6117	31	0	11.0833	16.9961	80	0	1.7581	4.6605	31	0	1.3057	3.0423	21	0	7.8429	11.1497	70	0	1.0029	3.0605	21	0	0.0485	6	467.2684	435.4565	843.6132	229.2268	22543.457	39758.9688
78_3_FITC.tif	57243d78-addd-41e2-bda7-f7f92bcb17c5	Cell		Positive	Annotation	Polygon	620.18	2423.2	8.2835	15.8793	0.4128	6.8874	1.5806	NaN	13.75	605	11.5217	39	0	39	86.5	3806	23.8391	126	42	84	13.5682	597	11.6147	39	0	39	94.846	49.5164	0.4861	23.046	5.1492	NaN	2.4522	5.4951	39	0	25.5978	22.7989	126	3	1.5565	5.3467	39	0	1.2572	2.1629	12	0	19.1562	9.0093	64	3	0.2861	0.8516	5	0	0.0848	4	296.2901	268.1256	500.4496	148.4594	13193.4346	32022.6465
