Image	Object ID	Object type	Name	Classification	Parent	ROI	Centroid X µm	Centroid Y µm	Nucleus: Area	Nucleus: Perimeter	Nucleus: Circularity	Nucleus: Max caliper	Nucleus: Min caliper	Nucleus: Eccentricity	Nucleus: Red mean	Nucleus: Red sum	Nucleus: Red std dev	Nucleus: Red max	Nucleus: Red min	Nucleus: Red range	Nucleus: Green mean	Nucleus: Green sum	Nucleus: Green std dev	Nucleus: Green max	Nucleus: Green min	Nucleus: Green range	Nucleus: Blue mean	Nucleus: Blue sum	Nucleus: Blue std dev	Nucleus: Blue max	Nucleus: Blue min	Nucleus: Blue range	Cell: Area	Cell: Perimeter	Cell: Circularity	Cell: Max caliper	Cell: Min caliper	Cell: Eccentricity	Cell: Red mean	Cell: Red std dev	Cell: Red max	Cell: Red min	Cell: Green mean	Cell: Green std dev	Cell: Green max	Cell: Green min	Cell: Blue mean	Cell: Blue std dev	Cell: Blue max	Cell: Blue min	Cytoplasm: Red mean	Cytoplasm: Red std dev	Cytoplasm: Red max	Cytoplasm: Red min	Cytoplasm: Green mean	Cytoplasm: Green std dev	Cytoplasm: Green max	Cytoplasm: Green min	Cytoplasm: Blue mean	Cytoplasm: Blue std dev	Cytoplasm: Blue max	Cytoplasm: Blue min	Nucleus/Cell area ratio	Delaunay: Num neighbors	Delaunay: Mean distance	Delaunay: Median distance	Delaunay: Max distance	Delaunay: Min distance	Delaunay: Mean triangle area	Delaunay: Max triangle area
88_2_FITC.tif	0582f4e7-90e8-48c1-b13e-41522259ef59	Cell		Positive	Annotation	Polygon	259.52	394.89	6.8339	19.4896	0.2261	9.4862	1.2406	NaN	42.1795	1645	19.0026	77	0	77	68.8718	2686	13.4422	94	43	51	6.1538	240	6.3517	23	0	23	64.8184	44.0525	0.4197	20.9737	4.5293	NaN	15.6309	17.61	77	0	29.0883	21.5103	94	0	1.2271	3.3279	23	0	11.9065	13.8232	55	0	23.5072	15.7782	70	0	0.536	1.7896	15	0	0.1194	9	197.0381	153.2625	623.1666	9.5779	5926.3872	45744.3906
88_2_FITC.tif	2ef40259-f313-4d13-9e61-6128eeb62cfa	Cell		Positive	Annotation	Polygon	260.52	408.19	8.2835	21.0882	0.2341	10.3224	1.3052	NaN	38.5652	1774	11.7391	58	16	42	63.4348	2918	10.3444	85	42	43	3.4348	158	4.0423	16	0	16	52.8073	41.0348	0.3941	19.7021	4.7484	NaN	14.2201	15.7587	58	0	29.1429	20.3218	85	3	0.7761	2.3502	16	0	8.9624	10.7978	57	0	21.7371	13.0234	78	3	0.2019	1.1783	12	0	0.1595	4	93.8281	81.2666	203.2014	9.5779	1494.9762	5337.7896
88_2_FITC.tif	e1cf97d3-2b28-406f-a160-d6963ce7ace6	Cell		Positive	Annotation	Polygon	261.84	424.77	15.9457	35.9182	0.1553	17.6047	1.1545	NaN	57.6296	4668	13.6532	97	31	66	80.2346	6499	14.4838	112	52	60	6.963	564	8.0831	30	0	30	89.2547	56.5273	0.351	27.2735	4.6998	NaN	23.0368	21.7619	97	0	35.4046	26.4121	112	1	1.508	4.4236	30	0	15.1215	14.2332	61	0	25.1469	15.6031	82	1	0.2599	0.9281	8	0	0.1767	5	84.5126	27.2051	185.8333	16.6571	180.0364	370.3773
88_2_FITC.tif	e59d1160-c951-42ed-9a59-2c5fa56f2db2	Cell		Positive	Annotation	Polygon	263.3	441.54	12.0111	31.8303	0.149	15.371	1.2955	NaN	71.9846	4679	17.4055	106	31	75	86.3538	5613	16.1404	120	49	71	6.7692	440	7.0329	27	0	27	61.9191	46.8213	0.3549	22.2704	4.5753	NaN	30.4125	28.0456	106	0	42.2871	29.3194	120	3	1.6337	4.2924	27	0	19.0588	17.8052	84	0	30.2521	18.6281	85	3	0.2311	0.9553	8	0	0.196	5	123.7629	43.8619	388.5435	10.9298	324.0956	986.0336
88_2_FITC.tif	a5df3443-5197-449d-ba97-c34e126c2a35	Cell		Positive	Annotation	Polygon	264.44	454.99	7.8693	17.9445	0.3071	8.7057	1.404	NaN	60.5122	2481	20.8772	90	17	73	68.9024	2825	16.8757	98	34	64	4.6341	190	5.4943	20	0	20	67.3034	48.1514	0.3648	22.7942	4.9161	NaN	17.4908	21.3335	90	0	28.408	20.0397	98	5	0.8374	2.6032	20	0	11.3018	12.4014	63	0	22.5825	12.1929	68	5	0.2912	1.0595	7	0	0.1107	7	233.766	220.0519	379.2448	10.9298	1767.6725	5741.7832
88_2_FITC.tif	17d5226a-14ee-492c-89cf-b02b6c569eb4	Cell		Positive	Annotation	Polygon	195.95	530.33	2.485	10.2082	0.2997	4.9932	0.7347	NaN	56.9286	797	5.9545	68	46	22	90.7143	1270	7.7303	101	79	22	2.2857	32	3.2446	9	0	9	19.052	27.9647	0.3061	13.5765	1.8624	NaN	32.4105	21.7008	78	0	50.9263	30.2047	101	7	0.9579	1.962	9	0	28.1728	20.596	78	0	44.0494	27.1541	98	7	0.7284	1.5653	8	0	0.1232	5	34.9256	6.8972	150.6431	3.373	56.9673	161.4396
88_2_FITC.tif	1bf6b470-6997-4d7c-b7b4-35e08ac0c0e8	Cell		Positive	Annotation	Polygon	197.92	537.02	7.8693	21.1672	0.2207	10.2902	1.1581	NaN	61.3864	2701	10.7988	81	41	40	80.7727	3554	8.688	100	62	38	1	44	1.8677	8	0	8	54.8782	52.6829	0.2485	25.8544	2.9792	NaN	27.7993	23.4189	81	0	40.2007	25.8958	100	1	0.5613	1.3798	8	0	21.2311	19.2059	77	0	32.2667	20.0314	79	1	0.4756	1.2502	7	0	0.1551	5	78.3178	86.0536	153.2625	3.373	1201.8082	5337.7896
88_2_FITC.tif	8c93afd8-4878-4882-ba80-eb216ab4bf7e	Cell		Positive	Annotation	Polygon	194.92	542.79	20.7087	25.0834	0.4136	10.7177	2.5612	NaN	64.0392	6532	7.99	78	35	43	84.5	8619	9.9302	107	57	50	0.9804	100	2.1107	11	0	11	70.2026	58.3936	0.2587	28.0449	3.702	NaN	37.6093	23.2753	78	0	55.1399	24.7058	107	8	0.4344	1.3532	11	0	26.4232	17.9607	77	0	42.7137	17.518	88	8	0.2033	0.7445	5	0	0.2776	5	20.2574	4.0186	84.4677	2.0447	66.6222	161.221
88_2_FITC.tif	c9b925aa-aa97-4a43-a763-e73f8a40992b	Cell		Positive	Annotation	Polygon	192.03	535.64	1.8638	6.7943	0.5074	3.2621	0.6502	NaN	54.4	544	9.0701	66	42	24	80	800	6.5659	90	69	21	1.8	18	2.3944	7	0	7	12.4252	24.7239	0.2554	12	1.3037	NaN	25.1111	22.0067	66	0	50.0159	21.3334	90	8	0.3175	1.1334	7	0	19.5849	19.1597	66	0	44.3585	18.1565	82	8	0.0377	0.1924	1	0	0.1158	6	32.0683	5.644	157.4528	1.0403	29.7539	107.9998
88_2_FITC.tif	9ab52ffc-e012-4867-9dd2-99b72807aac3	Cell		Positive	Annotation	Polygon	193	539.21	1.6567	8.3935	0.2955	4.025	0.6387	NaN	62	682	11.2161	77	48	29	81.2727	894	6.2784	93	68	25	1.3636	15	2.2482	7	0	7	4.3488	19.2635	0.1473	9.4805	0.7064	NaN	53.52	17.5716	78	29	69.72	15.5256	93	40	0.84	1.9296	7	0	46.8571	19.0943	78	29	60.6429	14.5951	91	40	0.4286	1.6036	6	0	0.3162	4	3.4502	2.9316	6.8972	1.0403	4.0373	6.8886
88_2_FITC.tif	72d35658-24e0-4ab0-85bf-cac4e2736005	Cell		Positive	Annotation	Polygon	190.53	544.59	7.6622	21.1475	0.2153	8.9242	1.3711	NaN	61.05	2442	10.7488	79	43	36	82.225	3289	7.3641	96	70	26	1.2	48	1.9768	7	0	7	66.0609	51.9235	0.3079	25.0256	3.5339	NaN	37.4455	21.8464	79	0	53.4393	23.2618	96	6	0.5109	1.4407	12	0	34.0854	20.9387	74	0	49.3416	21.809	85	6	0.4128	1.323	12	0	0.1167	3	6.7515	4.0355	14.7077	1.5112	7.5679	10.6496
88_2_FITC.tif	becd5452-e236-4946-822d-17b53def2fa4	Cell		Positive	Annotation	Polygon	192.93	547.95	1.6567	6.2446	0.5339	2.9922	0.552	NaN	62.25	498	3.8452	69	57	12	79	632	2.4495	82	75	7	0.25	2	0.4629	1	0	1	8.0764	20.7648	0.2354	10.159	0.9622	NaN	41.7907	19.7467	73	11	60.5814	17.0897	82	30	0.4419	1.0534	5	0	37.1143	18.9112	73	11	56.3714	16.1702	82	30	0.4857	1.1472	5	0	0.1392	7	68.9834	4.3354	370.6922	1.5112	1517.9792	10419.9375
88_2_FITC.tif	b078b893-f096-453d-9dc6-3d5d17b38943	Cell		Positive	Annotation	Polygon	183.36	556.2	8.0764	18.9156	0.2837	7.5224	1.7765	NaN	65.1556	2932	8.4476	78	41	37	80.2222	3610	4.8612	90	70	20	0.5556	25	1.4231	7	0	7	98.7807	51.1852	0.4738	24.0421	5.3621	NaN	39.0251	19.9786	78	0	52.8246	21.5563	90	7	0.5678	1.507	10	0	36.3157	18.843	73	0	49.9839	20.6025	87	7	0.5691	1.517	10	0	0.0869	5	116.5044	18.5933	357.9803	14.7077	324.6132	1520.599
88_2_FITC.tif	a14d4ac4-3c84-4930-82af-0a811337f59b	Cell		Positive	Annotation	Polygon	257.62	586.17	27.3355	26.3524	0.4946	12.0113	3.0176	NaN	2.9481	398	3.7859	16	0	16	104.2815	14078	15.6904	128	63	65	2.9778	402	3.7803	16	0	16	150.3454	60.7611	0.5117	28.0307	6.5925	NaN	1.1376	2.4372	16	0	42.5956	36.0741	128	2	0.868	2.2762	16	0	0.7247	1.7684	15	0	28.5287	21.803	102	2	0.3868	1.3695	15	0	0.1759	3	78.8872	86.5822	133.8223	16.2572	548.4987	669.4746
88_2_FITC.tif	7210a230-5e5b-4ddf-92ea-29e740051624	Cell		Positive	Annotation	Polygon	248.84	599.33	4.3488	12.4903	0.3503	6.0136	1.1135	NaN	0.9643	27	1.2013	4	0	4	89.1786	2497	4.6432	99	79	20	0.7857	22	1.1974	4	0	4	79.9357	47.9992	0.436	22.9548	4.7573	NaN	0.5938	1.5279	12	0	68.4602	14.9479	99	33	0.5244	1.4206	11	0	0.5651	1.548	12	0	66.8532	14.2557	98	33	0.5042	1.4359	11	0	0.06	7	85.5029	74.2658	175.2402	11.3607	452.1228	1645.4961
88_2_FITC.tif	a345a3da-66a5-42a3-955a-a221ab940445	Cell		Positive	Annotation	Polygon	243.25	608.02	15.1174	25.0443	0.3029	12.0186	1.6217	NaN	1.5823	125	2.5651	12	0	12	103.6203	8186	15.9818	133	64	69	1.7215	136	2.6887	12	0	12	84.0775	57.6292	0.3181	27.9075	4.1759	NaN	0.848	1.8027	12	0	56.0049	29.2795	133	11	0.6618	1.6118	12	0	0.6717	1.5187	10	0	44.5714	18.051	108	11	0.4073	1.0812	6	0	0.1745	11	157.7992	172.013	410.7493	4.2919	3012.4836	10419.9375
88_2_FITC.tif	2dc01d76-087b-4d10-bec2-bd0ed2528705	Cell		Positive	Annotation	Polygon	246.1	616.01	13.8749	21.4895	0.3776	10.3408	1.9721	NaN	2.1528	155	3.4668	17	0	17	105.6806	7609	15.4253	132	68	64	2.2639	163	3.5245	17	0	17	73.516	51.2149	0.3522	24.511	4.3825	NaN	0.7737	2.0855	17	0	57.2542	30.0514	132	10	0.7709	2.1072	17	0	0.4266	1.3611	10	0	45.0629	18.1758	103	10	0.3951	1.3276	9	0	0.1896	4	62.0227	37.9355	167.9278	4.2919	346.3163	1031.1935
88_2_FITC.tif	7775dcc8-1e16-4379-b99c-f20a3fa69ca8	Cell		Positive	Annotation	Polygon	263.59	672.66	24.4363	33.7258	0.27	13.9653	2.9879	NaN	0.8547	100	1.6203	9	0	9	76.9231	9000	10.9451	92	44	48	0.812	95	1.5753	9	0	9	149.31	65.3738	0.439	31.0031	6.4197	NaN	0.777	1.617	11	0	43.2895	20.8246	92	11	0.482	1.1896	9	0	0.762	1.6172	11	0	36.7851	15.2695	80	11	0.4182	1.0897	8	0	0.1585	7	121.9699	108.5048	220.0519	61.3619	1467.0225	4593.2593
88_2_FITC.tif	22ad7ed2-9942-4ada-924b-91c1d1f91fa8	Cell		Positive	Annotation	Polygon	261.73	778.17	7.6622	16.22	0.366	6.7828	2.0561	NaN	0.9318	41	1.3189	4	0	4	110.7045	4871	7.8254	123	88	35	1.1136	49	1.513	5	0	5	70.6168	41.064	0.5263	17.1311	5.5888	NaN	0.8	1.8404	13	0	77.6638	23.0113	123	24	0.7391	1.808	12	0	0.7807	1.9057	13	0	72.8339	20.3687	117	24	0.6844	1.843	12	0	0.1175	5	100.419	108.5048	172.013	8.2565	368.5555	1031.1935
88_2_FITC.tif	1520cf76-3e22-4536-ad8d-7c1aa8f0999c	Cell		Positive	Annotation	Polygon	261.8	792.6	10.7685	18.9448	0.377	8.9475	1.8229	NaN	0.6852	37	1.5025	6	0	6	106.5926	5756	4.8856	115	89	26	0.7037	38	1.5001	6	0	6	70.6168	40.4367	0.5427	17.1458	5.3826	NaN	0.7281	1.7343	13	0	74.2953	25.093	115	27	0.5848	1.343	10	0	0.7361	1.7767	13	0	68.2396	22.5977	107	27	0.5625	1.3131	10	0	0.144	6	146.8415	161.5345	272.487	8.2565	3210.8018	8945.5898
88_2_FITC.tif	0b5f29c1-6827-47a6-a2e8-cbe62e762e2c	Cell		Positive	Annotation	Polygon	340.16	822.26	55.0852	48.7389	0.2914	22.7442	3.155	NaN	1.1033	299	2.0213	11	0	11	108.8524	29499	15.981	148	68	80	1.1292	306	2.0426	11	0	11	183.6865	82.355	0.3403	39.0686	6.2759	NaN	0.6427	1.5825	11	0	63.9202	38.0489	148	4	0.5944	1.5342	11	0	0.441	1.2976	11	0	44.2488	26.4212	118	4	0.3603	1.176	11	0	0.3038	7	289.6308	377.6917	473.6407	3.2571	14351.1709	45744.3906
88_2_FITC.tif	7cd69205-415f-4a29-be5f-f5c7fc92e372	Cell		Positive	Annotation	Polygon	304.97	815.27	16.3599	22.3494	0.4116	9.6041	2.509	NaN	3.0864	250	2.7893	11	0	11	100.5432	8144	18.097	130	56	74	2.8519	231	2.7573	11	0	11	102.7153	60.5915	0.3516	26.007	6.1574	NaN	1.3414	2.3437	16	0	50.8454	28.669	130	5	0.8032	1.7342	11	0	1.0024	2.0876	16	0	41.1918	18.5645	101	5	0.4053	1.0747	7	0	0.1571	6	112.2824	59.5075	366.5567	4.743	2392.4199	5741.7832
88_2_FITC.tif	23d4e647-2cbf-4193-bfe5-aea34ed20490	Cell		Positive	Annotation	Polygon	303.48	825.13	2.0709	6.2068	0.6755	2.8637	0.7873	NaN	1.6364	18	1.9117	5	0	5	73.2727	806	8.1252	85	60	25	1	11	1.6733	5	0	5	25.6788	25.5065	0.496	11.733	2.7066	NaN	0.9606	1.8619	10	0	37.9685	18.3657	85	14	0.3543	1.0949	6	0	0.8966	1.8528	10	0	34.6207	15.2741	82	14	0.2931	1.0131	6	0	0.06	5	71.1403	80.3418	134.3058	4.743	852.9729	1915.5565
88_2_FITC.tif	04123396-ea37-48f1-a3a6-ec06fa8f0390	Cell		Positive	Annotation	Polygon	336.44	824.17	10.1473	18.566	0.3699	8.9338	1.5426	NaN	2	104	2.1328	8	0	8	116.7308	6070	13.9032	145	89	56	3.0577	159	2.9666	10	0	10	54.8782	47.2345	0.3091	23.1831	3.4683	NaN	0.9627	1.7392	9	0	64.1045	32.6066	145	15	0.9291	1.8939	10	0	0.713	1.5344	9	0	51.4352	21.0566	124	15	0.4167	1.0035	7	0	0.1842	5	116.6252	79.2253	379.2448	3.2571	1676.6229	5741.7832
88_2_FITC.tif	0b14e5c4-05ea-4058-8784-72b3426a80a1	Cell		Positive	Annotation	Polygon	271.78	824.97	12.2182	16.6879	0.5513	6.5932	2.4116	NaN	4.25	272	5.1671	21	0	21	77.6719	4971	16.4085	107	39	68	3.9375	252	5.0955	21	0	21	109.9634	50.6524	0.5386	23.0616	6.003	NaN	1.2274	2.5934	21	0	29.8102	22.4478	107	2	0.859	2.3976	21	0	0.8141	1.6195	12	0	23.265	13.4079	77	2	0.438	1.2479	12	0	0.11	7	72.2983	45.3929	152.9786	32.4446	843.0931	2563.5095
88_2_FITC.tif	1f42f7eb-9615-4359-a1f8-c67a481c2acc	Cell		Positive	Annotation	Polygon	315.84	900.91	2.6921	8.3134	0.4895	3.9062	0.9981	NaN	0.625	10	1.2042	4	0	4	66	1056	3.4059	71	61	10	0.8125	13	1.223	4	0	4	70.2026	42.5968	0.4862	20.0105	4.5556	NaN	0.7463	1.4878	9	0	44.885	17.9002	76	3	0.6047	1.3423	9	0	0.7523	1.5017	9	0	43.839	17.679	76	3	0.5944	1.3489	9	0	0.0368	7	62.863	67.9351	84.8323	18.5372	483.7329	1319.6277
88_2_FITC.tif	2c9635d4-0ba3-4068-a589-01f01498ffbc	Cell		Positive	Annotation	Polygon	163.86	913.55	21.7442	35.2984	0.2193	11.9362	2.6465	NaN	60.3482	6759	13.5052	86	23	63	83.1518	9313	10.7479	109	52	57	1.8661	209	2.994	15	0	15	142.0619	60.9447	0.4806	28.0759	6.2126	NaN	23.7376	22.7953	86	0	50.0787	22.2998	109	3	0.7362	2.153	20	0	16.5941	16.5153	80	0	43.6254	17.7928	88	3	0.5157	1.8726	20	0	0.1575	7	383.3242	357.9803	716.231	104.5814	3997.9395	10419.9375
88_2_FITC.tif	fbff9d4b-f0ae-459f-a723-e1859682fa89	Cell		Positive	Annotation	Polygon	330.37	912.56	6.2126	15.1708	0.3392	7.374	1.2277	NaN	11.5152	380	11.935	39	0	39	68.303	2254	21.3695	106	34	72	11.2121	370	11.9524	39	0	39	86.1483	50.4181	0.4259	24.021	4.7406	NaN	2.7242	4.8949	39	0	20.8681	16.6307	106	2	1.1631	4.5269	39	0	1.9688	2.6253	12	0	16.7917	7.1921	54	2	0.2995	0.9346	5	0	0.0688	7	211.5483	90.3684	623.0957	18.5372	9361.1533	33271.8711
88_2_FITC.tif	50e037b7-c266-4fd6-9783-15525400448d	Cell		Positive	Annotation	Polygon	278.36	922.09	4.3488	11.4151	0.4194	5.367	1.0759	NaN	52.5652	1209	8.5218	66	37	29	86.2174	1983	4.9171	96	77	19	1.3478	31	1.6406	5	0	5	77.4507	46.2883	0.4542	22.0162	4.5532	NaN	31.0187	15.8463	66	0	57.984	19.8482	96	15	0.704	1.6773	11	0	29.6108	15.1854	63	0	56.1392	19.0422	92	15	0.6619	1.6733	11	0	0.0565	6	71.1673	83.9265	103.8663	13.5402	986.2316	1915.5565
88_2_FITC.tif	57f60cf8-7ba2-43c9-80fc-b24ab685ff52	Cell		Positive	Annotation	Polygon	268.96	932.09	20.9158	35.0354	0.2141	15.6775	2.4753	NaN	2.8333	306	2.9275	14	0	14	103.6389	11193	20.9875	140	54	86	2.7593	298	2.7712	14	0	14	143.7186	66.6974	0.406	32.0096	6.0055	NaN	1.7536	2.922	16	0	56.9294	29.7808	140	5	0.8184	2.0594	14	0	1.5546	2.8796	16	0	48.3208	22.2045	101	5	0.4608	1.6721	14	0	0.1508	8	111.8666	121.1914	219.8694	13.5402	1394.0206	3935.9922
88_2_FITC.tif	0b63f01c-951e-4d14-b964-1dd001f1a470	Cell		Positive	Annotation	Polygon	576.25	934.77	4.9701	11.6574	0.4596	5.5979	1.1762	NaN	17.5	455	21.5485	71	0	71	82.0385	2133	26.8246	135	44	91	18	468	22.3911	74	0	74	81.1783	46.7576	0.4666	22.0204	4.5559	NaN	2.236	7.1025	71	0	21.2792	19.7409	135	4	1.434	7.2355	74	0	1.1576	2.1717	10	0	16.9864	9.3958	56	4	0.2636	1.0459	10	0	0.0524	5	344.2799	340.1685	623.1666	154.3182	25836.0625	45744.3906
88_2_FITC.tif	6983dbf9-bee9-43b1-a9eb-25e5e71df4ef	Cell		Positive	Annotation	Polygon	307.06	954.43	7.4551	17.3085	0.3127	7.7093	1.4845	NaN	3.6585	150	3.8834	13	0	13	87.439	3585	11.6577	105	64	41	3.1463	129	3.6984	13	0	13	58.8128	47.745	0.3242	22.9696	3.4706	NaN	1.5965	2.7235	13	0	50.2281	21.1424	105	11	0.9474	2.2722	13	0	1.25	2.3127	11	0	43.9754	15.0721	87	11	0.5779	1.6821	11	0	0.1266	7	53.4519	55.362	134.3058	1.9537	607.6036	1915.5565
88_2_FITC.tif	c7973a74-89f2-4215-8a95-7b45cbb350ae	Cell		Positive	Annotation	Polygon	309.9	951.27	3.1063	9.3565	0.4459	4.5322	0.9262	NaN	0.375	6	0.7188	2	0	2	77.75	1244	2.569	84	72	12	0.1875	3	0.5439	2	0	2	26.7143	29.4065	0.3882	13.8344	2.6265	NaN	1.1119	2.0286	10	0	60.6343	16.37	92	25	0.9403	1.984	10	0	1.2119	2.1278	10	0	58.3136	16.0713	92	25	1.0424	2.0853	10	0	0.0961	5	18.3499	12.4561	53.8074	1.9537	39.2709	142.8065
88_2_FITC.tif	1791dc9d-6b1a-4ab2-b54f-ba325b7bd209	Cell		Positive	Annotation	Polygon	308.87	966.34	9.1118	16.2665	0.4327	7.7507	1.5855	NaN	1.0208	49	1.5366	6	0	6	80.8333	3880	7.1171	94	58	36	0.5833	28	1.1077	4	0	4	36.4474	36.984	0.3348	17.7628	2.7919	NaN	0.6517	1.3285	6	0	54.4494	21.7552	94	19	0.4944	1.1801	6	0	0.5154	1.2215	5	0	44.7077	16.6219	87	19	0.4615	1.2082	6	0	0.2547	4	19.8113	8.0152	59.043	4.1719	40.418	74.5229
88_2_FITC.tif	a317b957-51a8-417e-a7fa-2050e6755b36	Cell		Positive	Annotation	Polygon	311.43	968.54	13.8749	22.5755	0.3421	10.7368	1.862	NaN	3.6857	258	3.4831	15	0	15	99.4429	6961	15.2863	121	65	56	3.7143	260	3.5677	15	0	15	60.2624	55.1728	0.2488	26.5839	3.4965	NaN	1.3231	2.4664	15	0	51.3605	33.5933	121	3	1.0918	2.4176	15	0	0.5848	1.3925	8	0	36.3348	21.3999	97	3	0.2723	0.9527	8	0	0.2204	4	18.7584	8.314	55.7787	2.6271	35.2065	74.5229
88_2_FITC.tif	e9f4ad5f-3c1e-4f14-8c6a-0a1a68825a93	Cell		Positive	Annotation	Polygon	313.71	969.05	4.3488	11.7054	0.3989	5.5688	0.9218	NaN	6.2174	143	5.4268	21	0	21	83.2174	1914	10.229	99	69	30	4.4783	103	5.0441	16	0	16	36.4474	40.1481	0.2841	19.7239	2.5993	NaN	1.5912	3.0766	21	0	39.7459	23.5023	99	4	1.0387	2.5742	16	0	0.9177	1.7701	8	0	33.4177	17.3628	72	4	0.538	1.4305	8	0	0.0985	6	57.9302	56.469	149.1833	2.6271	370.934	962.047
88_2_FITC.tif	a2b8230b-16f8-4ea2-8b60-6e58efbedc72	Cell		Positive	Annotation	Polygon	278.86	989.6	6.4197	12.967	0.4798	5.3813	1.66	NaN	6.0789	231	7.0802	27	0	27	113.7895	4324	21.5997	149	74	75	6.3947	243	7.2206	27	0	27	48.2514	30.9483	0.6331	13.9218	4.7562	NaN	1.9487	3.796	27	0	46.1667	35.5705	149	8	1.3333	3.7816	27	0	1.148	1.9331	9	0	33.0561	18.9583	137	8	0.352	1.111	9	0	0.1411	5	34.961	26.3207	71.6817	4.612	166.7132	399.749
88_2_FITC.tif	459c1512-8653-4f57-a879-4b31fd4e6745	Cell		Positive	Annotation	Polygon	276.91	997.42	1.6567	5.7102	0.6385	2.6417	0.6769	NaN	0.625	5	0.9161	2	0	2	90.375	723	14.0808	108	68	40	0.625	5	1.1877	3	0	3	15.7386	20.8588	0.4546	9.6704	2.4086	NaN	0.7215	1.5354	6	0	43.0127	23.8857	108	17	0.5063	1.3763	6	0	0.7324	1.5943	6	0	37.6761	18.1838	97	17	0.493	1.4028	6	0	0.0741	5	48.7782	11.6238	155.3771	4.612	409.4981	1664.7211
88_2_FITC.tif	d0d601b9-ed81-48d9-acd1-a01e03d0a12b	Cell		Positive	Annotation	Polygon	280.02	1004.8	26.5072	26.3675	0.4791	11.6484	3.6025	NaN	4.1926	566	4.7055	19	0	19	150.3185	20293	31.8747	201	70	131	4.7185	637	5.23	24	0	24	97.7452	61.9025	0.3205	22.7732	7.2299	NaN	1.6933	3.2344	19	0	75.6029	54.7216	201	8	1.5945	3.5288	24	0	0.7038	1.5578	9	0	46.0235	26.2478	132	8	0.3578	1.0986	6	0	0.2742	4	9.7413	8.0139	17.6259	5.3116	21.5688	43.1961
88_2_FITC.tif	a1bad39b-ffe5-4cad-97e3-1d520e21962a	Cell		Positive	Annotation	Polygon	279.85	1014.6	0.8283	3.6386	0.7862	1.6624	0.4418	NaN	0	0	0	0	0	0	95	380	10.3923	104	86	18	1	4	1.4142	3	0	3	17.8095	20.4588	0.5347	9.5011	2.6906	NaN	0.3	0.8539	4	0	44.0889	17.2514	104	18	0.2444	0.692	3	0	0.314	0.8713	4	0	41.7209	13.4222	83	18	0.2093	0.6346	3	0	0.0157	5	56.2998	12.8071	144.5807	6.445	744.8079	2901.4675
88_2_FITC.tif	fbd58fcd-f385-4724-ac5d-602d9854fb8e	Cell		Positive	Annotation	Polygon	184.49	1014.1	3.9347	10.3533	0.4613	4.6765	1.1393	NaN	1.0476	22	1.7742	7	0	7	68.7619	1444	4.7001	80	60	20	1.0476	22	1.9615	8	0	8	54.464	42.2807	0.3829	17.7559	4.7549	NaN	0.7519	1.8281	13	0	47.0489	15.8045	80	10	0.5226	1.3986	10	0	0.7265	1.834	13	0	45.1878	15.0138	72	10	0.4776	1.3354	10	0	0.0638	5	163.1182	104.5814	410.7493	5.1062	4403.5693	8945.5898
88_2_FITC.tif	41a1d1f1-9976-4a48-9cc1-af8311fafd6f	Cell		Positive	Annotation	Polygon	290.13	1017.5	5.5914	12.3269	0.4624	4.9945	1.5341	NaN	1.9333	58	2.5042	9	0	9	124.6667	3740	7.2841	139	107	32	1.6333	49	2.5255	10	0	10	84.2846	45.6999	0.5071	21.0328	4.9701	NaN	2.0196	3.1231	15	0	94.6471	22.2412	142	40	0.8873	1.9023	11	0	2.0265	3.1697	15	0	92.2645	21.2732	142	40	0.828	1.8353	11	0	0.066	7	46.573	26.3207	97.066	11.6535	434.4985	1211.4857
88_2_FITC.tif	2eccd8e9-af2e-49b2-906b-2a46fbfaa1a8	Cell		Positive	Annotation	Polygon	301.04	1021.2	14.7032	22.0396	0.3804	9.8801	2.3525	NaN	0.9067	68	1.3272	5	0	5	125.3733	9403	6.1309	138	111	27	0.9467	71	1.2616	5	0	5	119.9036	57.4416	0.4567	27.0044	5.9909	NaN	0.9396	2.3252	16	0	99.6477	19.077	138	23	0.8687	2.2104	16	0	0.9444	2.4399	16	0	95.8194	17.3003	135	23	0.8571	2.3193	16	0	0.1235	7	62.2169	59.043	96.0562	11.6535	256.6434	552.9441
88_2_FITC.tif	925c0e9f-72b4-4cc0-b264-a0350d8704e8	Cell		Positive	Annotation	Polygon	184.96	1025.6	3.7276	10.5595	0.4201	5.0034	0.9469	NaN	1.0952	23	1.814	6	0	6	69.4762	1459	3.8681	76	63	13	0.8571	18	1.459	4	0	4	38.9324	29.0759	0.5787	12.9225	4.0824	NaN	0.9263	1.6346	7	0	49.8526	12.5145	76	15	0.4053	1.0333	5	0	0.9053	1.6156	7	0	47.4142	10.9678	68	15	0.3491	0.9587	5	0	0.0902	5	165.8486	61.8712	601.211	5.1062	3090.0881	10457.2666
88_2_FITC.tif	f44f167f-95cf-49bf-b73a-ef9e887e4775	Cell		Positive	Annotation	Polygon	220.24	1057	44.938	47.1453	0.2541	20.9398	3.5808	NaN	26.8824	5941	8.9491	49	8	41	137.1584	30312	23.132	192	82	110	1.4253	315	2.5867	16	0	16	178.7164	80.7692	0.3443	37.8252	7.0906	NaN	24.2286	11.6369	54	0	86.2575	38.9691	192	10	0.6732	1.7741	16	0	23.3194	12.2998	54	0	68.8171	25.7522	146	10	0.4155	1.2966	12	0	0.2542	5	105.4689	55.3014	272.487	12.4007	2060.2153	5685.0542
88_2_FITC.tif	3cee7a66-2353-43bb-9e41-f263c0f3cb12	Cell		Positive	Annotation	Polygon	222.38	1074.2	4.9701	12.0453	0.4305	5.7989	1.1928	NaN	25.9615	675	5.9295	37	15	22	117.6154	3058	8.7227	133	100	33	4.3077	112	4.6714	16	0	16	47.423	34.4323	0.5027	14.9048	3.9648	NaN	22.0388	6.9265	37	4	80.944	23.9147	133	37	1.1681	2.6535	16	0	21.5437	6.8975	37	4	76.3155	21.0496	120	37	0.7718	1.9659	12	0	0.1025	5	171.2444	84.0808	551.1447	12.4007	4453.4585	10457.2666
88_2_FITC.tif	2ef5c394-7fcb-498b-954e-d77c45aa47c6	Cell		Positive	Annotation	Polygon	628.03	1079.8	7.6622	19.2178	0.2607	9.3473	1.3942	NaN	4.4651	192	4.8025	15	0	15	75.907	3264	16.1714	99	40	59	4.1628	179	4.8054	15	0	15	100.8516	56.4081	0.3983	27.0024	4.9177	NaN	1.2971	2.6554	15	0	36.1393	20.9178	99	3	0.7643	2.242	15	0	0.991	2.1181	14	0	32.2966	16.9479	73	3	0.436	1.4499	12	0	0.0775	5	295.7627	301.7774	459.1428	154.3182	13278.2979	27379.1348
88_2_FITC.tif	c54201ba-d5a1-4597-81da-09dc6ecc8133	Cell		Positive	Annotation	Polygon	297.07	1112.1	7.2481	17.1645	0.3092	8.384	1.2456	NaN	3.641	142	3.3046	12	0	12	137.3077	5355	10.8024	153	113	40	3.3333	130	3.0722	12	0	12	61.0908	46.8826	0.3493	22.6117	3.8292	NaN	1.0567	2.4289	16	0	80.4733	33.4267	153	32	0.7833	2.227	16	0	0.6705	2.0093	16	0	71.9808	26.6641	138	32	0.4023	1.7897	16	0	0.12	7	89.2952	92.9961	256.0705	4.458	1458.9658	5892.3696
88_2_FITC.tif	23686ed6-cc3b-4f62-976c-04dbc11aaae8	Cell		Positive	Annotation	Polygon	301.38	1115.6	6.8339	14.1993	0.4259	6.6438	1.4074	NaN	1.1714	41	1.9018	8	0	8	125.9429	4408	8.8482	143	114	29	1.1429	40	1.801	7	0	7	51.5648	42.8267	0.3533	20.6308	3.432	NaN	0.8617	1.8561	11	0	84.4624	28.6141	143	14	0.7787	1.81	12	0	0.8119	1.8483	11	0	77.8027	24.829	126	14	0.7202	1.8087	12	0	0.1307	7	167.6424	149.1833	431.7757	4.0867	6265.9453	21422.9336
88_2_FITC.tif	e2616901-e183-466a-b3ef-a07e104104d3	Cell		Positive	Annotation	Polygon	299.06	1125.3	14.4961	19.0566	0.5016	8.5849	2.5484	NaN	1.2821	100	2.0443	11	0	11	129.5897	10108	13.0319	147	99	48	1.3333	104	2.0618	11	0	11	61.505	45.7231	0.3697	21.7881	5.034	NaN	0.9172	1.8217	11	0	75.6821	41.8977	147	16	0.4868	1.3263	11	0	0.7902	1.7244	10	0	56.9107	30.6654	143	16	0.192	0.7539	6	0	0.242	4	134.3685	128.209	276.9692	4.0867	754.3528	2521.5859
88_2_FITC.tif	be353eb0-b6a4-4091-9314-e1c04f4f619c	Cell		Positive	Annotation	Polygon	248.27	1151.1	20.0875	23.4716	0.4582	10.2508	3.1303	NaN	3.32	332	3.6897	17	0	17	91.29	9129	17.4601	120	55	65	3.26	326	3.6972	16	0	16	133.7784	58.9408	0.4839	28.0004	6.6227	NaN	1.609	2.6985	17	0	41.7156	26.1615	120	5	0.8362	2.1386	16	0	1.2962	2.3479	14	0	32.6526	14.903	92	5	0.3931	1.2885	14	0	0.1501	9	226.863	219.8694	472.4046	61.3713	3743.675	8144.0107
88_2_FITC.tif	66848cf1-9cf1-4135-95af-9b79acef3d02	Cell		Positive	Annotation	Polygon	503.26	1266	20.7087	27.4774	0.3447	10.1408	3.1257	NaN	3.2358	343	4.4797	21	0	21	103.566	10978	17.808	133	55	78	3.1415	333	4.4837	21	0	21	120.3178	60.2522	0.4165	28.0553	6.0609	NaN	1.6045	2.9477	21	0	55.3784	29.2156	133	12	0.8099	2.3596	21	0	1.2427	2.3409	13	0	44.6925	18.5197	111	12	0.2929	0.9506	7	0	0.1777	6	290.3351	302.9069	473.6407	3.2244	14525.8604	43380.5625
88_2_FITC.tif	5c951371-d085-4dfd-90c4-825a44442d2f	Cell		Positive	Annotation	Polygon	506.54	1271.2	2.6921	7.7551	0.5625	3.5504	0.9842	NaN	1.6875	27	2.2721	7	0	7	82.6875	1323	5.5344	92	72	20	1.625	26	2.2472	7	0	7	37.0686	35.6994	0.3655	17.0859	2.9634	NaN	1.2473	2.1922	10	0	50.1374	16.6275	92	25	0.7527	1.7961	8	0	1.2048	2.1868	10	0	47	13.706	86	25	0.6687	1.7317	8	0	0.0657	6	233.5117	268.6145	341.9724	3.2244	11005.7754	27379.1348
88_2_FITC.tif	df5d8310-f57d-492b-bf91-4bc9442c83a5	Cell		Positive	Annotation	Polygon	275	1366.5	18.6379	28.4222	0.2899	13.2455	2.3695	NaN	5.3608	520	5.1137	22	0	22	123.2062	11951	23.0117	163	65	98	5.5361	537	5.0622	22	0	22	95.2602	66.2755	0.2725	28.852	6.172	NaN	1.8525	3.3225	22	0	58.4187	41.0113	163	6	1.3297	3.2397	22	0	0.9176	1.7052	13	0	41.1538	23.8915	136	6	0.2088	0.7313	5	0	0.1988	6	128.3514	126.9818	256.0705	3.0934	1478.4675	5892.3696
88_2_FITC.tif	d5a2fdf4-c285-44e7-8e8e-70e683b6446c	Cell		Positive	Annotation	Polygon	273.89	1375.2	1.4496	6.0197	0.5027	2.9033	0.5389	NaN	1.625	13	1.598	4	0	4	106.625	853	8.4674	119	92	27	1.625	13	1.598	4	0	4	13.8749	20.1423	0.4298	9.6631	2.1539	NaN	0.9412	2.0939	9	0	57.1912	27.9468	119	19	0.7794	2.0722	9	0	0.85	2.1457	9	0	50.6	22.4252	114	19	0.6667	2.1126	9	0	0.0597	6	124.1776	123.4454	247.3424	3.0934	1622.8375	8144.0107
88_2_FITC.tif	5fdbe718-7331-4abd-963c-af811f5b5bbc	Cell		Positive	Annotation	Polygon	675.27	1377.9	8.9048	18.0373	0.3439	8.3628	1.7165	NaN	11.1915	526	9.7035	35	0	35	78.0638	3669	17.4024	114	39	75	4.5106	212	6.8107	25	0	25	100.0232	52.6815	0.4529	25.0171	5.378	NaN	3.0248	4.8234	35	0	35.0435	19.7233	114	6	0.7371	2.6228	25	0	2.1445	2.7998	12	0	30.406	13.3226	70	6	0.3303	1.0062	8	0	0.0877	4	351.278	322.3461	720.1538	40.266	2213.0391	2678.251
88_2_FITC.tif	d6daa964-81f8-42e5-ab39-d01548e938a4	Cell		Positive	Annotation	Polygon	277.23	1379.6	4.3488	8.9715	0.679	4.0332	1.3343	NaN	2.5455	56	3.515	13	0	13	107.5	2365	7.6703	120	94	26	2.5909	57	3.4868	13	0	13	42.66	37.2541	0.3863	17.7291	3.4987	NaN	1.7115	3.0808	17	0	65.4663	30.4035	120	3	1.399	2.8487	17	0	1.6129	3.0208	17	0	60.4946	28.1543	106	3	1.2581	2.7407	17	0	0.0887	5	15.6046	18.814	26.7139	4.9771	35.4087	101.9496
88_2_FITC.tif	e3950235-d89c-4eec-849c-c25b0d145b56	Cell		Positive	Annotation	Polygon	279.73	1394.9	7.6622	16.6808	0.346	8.0595	1.3171	NaN	2.9762	125	4.8914	18	0	18	117.1905	4922	9.5897	134	92	42	3.5	147	4.8803	18	0	18	61.9191	51.965	0.2881	25.01	3.2101	NaN	1.6523	2.9166	18	0	78.1689	30.7076	134	11	0.9702	2.4676	18	0	1.4385	2.4017	11	0	71.8654	28.1869	122	11	0.5615	1.4493	9	0	0.1262	5	58.558	22.6779	225.9832	1.6249	456.127	1211.0365
88_2_FITC.tif	0527a680-5894-4524-8876-143ca7918408	Cell		Positive	Annotation	Polygon	282.53	1396.6	7.4551	15.129	0.4093	6.9721	1.2427	NaN	4.4872	175	4.9993	17	0	17	113.5897	4430	9.5827	131	97	34	4.1282	161	4.9851	17	0	17	59.4341	48.1177	0.3226	23.0459	3.2261	NaN	1.2976	2.7528	17	0	63.346	29.9466	131	7	0.9343	2.5643	17	0	0.8	1.7631	10	0	55.508	23.7943	116	7	0.436	1.4021	10	0	0.1189	5	13.325	12.1151	21.6844	1.6249	57.2491	116.8382
88_2_FITC.tif	cab18743-c112-4ecf-a686-69963af6f531	Cell		Positive	Annotation	Polygon	293.04	1398	13.4607	21.6212	0.3618	10.124	1.9792	NaN	1.6471	112	2.5023	12	0	12	109.8088	7467	9.5656	128	86	42	1.6176	110	2.4679	12	0	12	113.691	57.0836	0.4384	27.0483	5.569	NaN	1.0164	2.1516	14	0	76.133	21.118	128	22	0.612	1.6302	15	0	0.9272	2.0849	14	0	71.3721	17.6919	111	22	0.4699	1.4214	15	0	0.1209	9	150.7367	33.6344	499.5307	10.4166	6082.4023	33784.5156
88_2_FITC.tif	e28fe33c-b972-4742-820a-8b05ff7414a0	Cell		Positive	Annotation	Polygon	287.62	1406.5	8.9048	20.1108	0.2767	9.3064	1.3524	NaN	2.5106	118	4.0694	14	0	14	108.8936	5118	11.089	131	88	43	2.2553	106	3.9368	13	0	13	89.8759	54.1387	0.3853	26.0186	4.9329	NaN	1.3761	2.8464	18	0	80.0069	20.7667	131	20	0.8693	2.4427	18	0	1.2391	2.6354	18	0	76.5167	18.8581	117	20	0.7018	2.1427	18	0	0.0979	3	11.1963	11.0571	12.1151	10.4166	38.9461	54.4708
88_2_FITC.tif	ae16bb92-c06a-4e2b-a4eb-820960f3e3fc	Cell		Positive	Annotation	Polygon	663.24	1416.3	8.6977	24.4638	0.1826	12.0929	1.1257	NaN	8.8222	397	11.048	37	0	37	79.4222	3574	24.4173	124	40	84	8.8667	399	11.1612	38	0	38	103.7508	60.0515	0.3615	29.0059	4.5559	NaN	1.3725	4.2232	37	0	40.259	16.082	124	15	1.0657	4.2046	38	0	0.6389	1.3422	8	0	36.4026	7.7694	73	15	0.2976	0.8978	5	0	0.084	4	203.0298	216.7336	338.3859	40.266	4779.1401	9292.2764
88_2_FITC.tif	9103a5d2-4aa8-489f-a5d4-400a356dd562	Cell		Positive	Annotation	Polygon	284.57	1418.5	7.041	12.9661	0.5263	6.0198	1.6543	NaN	8.9189	330	8.0567	29	0	29	111.4595	4124	13.6638	137	88	49	8.6216	319	8.2474	28	0	28	77.4507	46.3041	0.4539	22.0103	4.8863	NaN	2.832	4.6205	29	0	59.624	28.2178	137	11	1.3013	3.7327	28	0	2.1657	3.4994	16	0	53.9497	23.1609	110	11	0.5	1.292	11	0	0.0885	7	170.4946	22.6779	481.0484	11.0571	3890.2356	17784.4902
88_2_FITC.tif	c1142770-b771-4a8d-83d6-ba1b21b2b941	Cell		Positive	Annotation	Polygon	441.56	1524.1	2.0709	8.348	0.3734	3.9901	0.7656	NaN	1.5385	20	2.1062	7	0	7	93.3077	1213	5.2023	102	83	19	1.7692	23	2.1662	7	0	7	38.9324	40.4483	0.299	19.7564	2.9311	NaN	1.254	2.1829	12	0	54.8836	26.2862	108	8	0.9365	1.809	9	0	1.233	2.1928	12	0	52.0455	24.9532	108	8	0.875	1.7716	9	0	0.0548	7	272.5045	265.6453	623.0957	2.0009	15670.9482	33784.5156
88_2_FITC.tif	73ab731f-e02d-4ca7-b482-30b829473f8c	Cell		Positive	Annotation	Polygon	444.57	1521.5	3.3134	8.5581	0.5685	3.9376	0.977	NaN	2.1111	38	3.1602	12	0	12	98.8889	1780	6.1154	109	87	22	2	36	3.0679	12	0	12	31.2702	27.4421	0.5218	12.1704	3.081	NaN	1.5097	2.5568	12	0	47.2387	32.6194	109	3	0.8065	1.8764	12	0	1.4307	2.4698	10	0	40.4526	28.2967	104	3	0.6496	1.6115	8	0	0.0887	6	92.6257	9.415	264.7418	2.0009	143.5471	388.3744
88_2_FITC.tif	36b0e315-b7ee-4768-b746-38791c96a5ce	Cell		Positive	Annotation	Polygon	443.51	1534.5	6.8339	20.8691	0.1972	9.6284	1.2908	NaN	1.8421	70	2.2842	9	0	9	106	4028	9.0941	122	87	35	1.5789	60	1.9814	6	0	6	20.5016	36.8836	0.1894	16.8126	2.9393	NaN	0.932	1.8271	9	0	84.8058	21.5275	122	40	0.8058	1.6513	7	0	0.4	1.2349	7	0	72.4154	16.3754	106	40	0.3538	1.2302	7	0	0.3421	3	4.2133	4.4841	7.1895	0.9664	2.9938	3.4717
88_2_FITC.tif	76515ea2-5c37-4bd1-9a39-1bb49c7e7fd4	Cell		Positive	Annotation	Polygon	442.07	1534.3	1.8638	7.5299	0.4131	3.6132	0.6789	NaN	0.7273	8	1.3484	4	0	4	94.1818	1036	6.1452	101	84	17	0.6364	7	1.1201	3	0	3	13.8749	21.3043	0.3842	10.2746	1.7574	NaN	0.5571	1.6208	10	0	70.7857	17.6536	105	33	0.8571	1.8904	10	0	0.5254	1.6749	10	0	66.4237	15.5266	105	33	0.8983	2.006	10	0	0.0966	5	79.1355	6.6307	376.0465	0.9664	160.6625	519.9852
88_2_FITC.tif	9c4be9ac-c303-4d45-be4f-b556c9711f81	Cell		Positive	Annotation	Polygon	444.88	1540	3.5205	15.6559	0.1805	7.4344	0.7461	NaN	0.8421	16	1.4245	5	0	5	93.8947	1784	5.0099	101	85	16	0.8421	16	1.4245	5	0	5	44.3167	39.796	0.3516	19.0667	2.965	NaN	0.5694	1.1553	6	0	75.7315	14.7838	101	33	0.5833	1.3233	11	0	0.5431	1.1269	6	0	73.9797	14.2259	96	33	0.5584	1.3143	11	0	0.0752	8	247.5038	225.4679	586.4275	4.4841	16579.4961	48493.0117
88_2_FITC.tif	0dbc015b-c8c5-4283-b26d-f524fcf7fe6f	Cell		Positive	Annotation	Polygon	620.99	1539.1	4.3488	11.722	0.3977	5.3675	1.1633	NaN	15.4615	402	15.1241	52	0	52	73.2692	1905	22.4402	116	39	77	13.4615	350	15.713	52	0	52	82.2137	46.8203	0.4713	22.0052	4.5559	NaN	2.2343	5.5298	52	0	25.6045	15.5111	116	2	1.0882	5.1723	52	0	1.3073	2.0288	9	0	22.2642	7.2552	48	2	0.221	0.6614	4	0	0.0544	6	293.737	238.3486	520.2171	129.6659	20014.4883	45960.8438
88_2_FITC.tif	86079666-e48e-4088-b451-59be718ed139	Cell		Positive	Annotation	Polygon	229.6	1606.8	5.1772	13.2173	0.3724	6.2803	1.1579	NaN	8.4444	228	5.625	20	1	19	89.0741	2405	21.7095	130	48	82	5.1852	140	3.7829	13	0	13	44.5238	32.2841	0.5368	15.0057	4.1456	NaN	3.7349	4.247	20	0	43.4977	24.3258	130	15	1.6651	3.215	17	0	3.0585	3.5468	17	0	36.9521	16.391	109	15	1.1596	2.7915	17	0	0.1064	6	126.7786	20.931	460.5528	4.9787	1990.4108	8144.0107
88_2_FITC.tif	2d5dd351-b47e-40f0-96eb-492b56b251c5	Cell		Positive	Annotation	Polygon	230.36	1623.4	28.371	36.3804	0.2694	14.9796	3.0486	NaN	6.0357	845	5.7545	23	0	23	92.1429	12900	22.0583	150	49	101	3.4	476	4.973	23	0	23	128.1871	74.41	0.2909	29.4519	6.6268	NaN	7.5441	6.352	30	0	47.3563	29.1313	150	8	0.9775	2.8204	23	0	7.9814	6.4549	30	0	34.3747	14.2594	111	8	0.2754	0.9666	8	0	0.2229	4	65.4643	13.8256	228.5457	5.6603	532.1439	1890.4934
88_2_FITC.tif	084ad3b3-87e7-40ec-8680-2fa36cd98ccb	Cell		Positive	Annotation	Polygon	230.95	1613.1	0.2071	2.9927	0.2906	1.4402	0.3359	NaN	8	24	1	9	7	2	82	246	8.7178	88	72	16	1	3	1.7321	3	0	3	4.1417	15.4943	0.2168	7.6249	0.7979	NaN	3.1818	3.6205	10	0	55.4545	18.8243	88	26	0.3182	1.0414	4	0	2.4211	3.2714	10	0	51.2632	16.4007	86	26	0.2105	0.9177	4	0	0.0645	6	153.9091	215.7084	247.3424	4.9787	2033.7906	9566.082
88_2_FITC.tif	02ca9955-09f3-4b89-a270-2964039acf9d	Cell		Positive	Annotation	Polygon	214.1	1619.9	12.0111	21.1054	0.3388	9.5808	2.2509	NaN	13.7069	795	7.551	32	1	31	100.3621	5821	17.8047	131	66	65	4.6897	272	5.02	16	0	16	92.5681	54.4276	0.3927	24.7535	5.762	NaN	9.7946	7.871	32	0	53.7143	26.7218	131	7	1.0625	2.7155	16	0	9.2128	7.7598	29	0	46.7769	20.0343	103	7	0.5231	1.5899	11	0	0.1221	6	393.3091	511.7746	709.8834	6.3519	4366.2471	10457.2666
88_2_FITC.tif	237ed010-a3c0-43f4-a232-2a28cb482dbd	Cell		Positive	Annotation	Polygon	214.81	1632.3	1.4496	5.6033	0.5802	2.6099	0.6558	NaN	14.5556	131	4.7463	20	8	12	88.2222	794	3.3458	95	84	11	0.7778	7	1.3017	4	0	4	28.1639	24.7836	0.5762	11.0784	3.2421	NaN	10.7338	7.0962	26	0	54.741	19.5512	95	15	0.9065	2.3526	13	0	10.4692	7.1682	26	0	52.4231	18.0167	94	15	0.9154	2.4113	13	0	0.033	7	311.6278	224.6929	716.231	6.3519	1974.0116	7421.7231
88_2_FITC.tif	00e34cbb-3a7f-42f9-9253-c0669ea557ee	Cell		Positive	Annotation	Polygon	649.94	1720.2	4.9701	12.606	0.393	5.9902	0.9965	NaN	13.8889	375	14.9572	44	0	44	76.5556	2067	21.6783	115	44	71	13.5185	365	15.0317	44	0	44	80.3499	46.9057	0.4589	22.0448	4.6148	NaN	1.5077	5.287	44	0	26.5564	16.5142	115	8	1.0718	5.1954	44	0	0.5868	1.2981	8	0	22.8375	7.68	52	8	0.146	0.6022	5	0	0.061	5	309.69	341.1274	377.3644	183.2423	4435.9062	8161.4922
88_2_FITC.tif	e1416ac8-d4a9-471e-8d6f-859d124db294	Cell		Positive	Annotation	Polygon	264.18	1847.4	15.5316	27.9194	0.2504	12.4457	2.6685	NaN	4.1974	319	5.1537	20	0	20	93.2632	7088	23.0896	134	43	91	3.4342	261	4.5704	19	0	19	134.3997	61.514	0.4463	29.0362	6.3582	NaN	3.1659	3.9086	20	0	49.3441	25.6039	134	11	1.0108	2.4334	19	0	3.0296	3.6973	19	0	43.5391	19.5844	103	11	0.6904	1.7594	16	0	0.1121	7	217.9869	228.5457	430.3617	44.1783	5584.5029	17784.4902
88_2_FITC.tif	faed309c-55b3-4d20-9e54-4eeeb03b254a	Cell		Positive	Annotation	Polygon	267.24	1891.7	9.1118	18.5101	0.3342	8.9344	1.3498	NaN	6.5319	307	6.1498	20	0	20	96.7021	4545	15.1168	122	56	66	3.7872	178	4.4864	14	0	14	94.846	54.1951	0.4058	26.0035	4.763	NaN	5.1961	5.1849	26	0	50.9542	22.2946	122	17	0.8083	2.1952	14	0	5.0437	5.0494	26	0	45.7354	16.1765	98	17	0.4684	1.4096	10	0	0.0947	5	171.2549	221.0788	286.9943	44.1783	3212.6052	11047.9658
88_2_FITC.tif	028f610b-0a8b-4af3-b4d4-2e57c414b345	Cell		Positive	Annotation	Polygon	344.38	1895.3	8.9048	18.3077	0.3339	8.8384	1.5404	NaN	23.087	1062	22.9239	78	0	78	117.9783	5427	37.6761	186	57	129	21.8696	1006	23.8352	78	0	78	97.7452	53.0201	0.4369	25.0224	5.0874	NaN	4.3658	9.8999	78	0	31.9704	33.4335	186	2	2.3319	9.7952	78	0	2.3489	3.3403	15	0	22.7049	14.2734	97	2	0.2272	0.7975	6	0	0.0922	11	338.1931	376.0465	499.5307	77.2894	13217.1807	33784.5156
88_2_FITC.tif	a0f2fa34-c750-4f4e-a408-d15f95dec3cc	Cell		Positive	Annotation	Polygon	613.93	2059.4	5.7984	10.4291	0.6699	4.6702	1.6398	NaN	8.8667	266	10.2477	34	0	34	78.4	2352	15.804	109	58	51	8.9	267	10.2633	34	0	34	84.2846	45.0728	0.5213	21.0187	5.1772	NaN	1.8142	3.9494	34	0	40.6381	14.1809	109	15	1.1125	3.7308	34	0	1.2559	2.1258	11	0	37.6491	8.7045	65	15	0.496	1.3221	8	0	0.0666	6	350.7916	407.1198	549.6414	43.9367	24568.8926	48493.0117
88_2_FITC.tif	939bb4ff-967c-4531-8edb-9d654f8c8482	Cell		Positive	Annotation	Polygon	636.33	2097.7	29.6135	40.326	0.2288	18.306	2.5074	NaN	1.9467	292	2.6917	14	0	14	80.5333	12080	12.3564	100	43	57	1.5533	233	2.5946	14	0	14	165.4628	73.428	0.3856	35.0189	6.2937	NaN	1.5725	2.5402	15	0	43.2038	23.2086	100	5	0.575	1.5588	14	0	1.4862	2.4982	15	0	34.5892	15.2211	92	5	0.3492	1.0834	10	0	0.1844	4	396.5989	411.1525	720.1538	43.9367	4867.1562	7729.4609
88_2_FITC.tif	673ad132-fcc3-4617-9bc7-285e3ecafc06	Cell		Positive	Annotation	Polygon	259.01	2110.6	7.041	14.6717	0.411	6.4502	1.4698	NaN	35.4737	1348	5.2233	46	20	26	106.7368	4056	17.9454	136	72	64	3.2895	125	4.7869	16	0	16	66.0609	45.9545	0.3931	21.8465	4.1768	NaN	28.6854	10.0036	50	8	68.3925	22.485	136	30	0.7726	2.1869	16	0	27.7739	10.1457	50	8	63.2438	17.5135	123	30	0.4346	1.2051	8	0	0.1114	5	94.3176	79.3173	221.0788	5.7431	689.7906	2623.4426
88_2_FITC.tif	a56ffd1b-baee-4452-8516-b04287400aae	Cell		Positive	Annotation	Polygon	256.89	2120.2	5.3843	11.8718	0.4801	5.5423	1.333	NaN	24.7333	742	5.9766	36	13	23	100.7	3021	18.1244	133	68	65	3.5	105	6.2353	22	0	22	56.3278	42.935	0.384	20.562	4.1047	NaN	20.9489	9.0192	43	2	63.3613	22.6764	133	30	0.9891	2.8497	22	0	20.4836	9.2271	43	2	58.7705	18.58	109	30	0.6803	1.8998	13	0	0.0948	7	199.3997	210.8771	491.6256	5.7431	1633.7467	7421.7231
88_2_FITC.tif	071a4083-3266-405d-b33e-c089f6be7a12	Cell		Positive	Annotation	Polygon	449.1	2122.8	10.9756	17.5497	0.4478	7.143	2.2357	NaN	13.4643	754	13.6395	47	0	47	100.8393	5647	31.4167	156	37	119	13.3393	747	13.721	47	0	47	106.8571	52.1245	0.4942	24.0679	5.7984	NaN	1.8726	6.1152	47	0	30.4363	29.8725	156	0	1.6757	6.1063	47	0	0.4675	1.2011	9	0	21.9026	14.4197	88	0	0.2619	0.9095	6	0	0.0973	6	321.1998	262.6595	586.4275	176.7147	22502.7637	48493.0117
88_2_FITC.tif	6f6a668a-34a7-409e-939c-01e322a94532	Cell		Positive	Annotation	Polygon	279.8	2175.5	9.7331	16.8231	0.4322	7.4886	1.8465	NaN	5.7885	301	6.8638	23	0	23	109.2115	5679	21.4899	145	68	77	5.7692	300	6.8731	23	0	23	74.3444	44.9898	0.4616	18.7804	5.3424	NaN	1.2452	3.3945	23	0	53.3278	30.6026	145	12	1.0882	3.3782	23	0	0.4855	1.2898	11	0	43.9839	20.1542	116	12	0.3055	1.1245	11	0	0.1365	7	122.9608	69.1338	290.5917	6.6706	3654.2104	11047.9658
88_2_FITC.tif	1605edf6-4bcb-4266-a518-09bd9d040988	Cell		Positive	Annotation	Polygon	279.99	2188.6	3.5205	8.2435	0.651	3.7276	1.3449	NaN	5.5789	106	4.5864	20	0	20	102.4737	1947	9.3117	119	86	33	3.9474	75	4.183	16	0	16	40.382	27.5791	0.6672	12.0485	4.3349	NaN	2.3265	3.1158	20	0	59.1888	21.5369	119	35	0.7806	2.1141	16	0	1.9774	2.7093	11	0	54.5424	16.7651	104	35	0.4407	1.4014	10	0	0.0769	4	35.8714	32.2493	72.532	6.4552	95.7812	198.0142
88_2_FITC.tif	300e3eec-4d95-4431-82f7-b55a659daace	Cell		Positive	Annotation	Polygon	275.76	2190	4.9701	11.8668	0.4435	5.6211	1.1489	NaN	5.9615	155	6.714	23	0	23	95.7692	2490	10.6068	113	75	38	3.6923	96	4.1354	14	0	14	75.3798	46.6462	0.4353	22.0171	4.3409	NaN	3.7473	4.6771	23	0	63.3187	16.6035	113	20	0.7527	2.0649	14	0	3.5769	4.451	20	0	60.8225	14.1813	106	20	0.5266	1.6143	13	0	0.0573	5	36.964	18.9715	79.3173	6.4552	204.9947	367.7954
88_2_FITC.tif	24e36984-ca03-47be-a94e-aba72a474104	Cell		Positive	Annotation	Polygon	270.88	2205.7	11.3898	24.8419	0.2319	11.1016	1.8011	NaN	6.4426	393	5.7053	21	0	21	115.1311	7023	17.1226	141	75	66	4.7377	289	5.1766	21	0	21	80.557	54.9273	0.3355	26.5555	4.7387	NaN	3.0844	3.8631	21	0	63.9923	28.8599	141	14	1.046	2.7611	21	0	2.4636	3.0458	15	0	54.5394	18.9564	122	14	0.3636	1.0752	7	0	0.1488	5	53.0909	50.6264	96.315	8.6227	175.7314	367.7954
88_2_FITC.tif	58a5bd3c-bfc8-457e-af08-ee28008fccfd	Cell		Positive	Annotation	Polygon	268.79	2219.1	11.3898	23.7947	0.2528	11.4607	1.7837	NaN	2.9839	185	3.8983	15	0	15	105.7742	6558	18.2895	135	69	66	2.6613	165	3.9751	15	0	15	80.7641	54.9543	0.3361	26.6685	4.7194	NaN	2.0995	3.1619	18	0	57.7704	27.767	135	21	0.7321	2.0146	15	0	1.9333	2.9815	18	0	48.7515	18.3966	130	21	0.3697	1.0298	8	0	0.143	4	65.6749	70.9431	112.1906	8.6227	432.8984	804.0563
88_2_FITC.tif	541c7058-9ce0-4643-a286-5f5b4cd9304d	Cell		Positive	Annotation	Polygon	286.59	2242.5	4.9701	13.0731	0.3654	6.3373	0.9687	NaN	2.5769	67	2.4847	8	0	8	117.5385	3056	7.3115	129	105	24	1.7692	46	2.2505	7	0	7	79.3145	48.2518	0.4281	23.0016	4.5029	NaN	1.8698	2.8282	18	0	89.6328	18.3664	129	47	0.6562	1.7911	12	0	1.8184	2.8478	18	0	87.6061	17.2428	128	47	0.5754	1.7292	12	0	0.0607	7	59.2227	64.4754	93.8513	15.9276	447.6766	1446.7499
88_2_FITC.tif	410d1b4d-2a3f-4a1c-8048-36307e6b687d	Cell		Positive	Annotation	Polygon	281.06	2255	13.0465	24.1646	0.2808	11.0924	1.8599	NaN	1.5882	108	2.4387	10	0	10	129.5588	8810	12.8741	156	106	50	1.6618	113	2.4714	10	0	10	84.6987	55.035	0.3514	26.5497	4.4021	NaN	1.4477	2.5868	13	0	100.5815	19.8016	156	52	0.7251	1.8372	14	0	1.4198	2.6177	13	0	94.8367	15.4123	145	52	0.5394	1.6251	14	0	0.1598	7	46.6985	50.6264	72.8774	4.4778	215.9476	744.1875
88_2_FITC.tif	a4d41bf4-6217-4aa3-9cce-93cdf2a1936e	Cell		Positive	Annotation	Polygon	283.26	2264	8.9048	18.0303	0.3442	8.3591	1.5728	NaN	3.8222	172	4.308	18	0	18	126.1111	5675	13.2754	148	96	52	3.2444	146	4.3178	17	0	17	66.0609	49.0361	0.3452	23.5178	4.1177	NaN	2.2125	3.2181	18	0	79.9875	24.0488	148	41	0.75	2.1728	17	0	1.9491	2.9294	12	0	72.44	15.4424	133	41	0.3418	1.146	8	0	0.1262	4	42.1431	44.3642	75.3661	4.4778	375.2259	1113.4244
88_2_FITC.tif	1f3da031-82c8-4e19-990e-90a0e8091a37	Cell		Positive	Annotation	Polygon	326.36	2297.4	22.3654	27.8474	0.3624	11.0566	2.8932	NaN	2.3009	260	3.4145	22	0	22	112.3186	12692	16.1932	141	72	69	2.5221	285	3.6231	21	0	21	104.165	54.2406	0.4449	22.6495	6.4034	NaN	1.0652	2.3331	22	0	59.7846	37.4477	141	6	1.0059	2.4764	21	0	0.7099	1.7648	11	0	44.6794	26.5959	120	6	0.57	1.8157	16	0	0.2159	9	105.9395	70.2322	405.6963	6.9284	3332.6379	20727.5879
88_2_FITC.tif	dfe19c0d-1b5a-4c19-bb3d-ce469d9c2864	Cell		Positive	Annotation	Polygon	326.29	2307.8	2.8992	8.743	0.4766	4.1514	0.9063	NaN	3.2667	49	3.8073	10	0	10	124.4	1866	8.201	137	108	29	2.8667	43	3.583	10	0	10	4.763	11.2351	0.4742	5.3705	1.3166	NaN	2.2308	3.3859	10	0	117.1923	12.1886	137	97	1.8462	2.9892	10	0	0.8182	2.1363	7	0	107.3636	9.6465	128	97	0.4545	0.8202	2	0	0.4771	3	6.6519	6.9284	7.6609	5.3665	4.3775	6.2051
88_2_FITC.tif	c8c0cb45-ee4a-41f9-b498-26e08ca1dcda	Cell		Positive	Annotation	Polygon	324.53	2314.9	8.9048	17.3619	0.3712	8.1809	1.4537	NaN	3.5745	168	4.964	19	0	19	110.3191	5185	18.2472	140	70	70	3.5957	169	4.924	19	0	19	51.9789	44.0937	0.336	21.2317	3.3534	NaN	1.3098	2.8579	19	0	59.6902	30.1866	140	21	0.9765	2.6382	19	0	0.7981	1.7659	9	0	48.25	18.183	120	21	0.3846	1.1147	8	0	0.1711	4	13.5468	8.8139	33.5427	3.0167	43.5892	145.2584
88_2_FITC.tif	a869eab7-b64b-4f95-9a42-2d364a287a1a	Cell		Positive	Annotation	Polygon	327.97	2316.7	7.041	13.7176	0.4702	5.9135	1.742	NaN	2.7895	106	2.9606	13	0	13	96.2632	3658	13.7579	114	65	49	2.8158	107	2.9487	13	0	13	52.8073	39.4943	0.4254	18.7018	3.5911	NaN	1.062	2.1328	13	0	50.8992	28.7383	114	14	0.7984	1.9483	13	0	0.7636	1.8027	11	0	43.0636	22.7698	105	14	0.45	1.4688	10	0	0.1342	6	63.466	24.1158	189.9292	3.0167	865.3023	3187.2747
88_2_FITC.tif	0f606bad-5abd-4557-bb70-e21b67a1016a	Cell		Positive	Annotation	Polygon	266.23	2328.8	17.3953	32.2351	0.2104	15.4938	1.6559	NaN	3.0795	271	4.4314	22	0	22	94.6705	8331	11.5587	124	69	55	2.75	242	4.5517	23	0	23	134.3997	66.7808	0.3787	32.0193	5.1379	NaN	4.1662	6.2869	31	0	61.0754	20.5785	124	17	0.7662	2.2193	23	0	4.3363	6.5166	31	0	55.8149	16.2611	92	17	0.4555	1.3307	10	0	0.1301	7	202.3166	112.1906	702.3555	32.2626	1150.8351	2314.8274
88_2_FITC.tif	66cefe5a-7d9c-4d98-a1f5-f1b205638bcf	Cell		Positive	Annotation	Polygon	297.5	2335.7	19.4662	32.1641	0.2365	12.8819	2.063	NaN	1.6162	160	3.1191	16	0	16	117.697	11652	10.6746	143	91	52	1.2727	126	2.8885	16	0	16	117.0044	64.0886	0.358	30.1029	5.1579	NaN	1.1708	2.2873	16	0	83.3345	23.3688	143	36	0.6496	1.7893	16	0	1.0768	2.0617	13	0	76.081	18.3101	120	36	0.5181	1.4256	11	0	0.1679	5	78.7494	75.3661	189.9752	2.2916	709.781	1846.0005
88_2_FITC.tif	fc61172b-93bc-412a-a118-741183492ea3	Cell		Positive	Annotation	Polygon	300.45	2334.9	2.6921	10.878	0.2859	5.3074	0.7058	NaN	0.125	2	0.5	2	0	2	111.5625	1785	4.0327	117	103	14	0.1875	3	0.5439	2	0	2	32.9269	37.1145	0.3004	18.261	2.479	NaN	0.8571	1.635	7	0	83.9317	17.479	117	54	0.5528	1.3318	8	0	0.9379	1.6965	7	0	80.8828	15.6069	116	54	0.5931	1.3869	8	0	0.0779	6	65.8684	38.3943	190.0193	2.2916	763.5707	3187.2747
88_2_FITC.tif	74ed3ff1-01aa-4502-9bb0-070f882b158c	Cell		Positive	Annotation	Polygon	425.16	2376.1	8.2835	15.5038	0.4331	7.2388	1.5167	NaN	2.0682	91	2.9365	11	0	11	108.6591	4781	8.707	123	87	36	1.4773	65	2.0964	7	0	7	60.2624	36.6965	0.5624	16.7872	4.968	NaN	0.8191	1.6935	11	0	64.9079	29.2638	123	7	0.5324	1.2646	7	0	0.5984	1.2473	6	0	57.1767	24.4037	108	7	0.3655	0.9667	5	0	0.1456	6	154.6455	79.642	491.2611	9.6192	6504.5889	20727.5879
88_2_FITC.tif	75d4f1fd-3b57-42d7-8a18-e94061c34ecc	Cell		Positive	Annotation	Polygon	426.73	2392.7	14.7032	24.6571	0.3039	11.7777	1.9408	NaN	1.2568	93	1.9936	9	0	9	110.0135	8141	6.2252	123	93	30	1.3919	103	2.1056	9	0	9	70.6168	47.5848	0.3919	22.5442	3.7959	NaN	1.093	2.3306	16	0	70.436	32.2786	123	11	1.0029	2.2072	16	0	1.0481	2.4162	16	0	59.5889	27.7311	110	11	0.8963	2.2262	16	0	0.2075	7	101.2391	95.6884	267.5617	1.6398	1395.4039	7369.3462
88_2_FITC.tif	f3e53766-8ddc-4986-944c-984308198670	Cell		Positive	Annotation	Polygon	423.51	2390.8	3.5205	11.9548	0.3095	5.7553	0.7514	NaN	2.25	45	3.3541	12	0	12	99.9	1998	10.2181	118	81	37	2.35	47	3.3289	12	0	12	37.897	39.0225	0.3127	18.8861	2.485	NaN	1.0865	2.2538	12	0	59.4162	24.7451	118	8	0.8378	2.0604	12	0	0.9455	2.0519	11	0	54.5091	21.2321	104	8	0.6545	1.7795	11	0	0.0941	4	26.9379	16.4058	73.3004	1.6398	90.2033	269.2364
88_2_FITC.tif	a78037bd-f8e3-42ee-b3e1-d043f3ef5f52	Cell		Positive	Annotation	Polygon	417.27	2411.3	9.526	13.6637	0.6412	5.9917	1.9668	NaN	13.75	660	13.4805	49	0	49	107.4792	5159	24.1863	153	69	84	13.75	660	13.4615	49	0	49	95.0531	47.8351	0.522	22.041	5.3843	NaN	2.3609	6.1457	49	0	38.5261	27.4159	153	2	1.6652	6.0518	49	0	1.034	2.1179	11	0	30.4927	12.3512	82	2	0.2573	1.0656	10	0	0.0946	6	75.2292	60.0636	143.4609	23.1924	962.4106	2840.1567
88_2_FITC.tif	790382e6-01da-4ea3-9b2c-c21a8d01169f	Cell		Positive	Annotation	Polygon	425.53	2461.8	33.7552	42.5026	0.2348	20.4622	2.4197	NaN	5.0178	848	4.8544	18	0	18	112.4615	19006	14.3544	138	64	74	2.1065	356	3.0493	17	0	17	172.918	78.0863	0.3564	37.0405	5.992	NaN	4.6249	4.6674	21	0	68.9295	27.5032	138	22	0.7897	2.1479	19	0	4.5254	4.6174	21	0	57.9162	17.1627	106	22	0.4566	1.7	19	0	0.2004	6	43.3421	37.697	73.3004	17.2622	139.3503	269.2364
88_2_FITC.tif	44c98615-bebe-4d87-bce6-e666cc182f14	Cell		Positive	Annotation	Polygon	421.82	2480.1	5.7984	14.1561	0.3636	6.861	1.0659	NaN	4.8276	140	3.3495	11	0	11	104.3793	3027	5.3078	112	93	19	1.1724	34	1.56	5	0	5	72.8948	48.0491	0.3968	23.0059	4.482	NaN	4.1161	4.2212	24	0	70.0085	23.242	115	24	0.9178	1.8683	11	0	4.0525	4.2891	24	0	66.9321	21.6954	115	24	0.8951	1.8938	11	0	0.0741	8	111.7921	129.1155	216.6013	8.5781	1191.3185	3187.2747
88_2_FITC.tif	ff316c33-5922-43b5-be52-300b153036c6	Cell		Positive	Annotation	Polygon	429.2	2481.9	18.2237	21.5633	0.4925	9.3288	2.7213	NaN	3.5165	320	3.585	12	0	12	132.8242	12087	16.6984	162	94	68	2.8901	263	3.2402	12	0	12	89.8759	55.0654	0.3725	25.8596	4.7815	NaN	4.4932	5.8454	33	0	87.7032	29.9623	162	30	1.0936	2.3126	12	0	4.7493	6.2845	33	0	75.8703	19.6327	129	30	0.6225	1.7183	11	0	0.203	4	9.904	7.6637	21.1309	3.1577	31.2244	71.6284
88_2_FITC.tif	8b2c3a06-8f28-4484-9ad9-0526937eebc1	Cell		Positive	Annotation	Polygon	433.16	2485.1	8.4906	15.8962	0.4222	7.5223	1.4561	NaN	3.2667	147	2.8556	11	0	11	114.3333	5145	9.7305	128	87	41	1.5556	70	1.9835	8	0	8	52.3931	47.3543	0.2936	23.1731	3.4167	NaN	2.6085	3.3877	16	0	76.6163	26.4977	128	28	0.9767	2.2765	17	0	2.4695	3.4798	16	0	68.6479	21.5814	124	28	0.8545	2.3194	17	0	0.1619	6	37.2589	35.4307	95.6884	3.1577	361.8186	1681.9534
88_2_FITC.tif	3ffa80d7-2b13-4d2c-958e-d6008864acd7	Cell		Positive	Annotation	Polygon	430.98	2494.2	3.5205	9.931	0.4486	4.6843	1.0228	NaN	3.45	69	3.4561	10	0	10	109.1	2182	7.225	120	94	26	2	40	2.3396	7	0	7	30.6489	29.748	0.4352	13.9497	3.2834	NaN	2.3067	3.5577	18	0	70.5533	29.1203	120	22	1.24	2.7798	18	0	2.1308	3.5533	18	0	64.6231	26.5702	115	22	1.1231	2.8312	18	0	0.1002	4	18.0623	10.2097	46.8384	4.9916	46.6632	109.0937
88_2_FITC.tif	2f319cb0-fe6a-4316-aa30-1aed0cd8fa6b	Cell		Positive	Annotation	Polygon	471.13	2508.4	2.278	6.274	0.7272	2.5633	1.1479	NaN	23.6923	308	12.1201	42	0	42	61.8462	804	15.0767	81	33	48	23.4615	305	11.9347	41	0	41	47.8372	37.6098	0.425	17.673	3.974	NaN	3.0043	6.9186	42	0	12.7991	15.635	81	0	2.3547	6.8858	41	0	1.7873	3.9881	24	0	9.914	9.7973	52	0	1.1131	3.8175	24	0	0.0444	6	241.18	258.3385	473.1123	4.1656	9575.5996	32614.0195
88_2_FITC.tif	6a938af6-62d9-447e-bc5e-db72787870fc	Cell		Positive	Annotation	Polygon	469.4	2514.2	2.6921	6.5157	0.7969	2.6849	1.1425	NaN	23.1429	324	15.6198	47	0	47	66.9286	937	18.2102	93	39	54	23.2143	325	15.577	47	0	47	25.6788	33.4931	0.2877	16.3575	2.0279	NaN	4.5906	10.0106	47	0	24.3228	20.4504	93	1	4.6142	10.0752	47	0	2.292	6.0055	40	0	19.0442	13.3037	74	1	2.3097	6.118	40	0	0.0903	4	46.8911	25.7292	132.0872	4.0189	484.0145	1681.9534
88_2_FITC.tif	30a84b1b-2182-43c8-ac35-295e37e492e9	Cell		Positive	Annotation	Polygon	467.75	2519.7	2.278	5.5252	0.9377	2.1383	1.1471	NaN	26.8333	322	6.3937	36	14	22	69.9167	839	9.6433	80	50	30	26.8333	322	6.9129	36	11	25	45.1451	36.1394	0.4344	16.9925	3.7305	NaN	3.0724	6.4543	36	0	16.5701	15	80	0	2.371	6.6673	36	0	1.7081	2.7309	12	0	13.5072	7.7106	42	0	0.9665	2.8257	19	0	0.043	4	26.974	27.5114	48.8543	4.0189	66.0145	109.0937
