Image	Object ID	Object type	Name	Classification	Parent	ROI	Centroid X µm	Centroid Y µm	Nucleus: Area	Nucleus: Perimeter	Nucleus: Circularity	Nucleus: Max caliper	Nucleus: Min caliper	Nucleus: Eccentricity	Nucleus: Red mean	Nucleus: Red sum	Nucleus: Red std dev	Nucleus: Red max	Nucleus: Red min	Nucleus: Red range	Nucleus: Green mean	Nucleus: Green sum	Nucleus: Green std dev	Nucleus: Green max	Nucleus: Green min	Nucleus: Green range	Nucleus: Blue mean	Nucleus: Blue sum	Nucleus: Blue std dev	Nucleus: Blue max	Nucleus: Blue min	Nucleus: Blue range	Cell: Area	Cell: Perimeter	Cell: Circularity	Cell: Max caliper	Cell: Min caliper	Cell: Eccentricity	Cell: Red mean	Cell: Red std dev	Cell: Red max	Cell: Red min	Cell: Green mean	Cell: Green std dev	Cell: Green max	Cell: Green min	Cell: Blue mean	Cell: Blue std dev	Cell: Blue max	Cell: Blue min	Cytoplasm: Red mean	Cytoplasm: Red std dev	Cytoplasm: Red max	Cytoplasm: Red min	Cytoplasm: Green mean	Cytoplasm: Green std dev	Cytoplasm: Green max	Cytoplasm: Green min	Cytoplasm: Blue mean	Cytoplasm: Blue std dev	Cytoplasm: Blue max	Cytoplasm: Blue min	Nucleus/Cell area ratio	Delaunay: Num neighbors	Delaunay: Mean distance	Delaunay: Median distance	Delaunay: Max distance	Delaunay: Min distance	Delaunay: Mean triangle area	Delaunay: Max triangle area
88_9_FITC.tif	c3648486-bc96-43af-9e2e-828edcf26cc4	Cell		Positive	Annotation	Polygon	213.19	1019.8	28.7851	32.2346	0.3481	14.6675	3.4521	NaN	11.3427	1622	15.6507	68	0	68	138.3427	19783	51.7482	226	25	201	11.3217	1619	15.619	68	0	68	157.3864	65.6439	0.459	31.0107	6.8339	NaN	2.1476	8.0973	68	0	35.0343	57.0743	226	0	2.1423	8.0813	68	0	0.013	0.1799	3	0	11.0519	18.4095	111	0	0.0114	0.1558	3	0	0.1836	10	423.4358	313.929	1024.8879	217.0614	27362.75	87728.6953
88_9_FITC.tif	4d8634ac-f896-4590-ba3e-bdb7b7c304e2	Cell		Positive	Annotation	Polygon	94.76	1253.5	13.0465	21.0095	0.3714	9.8266	1.8923	NaN	4.7463	318	4.8783	16	0	16	90.4925	6063	36.2848	151	24	127	4.791	321	4.879	16	0	16	77.6578	46.1423	0.4583	21.5056	5.3206	NaN	0.8413	2.7313	16	0	21.2804	38.3788	151	0	0.8492	2.7429	16	0	0	0	0	0	6.3698	15.8932	114	0	0	0	0	0	0.1612	5	270.421	279.1265	456.3041	10.4009	1526.1825	2845.9077
88_9_FITC.tif	52f370cd-f265-45f3-b2a2-ec68952174ea	Cell		Positive	Annotation	Polygon	95.7	1270.4	19.2591	25.9335	0.3599	11.1183	2.2174	NaN	4.8454	470	4.8117	21	0	21	110.3918	10708	33.6122	165	28	137	4.7938	465	4.813	21	0	21	97.5382	49.9877	0.4905	22.4287	5.5154	NaN	0.9979	2.9286	21	0	32.6157	45.2262	165	0	0.9873	2.9151	21	0	0	0	0	0	12.4439	17.4775	88	0	0	0	0	0	0.2027	4	192.3015	242.3052	274.1948	10.4009	3975.5442	12498.4609
88_9_FITC.tif	399fa60f-e387-47a7-99bc-73408205b7fb	Cell		Positive	Annotation	Polygon	94.07	1482.7	9.3189	13.5935	0.6337	5.9259	2.1797	NaN	10.3333	496	11.2597	39	0	39	89	4272	26.284	131	28	103	10.2708	493	11.2169	38	0	38	97.3311	48.0497	0.5298	22.0162	5.5914	NaN	1.0915	4.7453	39	0	26.883	27.0376	131	0	1.0809	4.7228	38	0	0.0403	0.2937	4	0	19.8175	15.7254	71	0	0.0355	0.2777	4	0	0.0917	5	214.3834	207.5661	478.5338	57.0508	7351.7705	17814.1055
88_9_FITC.tif	158d6b90-78bd-4b46-9f2e-8f9f3b3d6595	Cell		Positive	Annotation	Polygon	70.44	1535	47.423	40.2456	0.3679	14.6118	5.085	NaN	1.0302	239	1.9637	12	0	12	163.4397	37918	16.6444	198	120	78	0.7155	166	1.4069	8	0	8	210.1937	68.8622	0.557	31.1735	8.6075	NaN	1.1368	2.9337	24	0	113.3012	39.4019	198	24	0.997	2.8453	24	0	1.1684	3.1647	24	0	98.4643	31.0728	172	24	1.0804	3.1432	24	0	0.2249	5	146.0308	64.7461	279.1265	57.0508	1494.3285	2845.9077
88_9_FITC.tif	b8b2e19f-45fa-4cbd-af5b-f5c3c0b6b7ee	Cell		Positive	Annotation	Polygon	602.96	693.05	11.3898	18.2365	0.4304	8.6711	1.7836	NaN	6.5	390	9.7276	39	0	39	72.5167	4351	20.9556	123	40	83	6.45	387	9.6646	39	0	39	100.6445	53.1547	0.4476	25.0162	5.1772	NaN	0.8316	4.0103	39	0	20.037	22.6662	123	0	0.8275	3.9829	39	0	0.0351	0.2845	4	0	12.6628	9.1042	49	0	0.0375	0.2883	4	0	0.1082	7	261.7419	358.788	386.1963	67.2711	7766.2227	23678.2539
88_9_FITC.tif	11913999-76c5-4e91-a3ee-9a4cfb1e66b5	Cell		Positive	Annotation	Polygon	628.61	755.29	3.3134	8.5385	0.5711	3.9372	0.988	NaN	1.5	27	1.4246	4	0	4	151.2778	2723	4.5737	159	142	17	1.3889	25	1.5005	4	0	4	70.2026	42.9613	0.478	20.0194	4.3488	NaN	0.5529	1.1725	8	0	110.2029	25.6516	159	53	0.5471	1.1525	8	0	0.5	1.1363	8	0	107.9068	24.37	157	53	0.5	1.1142	8	0	0.0394	3	132.6551	67.2711	315.9408	14.7534	2009.467	4179.2153
88_9_FITC.tif	41c12af5-5a74-4f58-8449-a3a24853b1c4	Cell		Positive	Annotation	Polygon	638.99	766.24	46.3876	43.6906	0.3054	18.2078	3.662	NaN	12.943	2951	7.6135	27	0	27	205.7456	46910	10.6765	221	168	53	12.8509	2930	7.572	27	0	27	195.9047	74.627	0.442	35.0059	7.041	NaN	3.8046	6.7716	27	0	141.944	64.0154	221	0	3.7497	6.7442	27	0	0.9068	2.6763	22	0	121.7121	60.5037	216	0	0.8637	2.6752	22	0	0.2329	6	258.8807	318.0104	438.3619	14.7534	1947.9458	6028.4009
88_9_FITC.tif	29719d11-1c6d-43d7-b4b4-9681d3c1863b	Cell		Positive	Annotation	Polygon	455.96	813.98	3.7276	11.5156	0.3532	5.6151	0.7998	NaN	22	418	15.7973	55	1	54	81.8947	1556	19.6522	116	51	65	21.9474	417	15.8271	55	1	54	71.4451	46.0589	0.4232	22.007	4.1417	NaN	1.2478	6.1725	55	0	15.6599	20.4857	116	0	1.245	6.1659	55	0	0.0457	0.3239	4	0	11.8232	12.3741	51	0	0.0457	0.3045	4	0	0.0384	5	242.2487	224.9328	318.155	163.8118	11562.252	18650.6758
88_9_FITC.tif	6641b078-c123-422b-962c-a589ee368e56	Cell		Positive	Annotation	Polygon	425.45	974.36	4.5559	12.1545	0.3875	5.7189	0.914	NaN	11.28	282	13.6489	40	0	40	78.36	1959	19.7945	114	44	70	11.28	282	13.6642	40	0	40	82.4208	48.628	0.438	23.0394	4.5709	NaN	0.9497	4.382	40	0	37.1784	16.0914	114	12	0.9623	4.391	40	0	0.2574	0.9059	7	0	34.4182	11.3773	64	12	0.2708	0.9471	7	0	0.0523	5	209.1746	217.0614	271.8568	154.8078	10386.0898	24512.5977
88_9_FITC.tif	25033fe6-6287-411a-8178-d7bb3cc4957b	Cell		Positive	Annotation	Polygon	494.99	1033.2	15.1174	25.6613	0.2885	11.7278	2.143	NaN	7.1688	552	8.732	33	0	33	99.9221	7694	25.2434	144	45	99	7.1948	554	8.6558	33	0	33	93.1893	53.8622	0.4037	25.6434	5.7024	NaN	1.2279	4.4854	33	0	34.5996	35.5956	144	2	1.2323	4.4663	33	0	0.008	0.0892	1	0	21.1867	18.4261	99	2	0.008	0.0892	1	0	0.159	6	120.6757	58.8829	358.788	9.4885	4543.9302	18650.6758
88_9_FITC.tif	50a8b532-8ebb-41bc-954d-61105cecfacd	Cell		Positive	Annotation	Polygon	496.97	1042.5	12.0111	19.3658	0.4025	8.9355	1.7948	NaN	7.4286	468	8.913	35	0	35	161.0318	10145	31.1645	210	94	116	7.3492	463	8.8976	35	0	35	23.608	33.1686	0.2697	16.0269	2.5201	NaN	3.876	7.4078	35	0	114.6116	60.7772	210	10	3.8347	7.3783	35	0	0.0172	0.1313	1	0	64.1897	41.8512	159	10	0.0172	0.1313	1	0	0.4921	4	6.6123	6.5572	9.4885	3.8465	6.9796	8.1637
88_9_FITC.tif	bc0cbcf3-4473-4379-bb7f-38ffa346b82f	Cell		Positive	Annotation	Polygon	499.82	1047.2	17.8095	20.9275	0.511	9.1754	2.3688	NaN	6.9545	612	10.2788	40	0	40	144.875	12749	44.9311	211	46	165	6.8523	603	10.2515	40	0	40	63.7829	48.5466	0.3401	22.9939	4.2427	NaN	1.9806	6.2922	40	0	58.5161	62.1657	211	5	1.9484	6.2575	40	0	0.009	0.0947	1	0	24.2838	21.4914	151	5	0.0045	0.0671	1	0	0.2698	7	94.4292	13.0791	369.8626	3.8465	3826.9858	23678.2539
88_9_FITC.tif	1d2718e6-31e0-48a6-b916-dd60da6bc43f	Cell		Positive	Annotation	Polygon	494.95	1051.1	1.2425	6.5874	0.3598	3.1083	0.5009	NaN	0.5	4	0.7559	2	0	2	76.75	614	9.4529	91	63	28	0.5	4	0.7559	2	0	2	18.2237	24.3526	0.3861	11.7703	2.5236	NaN	0.1099	0.4333	3	0	35.8791	23.5824	100	9	0.1099	0.4333	3	0	0.0723	0.3756	3	0	31.9398	20.5932	100	9	0.0723	0.3756	3	0	0.0637	4	28.5381	9.4871	91.435	3.7432	123.1043	348.8142
88_9_FITC.tif	4f8b239f-321e-4997-a6e4-f60dd57345c5	Cell		Positive	Annotation	Polygon	496.59	1057	3.1063	8.2433	0.5745	3.8563	1.038	NaN	2.8824	49	3.638	11	0	11	99.7647	1696	19.3634	126	66	60	2.9412	50	3.631	11	0	11	21.5371	25.5666	0.414	12.0189	2.3255	NaN	0.4537	1.7582	11	0	44.287	34.3266	128	11	0.463	1.769	11	0	0	0	0	0	33.9231	25.3825	128	11	0	0	0	0	0.1277	5	21.8411	5.3554	89.0866	2.7381	53.4017	131.5165
88_9_FITC.tif	d9080131-a1b9-411d-a68b-b7ffecd2110b	Cell		Positive	Annotation	Polygon	498.87	1059.7	2.8992	9.4107	0.4114	4.5304	0.9358	NaN	2	34	2.3979	6	0	6	93.5882	1591	13.5419	116	67	49	1.9412	33	2.2212	6	0	6	26.7143	27.546	0.4424	13.0014	2.783	NaN	0.4104	1.3667	8	0	42.8134	26.6783	116	11	0.403	1.3214	8	0	0.1795	0.9615	8	0	35.4359	18.9215	98	11	0.1795	0.9615	8	0	0.1007	6	220.2691	109.62	601.1951	2.7381	11230.2998	27646.9863
88_9_FITC.tif	bbc8a75d-b5de-4377-ba45-7b3d801eec68	Cell		Positive	Annotation	Polygon	624.91	1070.4	41.2104	42.9706	0.2805	19.662	3.5187	NaN	1.2129	245	1.8445	9	0	9	106.3119	21475	19.3832	139	54	85	1.2228	247	1.8433	9	0	9	164.0132	76.7918	0.3495	36.054	7.041	NaN	0.3929	1.1515	9	0	53.9307	38.1244	139	0	0.3955	1.1495	9	0	0.1132	0.5601	7	0	36.0574	23.7629	114	0	0.1132	0.551	7	0	0.2513	5	206.7059	305.7721	378.7166	7.7278	2223.7168	6028.4009
88_9_FITC.tif	64795284-d51e-41a4-a9a4-496eb8ab7f65	Cell		Positive	Annotation	Polygon	622.48	1081.4	2.278	9.2387	0.3354	4.4497	0.7928	NaN	0.2667	4	0.5936	2	0	2	91	1365	2.8785	97	88	9	0.2	3	0.414	1	0	1	32.9269	31.5325	0.4161	14.7241	2.6921	NaN	0.3025	0.8044	5	0	69.2531	16.1007	97	30	0.3025	0.8121	5	0	0.3061	0.8244	5	0	67.034	15.216	97	30	0.3129	0.8424	5	0	0.0769	6	99.0082	26.671	386.1963	7.7278	4268.8379	23678.2539
88_9_FITC.tif	ecf21e3d-5d56-4145-a257-81f7f12be0fc	Cell		Positive	Annotation	Polygon	630.58	1095.9	42.0387	43.6445	0.2773	17.7662	3.2789	NaN	1.6172	338	2.1476	11	0	11	126.799	26501	22.8344	167	77	90	1.5742	329	2.1089	11	0	11	184.7219	73.9779	0.4242	34.0429	6.8339	NaN	0.4848	1.3519	11	0	61.2941	42.8857	167	4	0.477	1.3291	11	0	0.1378	0.6823	9	0	41.2199	22.8895	134	4	0.1408	0.6839	9	0	0.2286	7	75.4157	38.1391	330.2487	16.1382	439.6589	1719.6329
88_9_FITC.tif	d6f2e530-4379-4a0f-8e84-7bd322e227da	Cell		Positive	Annotation	Polygon	620.99	1098	13.0465	19.8791	0.4149	9.4578	2.098	NaN	4.3824	298	4.9956	18	0	18	118.0441	8027	19.6806	143	69	74	4.4118	300	4.9902	18	0	18	72.6877	48.4206	0.3896	23.2377	4.2912	NaN	0.8669	2.7843	18	0	50.4788	39.8946	143	0	0.8697	2.789	18	0	0.0281	0.2357	3	0	34.3579	22.9661	135	0	0.0246	0.2125	3	0	0.1845	6	133.6754	98.8845	439.0661	9.7954	5309.3857	27646.9863
88_9_FITC.tif	a8426706-2716-4885-8f37-1a8157b82fd8	Cell		Positive	Annotation	Polygon	623.5	1112.5	34.5836	38.6234	0.2913	16.5235	3.0289	NaN	1.2931	225	2.0599	8	0	8	130.1954	22654	21.0476	169	82	87	1.2644	220	2.0228	8	0	8	135.6422	68.8645	0.3594	32.9453	6.4539	NaN	0.5152	1.4419	10	0	78.6921	39.239	169	16	0.5015	1.4164	10	0	0.2344	1.0036	10	0	60.0996	25.1273	121	16	0.2261	0.9868	10	0	0.258	6	28.2928	27.6338	57.0811	9.7954	67.6387	142.5726
88_9_FITC.tif	75575711-db6d-433a-9aba-e9a7f4e15cef	Cell		Positive	Annotation	Polygon	448.68	1128.1	4.1417	12.7288	0.3212	6.2178	0.8165	NaN	15.2857	321	15.4762	49	0	49	63.2857	1329	21.9115	105	28	77	15.1905	319	15.5551	49	0	49	75.1727	48.1316	0.4078	23.0167	4.1417	NaN	0.8959	5.0855	49	0	11.1479	15.9193	105	0	0.8904	5.0833	49	0	0.0174	0.1699	2	0	7.9651	8.0221	38	0	0.0174	0.1699	2	0	0.0423	9	198.9373	121.8968	531.9688	88.312	5410.2256	15486.6436
88_9_FITC.tif	87f1a1ba-95fd-4b32-8360-8a0346eb2ced	Cell		Positive	Annotation	Polygon	626.17	1130.7	3.3134	11.0225	0.3427	5.266	1.0454	NaN	0.2857	6	0.6437	2	0	2	98.5714	2070	2.9761	104	93	11	0.2381	5	0.539	2	0	2	49.2868	36.1421	0.4741	15.9521	4.3417	NaN	0.5868	1.3945	8	0	77.8471	16.5904	108	37	0.5661	1.3807	8	0	0.6154	1.4433	8	0	75.8778	15.9943	108	37	0.5973	1.432	8	0	0.0751	3	23.2063	23.8055	38.1391	7.6743	47.5242	110.8711
88_9_FITC.tif	b7d070ca-1b9a-4974-b956-4757ce31c64a	Cell		Positive	Annotation	Polygon	627.05	1143.6	6.4197	13.1218	0.4685	5.9617	1.3792	NaN	1.0938	35	1.9569	9	0	9	101.3125	3242	5.0446	114	92	22	1.0938	35	1.9569	9	0	9	61.0908	40.744	0.4624	18.0327	4.763	NaN	0.3973	1.1899	9	0	65.4209	24.2175	114	19	0.3973	1.1842	9	0	0.3132	1.0354	7	0	61.0868	21.8995	103	19	0.3132	1.028	7	0	0.0957	6	25.6264	27.143	45.7224	7.6743	111.2614	301.4894
88_9_FITC.tif	05821ce9-e509-4351-8f3a-e9dc596e7139	Cell		Positive	Annotation	Polygon	639.62	1148	19.2591	30.5743	0.2589	12.8698	2.4586	NaN	0.5354	53	0.8489	3	0	3	176.8485	17508	10.3435	195	142	53	0.4747	47	0.8249	3	0	3	134.6068	62.7769	0.4292	28.8545	6.0041	NaN	0.3585	0.8505	5	0	134.74	34.5336	195	57	0.3431	0.8294	5	0	0.3267	0.8477	5	0	127.1742	31.8067	188	57	0.3194	0.8288	5	0	0.1457	5	105.3367	53.663	383.0331	14.6131	664.3549	1719.6329
88_9_FITC.tif	d57dbc02-f839-431f-904e-306e82e253b6	Cell		Positive	Annotation	Polygon	627.06	1166.8	12.8394	20.9503	0.3676	8.7946	1.9702	NaN	3.2923	214	4.3722	15	0	15	104.0923	6766	13.8109	128	77	51	3.2923	214	4.429	15	0	15	110.9988	55.2577	0.4568	26.002	5.5735	NaN	0.6903	2.0446	15	0	55.6418	27.7277	128	13	0.6828	2.0535	15	0	0.3312	1.0441	8	0	48.9554	21.9027	104	13	0.3227	1.0283	8	0	0.1132	6	95.5742	49.0528	373.2303	9.5562	1125.5898	4058.1116
88_9_FITC.tif	9bc13e2b-8a7b-40ef-baf6-c37093880d53	Cell		Positive	Annotation	Polygon	636.51	1169	17.8095	27.0925	0.3049	12.5283	2.0771	NaN	2.2258	207	2.8822	15	0	15	179.4301	16687	12.6142	200	144	56	2.1183	197	2.8008	15	0	15	120.3178	60.5682	0.4121	29.0299	5.6924	NaN	0.6151	1.6374	15	0	118.9656	48.8323	200	7	0.5859	1.5585	15	0	0.3088	1.0187	11	0	107.4663	44.495	181	7	0.2945	0.9383	10	0	0.1502	4	23.6598	24.1959	36.6913	9.5562	139.4292	164.2279
88_9_FITC.tif	5c528e2f-e01e-4040-ac9e-1b710b42727e	Cell		Positive	Annotation	Polygon	645.07	1204.1	75.5869	58.9655	0.2732	27.7269	3.8582	NaN	12.0802	4518	10.7501	36	0	36	197.0829	73709	24.2849	230	127	103	12.0053	4490	10.7074	36	0	36	253.682	91.6926	0.3792	44.0302	7.2481	NaN	4.1616	8.122	36	0	117.7535	66.1592	230	0	4.1363	8.0822	36	0	0.6816	2.1367	18	0	82.8895	45.3677	184	0	0.678	2.1293	18	0	0.3024	8	416.6045	388.7517	983.7986	36.6913	2699.6924	9551.1191
88_9_FITC.tif	1e674735-5b35-4f45-84c5-c6ed91d7e503	Cell		Positive	Annotation	Polygon	397.37	1211	6.6268	16.478	0.3067	7.8336	1.4871	NaN	17.2703	639	22.1568	75	0	75	81.4865	3015	37.8151	148	22	126	17.2432	638	22.1678	75	0	75	96.2956	52.5885	0.4376	25.0247	5.1601	NaN	1.4034	7.7368	75	0	14.8305	24.9867	148	0	1.4013	7.7362	75	0	0.035	0.315	5	0	9.0816	11.8663	61	0	0.035	0.3502	6	0	0.0724	4	152.1489	149.9264	266.2361	42.5066	8726.5674	24512.5977
88_9_FITC.tif	f7ea5447-431c-4514-8490-23d25228bc76	Cell		Positive	Annotation	Polygon	421.27	1246.7	5.5914	13.0362	0.4135	6.3065	1.3122	NaN	21.2069	615	22.1527	71	0	71	114.3103	3315	26.8702	162	70	92	21.2414	616	21.9946	70	0	70	82.2137	48.0755	0.447	23.0059	4.763	NaN	1.7186	8.0772	71	0	39.3317	34.2307	162	0	1.7236	8.053	70	0	0.187	0.8724	11	0	33.439	27.0427	102	0	0.1897	0.8796	11	0	0.0683	7	136.9209	136.3364	271.8568	39.7732	2078.9587	3479.0298
88_9_FITC.tif	564f73f8-8b62-48b1-a79e-859d0883b071	Cell		Positive	Annotation	Polygon	391.25	1272.7	4.763	12.7572	0.3678	6.0896	0.9521	NaN	16.0833	386	18.7104	56	0	56	57.5417	1381	26.2811	107	27	80	16.0417	385	18.8021	56	0	56	77.6578	48.0529	0.4226	23.0022	4.3488	NaN	1.0266	6.0803	56	0	5.2394	15.6512	107	0	1.0239	6.091	56	0	0	0	0	0	1.6733	4.0809	31	0	0	0	0	0	0.0494	4	129.678	84.6179	309.7029	39.7732	4471.7437	9152.6543
88_9_FITC.tif	d9da439e-2c3c-4980-ae8d-6fa97d24270b	Cell		Positive	Annotation	Polygon	394.54	1381.1	69.3743	73.0626	0.1633	34.8145	3.0042	NaN	1.4633	499	2.5843	15	0	15	86.4282	29472	18.9132	128	24	104	1.4252	486	2.5503	15	0	15	263.2081	104.9282	0.3004	51.0086	6.4785	NaN	0.4681	1.5386	15	0	36.2565	35.4887	128	0	0.4618	1.5189	15	0	0.1032	0.5432	7	0	17.8602	18.1129	87	0	0.1086	0.5549	7	0	0.2647	8	196.2945	94.6085	660.2416	47.4867	12114.0098	71230.1406
88_9_FITC.tif	55754e82-082e-413c-ac18-8ba15f387383	Cell		Positive	Annotation	Polygon	424.24	1414.1	3.3134	10.3147	0.3914	4.8398	0.9949	NaN	0.35	7	0.6708	2	0	2	62.1	1242	3.8784	69	55	14	0.35	7	0.8127	3	0	3	41.2104	34.3932	0.4378	16.1271	3.031	NaN	0.3614	0.989	5	0	40.3416	20.2408	69	2	0.3614	1.004	5	0	0.3626	1.0193	5	0	37.9506	19.8826	68	2	0.3626	1.0247	5	0	0.0864	4	61.0027	34.1703	170.4752	5.1951	738.5679	2501.3013
88_9_FITC.tif	571b19db-ce4f-4f5c-89e9-f0336e150fc9	Cell		Positive	Annotation	Polygon	425.95	1423.9	10.9756	21.1575	0.3081	9.5836	2.0053	NaN	3.9483	229	5.2463	22	0	22	76.4483	4434	17.1497	110	42	68	3.9483	229	5.1891	21	0	21	81.3853	53.6839	0.3549	24.9472	5.4119	NaN	0.6524	2.4792	22	0	30.0831	24.893	110	0	0.6574	2.4667	21	0	0.0885	0.6138	8	0	22.1504	15.6331	77	0	0.0944	0.6412	9	0	0.1306	7	114.6426	34.228	295.2055	5.1951	2800.1355	15275.5459
88_9_FITC.tif	1e164b9d-e7ca-430b-802c-3869dd29d6df	Cell		Positive	Annotation	Polygon	422.21	1434	6.0055	15.4639	0.3156	7.3268	1.1861	NaN	3.6774	114	4.2614	15	0	15	64.4516	1998	11.069	81	39	42	3.6129	112	4.2401	15	0	15	41.0033	37.1049	0.3743	17.6237	3.2594	NaN	0.6305	2.131	15	0	28.1626	21.0762	81	0	0.6158	2.1038	15	0	0.0814	0.4384	4	0	21.6221	14.8821	68	0	0.0756	0.3901	3	0	0.1378	5	23.8143	16.0101	63.5467	6.9499	110.6976	362.6918
88_9_FITC.tif	d2eb8637-f621-4a25-86c3-da1adafb48ad	Cell		Positive	Annotation	Polygon	420	1445.2	18.6379	36.7534	0.1734	16.1097	2.1909	NaN	2.8587	263	3.8189	14	0	14	74.9783	6898	17.4646	102	22	80	2.8261	260	3.7493	14	0	14	82.2137	59.038	0.2964	28.6132	4.6522	NaN	0.6617	2.1813	14	0	31.5945	30.9821	102	0	0.6542	2.1461	14	0	0.0097	0.1268	2	0	18.7194	20.7165	76	0	0.0097	0.1268	2	0	0.216	4	23.5641	9.6284	69.425	5.5743	59.8042	123.0828
88_9_FITC.tif	5844d739-85b2-48e4-be98-2f102854622b	Cell		Positive	Annotation	Polygon	424.43	1446	6.8339	17.061	0.295	8.0297	1.6729	NaN	1.675	67	1.8171	6	0	6	66.5	2660	13.6231	85	38	47	1.625	65	1.8493	6	0	6	38.1041	31.966	0.4686	15.1826	3.9046	NaN	0.4194	1.142	6	0	34.2366	24.2476	89	4	0.4086	1.1412	6	0	0.0753	0.471	4	0	25.3973	18.2864	89	4	0.0753	0.471	4	0	0.1981	5	11.8453	7.5136	27.1448	5.5743	19.7108	37.6738
88_9_FITC.tif	2713b95d-cf8d-4245-ba80-660c16f89ec8	Cell		Positive	Annotation	Polygon	422.48	1460.3	15.3245	22.9298	0.3663	9.3109	2.5436	NaN	1.4744	115	1.9852	8	0	8	88.1923	6879	18.1438	116	50	66	1.4487	113	1.9912	8	0	8	50.3222	40.5361	0.3848	19.4057	3.9094	NaN	0.4715	1.3082	8	0	48.5488	33.7254	116	6	0.4634	1.3049	8	0	0.006	0.0772	1	0	30.1429	21.0239	108	6	0.006	0.0772	1	0	0.2981	6	116.3259	9.9103	588.0702	2.3741	2128.6682	11789.793
88_9_FITC.tif	5bdfee9a-615b-449b-817c-6cdace7cf2dd	Cell		Positive	Annotation	Polygon	426.38	1455.7	6.0055	14.1906	0.3748	6.8521	1.1329	NaN	5	160	5.08	17	0	17	91.9062	2941	20.1436	119	57	62	5.0312	161	5.121	17	0	17	30.856	30.9523	0.4047	14.5724	3.0356	NaN	1.1046	3.0804	17	0	30.1961	38.8272	119	0	1.1111	3.1025	17	0	0.0744	0.4859	4	0	13.876	22.8183	113	0	0.0744	0.4859	4	0	0.1907	5	53.4915	7.2831	217.3968	2.3741	366.8049	1496.7
88_9_FITC.tif	a10b284a-cd56-4072-8a4c-997aaa205292	Cell		Positive	Annotation	Polygon	425.53	1467.5	7.6622	15.5262	0.3994	7.3129	1.3843	NaN	1.1628	50	1.8889	7	0	7	78.6744	3383	25.9869	116	34	82	1.186	51	1.8804	7	0	7	47.6301	37.4603	0.4265	17.0378	4.1301	NaN	0.2403	0.9344	7	0	31.1116	29.3692	116	0	0.2446	0.9355	7	0	0.0316	0.2033	2	0	20.3474	16.6599	113	0	0.0316	0.2033	2	0	0.1571	7	368.938	503.598	684.2043	6.1756	10489.0508	44841.668
88_9_FITC.tif	81134f6c-9dbb-4b31-976c-345ebbe636d2	Cell		Positive	Annotation	Polygon	44.53	1594.4	62.9546	46.4377	0.3669	19.7314	4.524	NaN	1.8131	553	2.1585	11	0	11	109.8689	33510	33.7554	170	28	142	1.7836	544	2.158	11	0	11	228.0032	76.8044	0.4857	36.058	8.4781	NaN	0.5159	1.4087	11	0	39.2134	49.3312	170	0	0.5095	1.401	11	0	0.0188	0.2671	5	0	12.1407	16.8045	113	0	0.0214	0.2716	5	0	0.2747	7	146.1032	120.5959	341.1875	33.2171	2063.2434	2868.7505
88_9_FITC.tif	7669fd22-4da2-4cbf-9a1a-a3b29731990b	Cell		Positive	Annotation	Polygon	77.78	1594.8	7.2481	14.924	0.4089	7.1662	1.358	NaN	6.8718	268	7.0269	24	0	24	61.1795	2386	17.3476	94	27	67	6.8205	266	7.0183	24	0	24	89.4617	50.3415	0.4436	24.0221	4.949	NaN	0.9424	3.3459	24	0	13.1429	20.8583	94	0	0.9447	3.3373	24	0	0.357	1.9281	17	0	8.4	14.0765	72	0	0.3646	1.9326	17	0	0.0798	6	96.3373	107.7863	138.9894	33.2171	1904.0853	3244.0959
88_9_FITC.tif	afce84ae-31b4-472a-b327-4333995ac9fd	Cell		Positive	Annotation	Polygon	117.99	1689	6.8339	12.7733	0.5263	5.9065	1.499	NaN	19	684	18.4391	64	0	64	81.0556	2918	29.8701	135	32	103	19	684	18.453	64	0	64	86.1483	47.0699	0.4886	22.0259	4.9636	NaN	1.6442	7.5684	64	0	9.4279	24.5449	135	0	1.6442	7.5712	64	0	0	0	0	0	2.6421	6.6168	40	0	0	0	0	0	0.0721	7	273.5739	207.5661	676.3975	40.9868	17178.541	87728.6953
88_9_FITC.tif	baf29c52-40b4-4d7b-9182-01044e140779	Cell		Positive	Annotation	Polygon	13.88	1701.5	2.485	9.0279	0.3832	4.3435	0.603	NaN	4.3077	56	3.7279	11	0	11	134.9231	1754	17.8767	159	105	54	4.3077	56	3.7279	11	0	11	10.1473	26.3461	0.1837	12.8875	0.8283	NaN	1.3846	2.658	11	0	90.1731	36.9099	159	39	1.3462	2.6486	11	0	0.4103	1.0935	4	0	75.2564	28.5313	152	39	0.359	1.0127	4	0	0.1766	4	171.2151	111.5337	456.3041	5.489	1351.394	2868.7505
88_9_FITC.tif	98d0084a-d460-44c0-8c1b-0e1b89580712	Cell		Positive	Annotation	Polygon	15.61	1712.1	20.2946	31.0609	0.2643	15.1058	2.2263	NaN	1.55	155	2.63	14	0	14	122.61	12261	16.4378	149	76	73	1.5	150	2.5604	14	0	14	101.887	66.2144	0.292	32.0016	4.3488	NaN	0.5709	1.6069	14	0	72.7935	34.8862	149	8	0.5425	1.5618	14	0	0.3223	1.0913	8	0	60.1497	25.8247	136	8	0.2995	1.0565	8	0	0.2017	3	75.9725	101.8326	120.5959	5.489	956.2502	2711.3425
88_9_FITC.tif	0386a5bc-f16d-4a01-ba82-56d301cdb7bd	Cell		Positive	Annotation	Polygon	61.87	1723.5	12.6323	23.9756	0.2762	11.6933	1.5762	NaN	34.1667	2255	14.1895	56	0	56	68.3636	4512	8.6356	83	43	40	1.1818	78	1.8721	8	0	8	110.5847	58.5229	0.4057	28.0047	5.1613	NaN	13.3682	14.4829	56	0	36.6318	24.1411	83	0	0.4	1.0848	8	0	10.4414	11.9072	50	0	32.1663	22.1955	70	0	0.29	0.8704	6	0	0.1155	5	127.3382	129.8455	235.5167	49.9688	3384.9839	5819.7456
88_9_FITC.tif	2574f47d-4bf4-44e9-ae28-38ef50b4691f	Cell		Positive	Annotation	Polygon	110.87	1727.6	2.278	9.4395	0.3213	4.6055	0.6739	NaN	8.9231	116	7.4996	22	0	22	55.3077	719	18.3548	82	25	57	9	117	7.5388	22	0	22	38.1041	38.6725	0.3202	18.6219	2.5509	NaN	0.6452	2.9852	22	0	5.9839	16.6095	82	0	0.6505	3.0066	22	0	0.0231	0.3041	4	0	2.2775	8.6906	79	0	0.0231	0.3041	4	0	0.0582	5	93.6291	49.9688	233.4304	4.77	2097.3447	5819.7456
88_9_FITC.tif	e75dbbeb-9551-412b-b779-09d2765c3a8c	Cell		Positive	Annotation	Polygon	113.35	1735.6	15.9457	23.4756	0.3636	11.2419	2.2361	NaN	11.3875	911	10.3196	46	0	46	115.25	9220	32.2044	171	54	117	11.2875	903	10.2762	46	0	46	89.0476	55.5025	0.3633	26.8086	4.8947	NaN	2.1382	6.2436	46	0	30.1774	45.1202	171	0	2.1221	6.2011	46	0	0.048	0.4646	5	0	10.952	15.9452	90	0	0.0508	0.4424	5	0	0.1749	5	234.0802	229.2179	493.5223	4.77	10195.6738	33433.3125
88_9_FITC.tif	a937501e-448e-479d-ac04-e060d2bc0ebf	Cell		Positive	Annotation	Polygon	36.26	1810.6	14.4961	23.5414	0.3287	11.3804	1.8625	NaN	14.1757	1049	12.0323	37	0	37	66.3378	4909	11.1174	83	40	43	2.3784	176	3.1436	17	0	17	116.3831	58.5866	0.4261	28.0097	5.6915	NaN	4.9128	9.1705	37	0	27.1495	23.3423	83	0	0.4751	1.5651	17	0	3.5082	7.7563	36	0	21.207	18.4496	69	0	0.1865	0.8405	7	0	0.1245	5	133.6834	107.3206	216.6801	90.8109	2260.4807	3305.8333
88_9_FITC.tif	8d75a3d8-7823-4913-9adc-9d0a2f02accf	Cell		Positive	Annotation	Polygon	68.54	1959	5.1772	11.602	0.4833	5.4809	1.4306	NaN	15.5333	466	7.7135	33	1	32	72.9	2187	13.9416	103	53	50	6.4	192	9.1937	29	0	29	82.4208	46.5399	0.4782	22.0019	4.9626	NaN	4.1253	6.9455	33	0	30.5589	19.2121	103	0	0.8622	3.2591	29	0	3.1978	6.001	30	0	27.1165	15.0282	68	0	0.4119	1.4572	11	0	0.0635	7	337.6889	235.5167	590.3082	151.7728	12107.5625	33433.3125
88_9_FITC.tif	e8a59619-fb56-4948-91df-7193cb50ea1a	Cell		Positive	Annotation	Polygon	330.1	2033.9	4.9701	13.8134	0.3273	6.5673	1.1361	NaN	0.8214	23	1.4156	5	0	5	72.8214	2039	5.3545	84	63	21	0.7857	22	1.3432	5	0	5	46.5947	34.7375	0.4852	16.0537	3.7447	NaN	0.441	1.2362	8	0	46.5677	19.5464	84	5	0.4367	1.2073	8	0	0.3881	1.2036	8	0	42.9104	17.9372	77	5	0.3881	1.1826	8	0	0.1069	8	414.031	495.3893	1024.8879	5.6151	22142.2285	87728.6953
88_9_FITC.tif	97ccef6e-dc63-455e-a980-8538a2c25bfb	Cell		Positive	Annotation	Polygon	332.49	2042.4	7.2481	20.2047	0.2231	9.9227	1.2082	NaN	2.9	116	3.4104	12	0	12	77.55	3102	13.3742	96	41	55	2.825	113	3.4854	13	0	13	43.6954	42.2721	0.3073	20.59	3.2197	NaN	0.6075	1.8852	12	0	38.2617	27.8763	96	1	0.5888	1.8812	13	0	0.0805	0.5093	6	0	29.2299	21.8517	88	1	0.0747	0.4435	5	0	0.1702	5	142.1494	8.8629	587.9008	2.6034	2923.7427	13857.293
88_9_FITC.tif	a2c2f3a1-5bac-499c-b880-539ef03f9332	Cell		Positive	Annotation	Polygon	329.31	2045.8	2.485	11.289	0.245	5.5027	0.7251	NaN	1.0625	17	1.7308	6	0	6	75.25	1204	6.4756	85	61	24	1	16	1.6733	6	0	6	16.1528	19.5891	0.529	8.3049	2.6321	NaN	0.4096	1.4317	9	0	49.6867	18.9157	85	14	0.4096	1.4231	9	0	0.2537	1.3182	9	0	43.5821	15.4519	78	14	0.2687	1.3324	9	0	0.1508	5	11.9438	7.7403	27.3289	2.6034	16.0166	39.6011
88_9_FITC.tif	a15626c9-9e94-4fa6-9def-3a209e34d89d	Cell		Positive	Annotation	Polygon	331.11	2054.4	4.9701	14.5919	0.2933	7.0846	1.0492	NaN	2.5667	77	3.2556	11	0	11	75	2250	8.6383	90	56	34	2.5333	76	3.2242	11	0	11	25.0576	27.8155	0.407	13.1722	2.8348	NaN	0.6587	1.9397	11	0	40.4048	26.1712	90	2	0.6349	1.9041	11	0	0.0625	0.4545	4	0	29.5938	19.5548	77	2	0.0417	0.3217	3	0	0.204	5	45.6783	8.9508	106.2619	6.5999	391.1625	1665.6741
88_9_FITC.tif	1bba49a8-d4cd-42ef-9985-2a20a7f9716f	Cell		Positive	Annotation	Polygon	328.79	2061.7	11.1827	21.9253	0.2923	10.7111	1.6012	NaN	2.3448	136	2.7373	10	0	10	74.5862	4326	9.5404	92	47	45	2.2931	133	2.7145	10	0	10	70.6168	48.3536	0.3795	23.3906	4.7263	NaN	0.5598	1.5146	10	0	41.9825	23.3776	92	2	0.5481	1.4858	10	0	0.1965	0.6894	4	0	35.3474	19.4573	70	2	0.193	0.6565	4	0	0.1591	5	29.6526	13.8816	97.4867	8.9508	103.5738	308.2868
88_9_FITC.tif	c93bbbbb-d392-4606-a65d-9e1bade0e9e5	Cell		Positive	Annotation	Polygon	322.62	2071.3	25.0576	36.9905	0.2301	17.3964	2.3072	NaN	4.0873	515	5.0008	26	0	26	89.5	11277	21.2861	124	44	80	4.1111	518	4.9562	25	0	25	135.6422	70.8905	0.3392	34.0066	5.0023	NaN	0.8387	2.7344	26	0	31.7184	34.4189	124	0	0.8432	2.7243	25	0	0.0678	0.502	5	0	18.0075	19.4257	92	0	0.0678	0.502	5	0	0.1887	8	138.3726	60.9262	434.0144	4.2455	2581.2185	11650.9727
88_9_FITC.tif	653adade-946d-48bd-aa26-37abb5699731	Cell		Positive	Annotation	Polygon	326.46	2076.1	9.3189	22.8391	0.2245	11.1286	1.2666	NaN	5.5714	273	6.8221	24	0	24	76.2041	3734	16.109	107	44	63	5.5102	270	6.7519	24	0	24	71.2381	55.5329	0.2903	26.9502	4.0313	NaN	0.896	3.2259	24	0	38.0723	22.9135	107	1	0.8988	3.1921	24	0	0.1246	0.6051	5	0	31.7811	17.0132	73	1	0.138	0.6188	5	0	0.1307	3	34.0461	13.8816	84.0111	4.2455	102.7623	150.7808
88_9_FITC.tif	8cc4c36f-ebb6-4620-9ac5-399b7b5ca892	Cell		Positive	Annotation	Polygon	331.86	2158	4.5559	11.511	0.4321	5.4824	1.0299	NaN	23.4167	562	21.6833	69	0	69	74.9167	1798	30.403	127	28	99	23.25	558	21.6057	68	0	68	77.8649	46.4817	0.4529	22.0293	4.6815	NaN	1.4973	7.854	69	0	6.5479	20.0616	127	0	1.4867	7.8111	68	0	0.0028	0.0533	1	0	1.8864	5.293	38	0	0.0028	0.0533	1	0	0.0532	7	67.8669	84.0111	106.2619	24.9688	500.9689	1665.6741
88_9_FITC.tif	ae1fb7f4-90b5-4abf-b0a5-2d2a6bbd3a1b	Cell		Positive	Annotation	Polygon	322.07	2181.3	32.9269	36.6748	0.3076	15.0468	3.1006	NaN	12.1366	1954	17.1848	74	0	74	153.7019	24746	53.7735	238	50	188	12.1056	1949	17.1619	74	0	74	159.0431	67.6278	0.437	31.0598	6.4197	NaN	2.5579	9.2673	74	0	48.3199	62.6858	238	0	2.5514	9.2517	74	0	0.0214	0.1935	3	0	20.4145	22.0002	127	0	0.0214	0.1935	3	0	0.2032	7	202.1759	129.1998	493.5223	24.9688	11654.4062	33433.3125
88_9_FITC.tif	a55038c4-e7e8-480a-9ecf-c608eb9a40aa	Cell		Positive	Annotation	Polygon	587.59	1538.3	3.9347	9.9528	0.4991	4.6403	1.2052	NaN	15.7727	347	14.2826	43	0	43	59.6818	1313	22.4083	97	25	72	15.7273	346	14.4129	43	0	43	75.3798	44.6858	0.4744	21.0229	4.7443	NaN	0.9507	5.0891	43	0	5.3096	15.5618	97	0	0.9479	5.1023	43	0	0	0	0	0	1.8222	4.9542	30	0	0	0	0	0	0.0519	7	332.5517	372.3931	491.2917	140.4492	10724.8311	27646.9863
88_9_FITC.tif	001e75e4-af6b-44fe-b516-b76688eb7a50	Cell		Positive	Annotation	Polygon	511.22	1656.2	4.5559	11.7167	0.417	5.5518	1.0567	NaN	17.2917	415	20.0705	61	0	61	67.5833	1622	28.8684	119	24	95	17.25	414	20.0981	61	0	61	78.9003	46.7097	0.4544	22.0206	4.5559	NaN	1.0942	6.4776	61	0	11.7147	17.4594	119	0	1.0916	6.4762	61	0	0.0084	0.0913	1	0	7.9693	6.9085	36	0	0.0084	0.0913	1	0	0.0551	8	292.0841	233.2553	601.1951	82.1349	10540.5879	23685.8496
88_9_FITC.tif	dedae729-b036-408a-8699-daee5038b942	Cell		Positive	Annotation	Polygon	573.25	1710.1	5.7984	15.3749	0.3082	7.5167	0.9269	NaN	4.5667	137	4.3286	16	0	16	60.0333	1801	9.5574	79	43	36	4.6	138	4.304	16	0	16	83.042	50.2218	0.4137	24.0025	4.536	NaN	0.7587	2.2784	16	0	17.7313	18.5591	79	0	0.7587	2.2729	16	0	0.4516	1.6968	11	0	14.3199	14.4494	57	0	0.4489	1.6871	11	0	0.065	4	177.8684	186.5342	256.2705	82.1349	6075.0781	9377.2109
88_9_FITC.tif	03c83eb2-defd-4c7e-84cf-cee7e4cd0321	Cell		Positive	Annotation	Polygon	580.72	1907.9	83.6633	66.8891	0.235	32.535	4.0424	NaN	6.7694	2789	6.4478	26	0	26	170.8277	70381	37.3943	219	52	167	6.7015	2761	6.4064	25	0	25	242.7064	99.3284	0.3091	45.0214	7.4543	NaN	2.4043	4.9999	26	0	77.5379	76.2657	219	0	2.3813	4.959	25	0	0.0472	0.4755	8	0	27.1638	30.9947	170	0	0.0485	0.46	8	0	0.3452	6	235.5591	142.5462	709.4896	19.4033	3407.9797	9551.1191
88_9_FITC.tif	01751ea9-ee51-4e8b-9196-377a43f0045a	Cell		Positive	Annotation	Polygon	581.84	1932.6	11.5969	23.778	0.2578	11.585	1.3588	NaN	8.9298	509	8.6145	29	0	29	132.9649	7579	32.7578	178	63	115	8.8772	506	8.6418	29	0	29	53.0144	43.2534	0.3561	21.0015	3.6458	NaN	1.9615	5.4531	29	0	53.4577	51.8806	178	0	1.95	5.4477	29	0	0.0049	0.0702	1	0	31.133	29.4788	139	0	0.0049	0.0702	1	0	0.2117	5	205.2933	19.4033	728.7723	7.8913	822.9708	3181.8491
88_9_FITC.tif	f6b29de4-4999-4498-9e36-5ed57a15c1d1	Cell		Positive	Annotation	Polygon	578.02	1936.7	6.6268	15.6021	0.3421	7.5572	1.1446	NaN	24.6765	839	23.9453	78	0	78	132.7353	4513	33.5183	183	65	118	24.5588	835	23.88	77	0	77	46.5947	41.3264	0.3428	20.019	3.4672	NaN	3.7004	12.7115	78	0	40.7797	47.378	183	1	3.6828	12.6643	77	0	0.0052	0.072	1	0	24.5803	26.2279	118	1	0.0052	0.072	1	0	0.1373	5	46.9925	26.9759	121.8976	7.6924	959.5431	3737.4565
88_9_FITC.tif	8099e915-e89d-4ad4-916d-eb0e904a98af	Cell		Positive	Annotation	Polygon	579.77	1948.5	7.6622	16.0669	0.373	7.766	1.3964	NaN	8.2821	323	9.3638	31	0	31	104.7949	4087	23.3218	144	65	79	8.2564	322	9.2842	30	0	30	55.2923	39.0843	0.4549	18.6445	4.6074	NaN	1.3783	4.614	31	0	45.3333	31.8628	144	3	1.3858	4.5806	30	0	0.1974	0.824	6	0	35.1623	19.6788	108	3	0.2105	0.8126	6	0	0.1331	4	94.3593	64.92	239.9048	7.6924	687.5605	2479.7402
88_9_FITC.tif	fd3d5674-be37-425c-bdc2-16bb5626c158	Cell		Positive	Annotation	Polygon	511.52	1958.9	8.0764	16.3345	0.3804	7.5822	1.5441	NaN	19.0465	819	17.8965	59	0	59	96.1395	4134	30.9182	150	45	105	19	817	17.9351	59	0	59	95.6744	50.887	0.4643	24.0037	5.1307	NaN	1.868	7.7397	59	0	18.0649	29.5556	150	0	1.8615	7.7369	59	0	0.105	0.6403	7	0	10.0525	13.2637	64	0	0.1026	0.616	6	0	0.0843	10	292.9399	279.4075	532.9261	70.5052	13901.0176	44841.668
88_9_FITC.tif	bb06a0f5-0441-46e8-aaae-7bf615074a6d	Cell		Positive	Annotation	Polygon	553.24	2056.6	4.5559	11.5761	0.4272	5.4841	1.0353	NaN	17.5417	421	19.081	63	0	63	82.5417	1981	24.0307	130	50	80	17.4583	419	19.0514	62	0	62	75.794	46.4307	0.4418	22.0133	4.3488	NaN	1.2643	6.4637	63	0	22.4332	19.0063	130	2	1.2507	6.4454	62	0	0.1254	0.5764	5	0	18.2274	8.7446	52	2	0.1166	0.5706	5	0	0.0577	5	155.6266	121.8976	306.2581	106.5231	3792.3442	8112.6099
88_9_FITC.tif	625f84d8-21ad-4958-b133-77248fad5cd0	Cell		Positive	Annotation	Polygon	363.04	2143.8	4.5559	11.1248	0.4626	5.2515	1.1588	NaN	3.0417	73	3.1962	12	0	12	62.2917	1495	7.1413	76	49	27	2.2917	55	3.1825	12	0	12	76.8294	46.1968	0.4524	22.0052	4.5559	NaN	0.578	1.4964	12	0	31.8441	20.9744	76	0	0.414	1.2762	12	0	0.408	1.1261	7	0	29.7443	19.9608	66	0	0.2845	0.8996	6	0	0.0524	8	199.3263	130.7412	684.2043	34.2177	10420.5645	44841.668
88_9_FITC.tif	84d226bb-89e2-4feb-96a1-45f211fe9067	Cell		Positive	Annotation	Polygon	567.6	2184.6	7.6622	18.1519	0.2922	8.8885	1.3347	NaN	19.15	766	16.5305	50	0	50	107.275	4291	28.2951	155	53	102	19.075	763	16.4744	50	0	50	91.1184	52.417	0.4167	25.0161	4.763	NaN	1.8662	7.3884	50	0	28.7324	29.8933	155	1	1.8571	7.3605	50	0	0.1421	0.7431	7	0	20.8978	15.0493	74	1	0.1397	0.7283	7	0	0.087	5	358.1694	239.9048	983.7986	128.8766	2568.1584	4492.2334
88_9_FITC.tif	523c6934-33c1-4587-805a-662cc4e86bde	Cell		Positive	Annotation	Polygon	359.23	2188.9	3.5205	9.593	0.4807	4.5446	0.9455	NaN	1.4211	27	2.5236	9	0	9	58.4737	1111	6.5943	72	49	23	1.4211	27	2.5236	9	0	9	71.4451	44.3952	0.4555	21.0018	4.3477	NaN	0.6358	1.8744	15	0	36.3035	16.8703	72	2	0.6272	1.8517	15	0	0.5902	1.8244	15	0	35.0153	16.3854	72	2	0.581	1.7995	15	0	0.0395	4	58.9078	43.0923	111.4781	37.9686	918.8468	1995.136
88_9_FITC.tif	a4b0287c-d2d2-40d3-b40c-d09c873864db	Cell		Positive	Annotation	Polygon	374.11	2299.3	5.3843	10.3605	0.6303	4.6686	1.3958	NaN	10.5185	284	10.7609	36	0	36	67.4815	1822	18.8769	103	38	65	10.4815	283	10.7395	36	0	36	79.5216	45.0533	0.4923	21.0069	4.763	NaN	0.787	3.8926	36	0	16.4675	17.9314	103	0	0.7844	3.8821	36	0	0.0531	0.403	5	0	12.6201	10.4037	46	0	0.0531	0.403	5	0	0.0585	5	127.2423	129.1998	159.829	79.987	1935.004	4116.7368
88_9_FITC.tif	0fe70df8-8899-4088-9d51-f74a95d73822	Cell		Positive	Annotation	Polygon	517.19	2361	8.9048	20.3895	0.2692	9.8772	1.1673	NaN	4.0213	189	3.6742	13	0	13	69.3191	3258	9.4848	84	44	40	4	188	3.6356	13	0	13	100.4374	56.3693	0.3972	27.0346	4.7877	NaN	0.9856	2.3047	16	0	36.2598	19.4178	84	2	0.9938	2.2841	16	0	0.6598	1.8343	16	0	32.7123	16.6726	82	2	0.6712	1.8195	16	0	0.0837	5	235.6852	183.1299	402.1772	142.3743	6619.0527	13019.3711
88_9_FITC.tif	dd3f4b98-5e44-47df-8ae7-c0284a8229f9	Cell		Positive	Annotation	Polygon	396.16	2376	7.041	13.5001	0.4855	6.0296	1.2425	NaN	16.2222	584	8.1279	31	0	31	64.5278	2323	9.6139	82	47	35	16.25	585	8.0654	31	0	31	85.7342	47.6797	0.4739	22.0441	4.5559	NaN	1.4038	5.1405	31	0	6.0793	18.3324	82	0	1.4062	5.1391	31	0	0	0	0	0	0.5421	2.0562	10	0	0	0	0	0	0.0685	7	168.9206	126.4915	433.1144	79.987	6568.3862	20310.1465
88_9_FITC.tif	dded46d5-3022-4cfe-bc0f-ed4623d5da20	Cell		Positive	Annotation	Polygon	374.39	2456.8	3.5205	10.9251	0.3707	4.999	1.1507	NaN	0.85	17	1.3089	5	0	5	64.95	1299	5.5581	76	57	19	0.8	16	1.2814	5	0	5	49.2868	41.0918	0.3668	19.8211	3.6463	NaN	0.7645	2.2385	18	0	42.4835	18.9347	78	4	0.7479	2.2011	17	0	0.7568	2.3057	18	0	40.4595	18.3989	78	4	0.7432	2.2676	17	0	0.0719	5	223.8185	159.829	586.5128	4.07	7150.3169	29395.2852
88_9_FITC.tif	ff9fe48b-6330-4bef-9266-3e2f899b3545	Cell		Positive	Annotation	Polygon	376.01	2465.6	4.3488	11.4609	0.416	5.47	1.032	NaN	1.5652	36	2.4831	7	0	7	65.8696	1515	7.473	79	52	27	1.5652	36	2.4831	7	0	7	47.6301	40.3511	0.3676	19.4572	3.6218	NaN	0.3562	1.1399	7	0	38.073	13.7279	79	16	0.3562	1.1246	7	0	0.2238	0.7841	5	0	35.0286	10.4391	70	16	0.2238	0.7593	5	0	0.0851	4	192.3326	87.4761	590.3082	4.07	1426.5865	3774.6301
88_9_FITC.tif	d9cfa433-52cf-4bc0-825c-1c85d75fe0fb	Cell		Positive	Annotation	Polygon	454.04	2485.3	7.041	11.5815	0.6597	4.8979	2.1748	NaN	4.7838	177	6.2767	23	0	23	57.2432	2118	10.0676	75	36	39	4.7838	177	6.1243	22	0	22	57.1561	34.4438	0.6054	14.3288	4.9827	NaN	1.2903	3.7958	23	0	18.6129	25.2665	79	0	1.2832	3.7391	22	0	0.7562	2.9283	18	0	12.7066	21.3806	79	0	0.7479	2.8906	18	0	0.1232	8	106.229	11.1028	532.9261	7.4471	3637.2107	18604.4746
88_9_FITC.tif	9fc68f3a-5c98-4c5f-9693-908a323393c2	Cell		Positive	Annotation	Polygon	454.11	2498.7	12.6323	19.9155	0.4002	6.7514	2.7794	NaN	4.0769	265	4.3204	16	0	16	74.0615	4814	13.9339	100	40	60	4.0308	262	4.2646	15	0	15	59.0199	41.87	0.4231	17.8841	4.9356	NaN	1.0104	2.7099	16	0	30.7301	30.9022	100	0	1.0069	2.6796	15	0	0.1205	0.7686	8	0	18.1562	21.7135	72	0	0.1295	0.7845	8	0	0.2074	4	57.3398	46.523	133.2963	3.017	1327.2762	3774.6301
88_9_FITC.tif	5d3e4ab3-14dd-4a2c-b8d6-cbb53f332c18	Cell		Positive	Annotation	Polygon	457.54	2497.9	10.7685	20.3867	0.3256	9.6842	1.6391	NaN	4.5088	257	5.3323	23	0	23	76.4561	4358	20.017	107	25	82	4.4561	254	5.2816	23	0	23	58.1916	55.9323	0.2337	27.0145	2.8636	NaN	1.1103	3.1439	23	0	31.3096	30.7806	107	0	1.1032	3.1156	23	0	0.2455	1.2519	10	0	19.8214	20.8674	66	0	0.25	1.2564	10	0	0.1903	3	4.6237	3.017	8.795	2.0592	9.721	10.7694
88_9_FITC.tif	57cb9c45-eaec-41b8-810e-2a388b5a24a6	Cell		Positive	Annotation	Polygon	459.71	2496.3	9.526	18.4197	0.3528	8.6898	1.7133	NaN	3.6	180	3.1298	10	0	10	65.34	3267	12.9845	85	34	51	3.5	175	3.1315	10	0	10	42.2458	53.411	0.1861	26	2.0357	NaN	0.8696	2.1716	10	0	25.8502	27.8699	85	0	0.8454	2.1419	10	0	0	0	0	0	13.2739	17.7123	64	0	0	0	0	0	0.2301	4	4.6359	3.4555	9.5923	2.0403	10.2877	22.0021
88_9_FITC.tif	a6e78163-a89d-4a37-815d-dceedc89a5d5	Cell		Positive	Annotation	Polygon	461.7	2496.2	7.2481	15.2962	0.3893	7.3445	1.4383	NaN	3.1053	118	2.9845	9	0	9	60.0526	2282	11.0989	75	34	41	3.0789	117	3.0079	9	0	9	42.2458	49.235	0.219	24.0196	2.2709	NaN	0.8058	2.058	11	0	24.2476	23.6757	75	0	0.7961	2.0475	11	0	0.2857	1.323	11	0	16.1488	17.4097	67	0	0.2798	1.2991	11	0	0.163	3	5.0096	2.8599	10.1287	2.0403	7.334	11.5262
88_9_FITC.tif	2d61a19c-b9f5-489c-955d-3900a663d993	Cell		Positive	Annotation	Polygon	464.72	2495.4	8.0764	11.8982	0.7169	5.0828	1.9727	NaN	6.3659	261	6.3512	21	0	21	62.2683	2553	14.2846	89	40	49	6.2439	256	6.3395	21	0	21	73.1018	45.5688	0.4424	21.0815	4.1417	NaN	0.8592	2.973	21	0	21.4676	19.9743	89	0	0.8535	2.9518	21	0	0.1401	0.5924	5	0	16.1401	13.3651	51	0	0.1497	0.6444	6	0	0.1014	4	41.0687	8.4643	144.4863	2.8599	221.587	851.9972
