Image	Object ID	Object type	Name	Classification	Parent	ROI	Centroid X µm	Centroid Y µm	Nucleus: Area	Nucleus: Perimeter	Nucleus: Circularity	Nucleus: Max caliper	Nucleus: Min caliper	Nucleus: Eccentricity	Nucleus: Red mean	Nucleus: Red sum	Nucleus: Red std dev	Nucleus: Red max	Nucleus: Red min	Nucleus: Red range	Nucleus: Green mean	Nucleus: Green sum	Nucleus: Green std dev	Nucleus: Green max	Nucleus: Green min	Nucleus: Green range	Nucleus: Blue mean	Nucleus: Blue sum	Nucleus: Blue std dev	Nucleus: Blue max	Nucleus: Blue min	Nucleus: Blue range	Cell: Area	Cell: Perimeter	Cell: Circularity	Cell: Max caliper	Cell: Min caliper	Cell: Eccentricity	Cell: Red mean	Cell: Red std dev	Cell: Red max	Cell: Red min	Cell: Green mean	Cell: Green std dev	Cell: Green max	Cell: Green min	Cell: Blue mean	Cell: Blue std dev	Cell: Blue max	Cell: Blue min	Cytoplasm: Red mean	Cytoplasm: Red std dev	Cytoplasm: Red max	Cytoplasm: Red min	Cytoplasm: Green mean	Cytoplasm: Green std dev	Cytoplasm: Green max	Cytoplasm: Green min	Cytoplasm: Blue mean	Cytoplasm: Blue std dev	Cytoplasm: Blue max	Cytoplasm: Blue min	Nucleus/Cell area ratio	Delaunay: Num neighbors	Delaunay: Mean distance	Delaunay: Median distance	Delaunay: Max distance	Delaunay: Min distance	Delaunay: Mean triangle area	Delaunay: Max triangle area
89_2_FITC.tif	ede7ab08-93e3-4492-a52f-7acd860f8417	Cell		Positive	Annotation	Polygon	258.15	491.57	8.0764	21.2509	0.2247	10.393	1.1998	NaN	3.3556	151	4.696	18	0	18	62.9111	2831	18.1657	94	23	71	3.3556	151	4.7298	18	0	18	97.124	56.3202	0.3848	27.0035	4.714	NaN	0.7021	2.2118	18	0	20.5766	22.6442	94	0	0.7043	2.2327	18	0	0.4212	1.5153	11	0	16.0941	17.9607	69	0	0.4235	1.5386	12	0	0.0867	10	268.6117	181.9362	906.7278	45.4468	3209.1338	14081.0303
89_2_FITC.tif	b84b8074-765c-4974-acc9-c58ddf7e2dd8	Cell		Positive	Annotation	Polygon	280.74	528.42	4.763	12.3301	0.3937	5.9658	1.1167	NaN	2.9231	76	2.7702	11	0	11	139.2308	3620	7.235	150	121	29	3.0385	79	2.7926	11	0	11	45.3521	35.2092	0.4597	16.7292	3.4577	NaN	0.9955	2.3175	14	0	96.1802	31.7948	150	14	1.0135	2.3214	14	0	0.7398	2.1312	14	0	90.4694	29.3103	147	14	0.7449	2.1186	14	0	0.0903	5	20.2546	12.0987	45.4468	4.1289	119.2512	337.2488
89_2_FITC.tif	03eb4a69-1830-4bf1-9615-6db0efd0acd0	Cell		Positive	Annotation	Polygon	277.27	534.63	9.3189	15.0984	0.5137	7.0321	1.7514	NaN	4.5208	217	4.9594	18	0	18	139.2708	6685	12.5202	161	114	47	4.4792	215	4.9076	17	0	17	74.9656	48.6655	0.3978	23.022	4.4436	NaN	1.1621	2.8066	18	0	81.4945	38.6538	161	14	1.1484	2.7763	17	0	0.6519	1.8514	13	0	72.7184	33.3537	141	14	0.6424	1.828	13	0	0.1197	4	19.3125	13.0535	47.0142	4.1289	95.0462	237.8158
89_2_FITC.tif	9bfcd930-5df4-46af-b1cd-652d3e8ea3a4	Cell		Positive	Annotation	Polygon	306.43	547.28	31.2702	47.0984	0.1771	21.5822	2.3301	NaN	1.4395	226	2.3787	13	0	13	68.465	10749	9.844	86	36	50	1.4204	223	2.3483	13	0	13	175.403	78.6913	0.356	38.0597	6.0168	NaN	0.3962	1.3142	13	0	33.5967	23.8985	86	0	0.395	1.3015	13	0	0.1592	0.7328	7	0	25.6744	18.4308	74	0	0.1621	0.7341	7	0	0.1799	8	180.1418	108.6022	591.0508	26.2267	9266.0635	41575.3242
89_2_FITC.tif	2a8dd441-c9d8-472e-aef3-3b71011a6cf6	Cell		Positive	Annotation	Polygon	282.12	540.68	2.485	9.0259	0.3833	4.4118	0.7076	NaN	0.8462	11	1.1435	3	0	3	136.7692	1778	5.6885	145	128	17	0.8462	11	1.1435	3	0	3	22.7796	27.1808	0.3875	12.993	2.7268	NaN	0.885	1.7152	7	0	103.1593	22.9769	145	51	0.8584	1.7106	7	0	0.89	1.7803	7	0	98.79	20.6331	143	51	0.86	1.7754	7	0	0.0866	3	12.8198	9.0398	26.2267	3.1928	52.6153	111.2015
89_2_FITC.tif	95e6f592-fd52-4f06-99ae-e344f77aeed3	Cell		Positive	Annotation	Polygon	280.22	546.8	4.5559	13.2649	0.3254	6.5193	0.9754	NaN	1.087	25	1.3788	4	0	4	139.6522	3212	6.4003	151	127	24	1.1304	26	1.3586	4	0	4	42.0387	37.1133	0.3835	17.8126	3.5649	NaN	0.8325	1.9196	10	0	103.7783	29.5736	151	38	0.8621	1.9064	10	0	0.8	1.9787	10	0	99.1944	28.2038	144	38	0.8278	1.9657	10	0	0.0849	7	47.1438	12.0987	157.5482	3.1928	391.6245	2074.8745
89_2_FITC.tif	8abb4066-804f-4e72-98b1-7326b42593a6	Cell		Positive	Annotation	Polygon	274.12	550.86	7.2481	14.5151	0.4323	6.6181	1.4568	NaN	1.7436	68	2.1364	9	0	9	115.1282	4490	9.4679	129	93	36	1.7179	67	2.0768	9	0	9	90.9114	49.2175	0.4716	23.0153	4.9701	NaN	0.5341	1.3274	9	0	75.8909	25.3773	129	18	0.5341	1.3084	9	0	0.4165	1.1591	9	0	72.0748	23.0992	119	18	0.419	1.1485	8	0	0.0824	4	47.8101	38.9837	103.5774	9.6956	429.6748	1162.4314
89_2_FITC.tif	b10284d4-1c1f-41d7-8d3b-09ad5f9a853d	Cell		Positive	Annotation	Polygon	262.66	654.18	32.7198	43.244	0.2199	19.2157	2.9662	NaN	3.6335	585	4.6121	23	0	23	151.559	24401	25.1393	194	87	107	3.5714	575	4.6094	23	0	23	173.125	75.384	0.3828	36.0516	6.5855	NaN	1.0646	2.8793	23	0	83.0419	46.6055	194	0	1.049	2.8652	23	0	0.4519	1.808	18	0	66.6993	33.9412	147	0	0.4474	1.8013	18	0	0.1888	6	97.7216	107.6638	162.0874	36.83	691.1937	1879.9937
89_2_FITC.tif	c784d07f-ebc2-4994-90cf-abd1a9523a9b	Cell		Positive	Annotation	Polygon	260.16	690.52	7.6622	17.0059	0.3329	8.2248	1.1971	NaN	7.561	310	8.1273	31	0	31	85.3902	3501	15.8507	111	53	58	7.561	310	8.1057	31	0	31	90.2901	52.1945	0.4165	25.0067	4.6805	NaN	0.8902	3.3499	31	0	29.1167	26.2584	111	0	0.8924	3.3428	31	0	0.1995	0.775	6	0	23.2904	19.3106	92	0	0.202	0.7661	5	0	0.0838	4	66.8668	62.923	131.0224	10.5986	365.4131	839.84
89_2_FITC.tif	c8440c64-6a32-48a5-9f00-5f89e4dbb8e5	Cell		Positive	Annotation	Polygon	264.55	700.04	12.4252	23.9597	0.272	11.8128	1.572	NaN	4.8387	300	5.7179	22	0	22	86.9355	5390	14.6543	115	51	64	4.8387	300	5.7122	22	0	22	103.9579	58.2464	0.3851	28.0144	4.9162	NaN	0.8127	2.6785	22	0	42.0976	21.0333	115	8	0.8187	2.683	22	0	0.2455	1.0164	11	0	35.7795	12.2922	72	8	0.2523	1.038	11	0	0.1182	7	134.7492	157.5482	235.5343	10.5986	1214.8738	4505.5649
89_2_FITC.tif	4ca6a1a1-56b5-4c88-b171-9291eb463f89	Cell		Positive	Annotation	Polygon	242.83	777.79	6.2126	13.27	0.4433	5.8643	1.3326	NaN	9.0968	282	9.7206	32	0	32	62.4194	1935	17.4065	94	36	58	8.9677	278	9.6453	32	0	32	81.7995	46.762	0.4701	22.0173	4.7621	NaN	0.7803	3.6491	32	0	11.846	17.4637	94	0	0.7677	3.6075	32	0	0.074	0.5215	7	0	7.5507	8.3463	48	0	0.0712	0.4921	6	0	0.0666	8	103.4392	78.1092	286.4908	44.8075	1032.6902	4218.1689
89_2_FITC.tif	2e49d5d8-d1d7-46af-90a2-15ffe5e13632	Cell		Positive	Annotation	Polygon	253.77	820.77	34.7907	33.6048	0.3871	11.7181	4.6878	NaN	3.6034	627	3.9997	18	0	18	104.4943	18182	22.3957	141	50	91	3.592	625	3.9681	18	0	18	152.2092	61.864	0.4998	28.0381	7.4209	NaN	0.8728	2.4819	18	0	39.8674	41.7573	141	0	0.8687	2.4672	18	0	0.0319	0.38	8	0	19.9646	21.0335	96	0	0.0301	0.3778	8	0	0.2284	5	78.8327	91.699	131.0224	4.9493	430.0575	839.84
89_2_FITC.tif	9fb0857d-f24c-4978-a942-e0ed86f8d5ab	Cell		Positive	Annotation	Polygon	249.48	826.86	6.8339	12.9205	0.5144	5.4908	1.8556	NaN	8.4737	322	8.2519	26	0	26	87.8158	3337	17.5173	116	54	62	8.4474	321	8.2222	26	0	26	60.0553	44.0497	0.3889	20.9963	3.9273	NaN	1.2276	4.1373	26	0	34.3207	24.9403	116	5	1.2276	4.1206	26	0	0.1349	0.7236	9	0	26.254	13.1291	75	5	0.1389	0.7089	8	0	0.1173	5	38.1777	32.8211	88.2043	4.9493	320.4876	810.0728
89_2_FITC.tif	9e1ac62d-bfa7-4c7f-97a6-3a6f8d30d865	Cell		Positive	Annotation	Polygon	235.57	831.79	15.9457	27.1489	0.2719	12.9039	2.2411	NaN	4.7792	368	6.3632	23	0	23	90.5455	6972	21.4166	125	43	82	4.7532	366	6.3993	23	0	23	83.2491	54.586	0.3511	26.0016	4.414	NaN	1.1596	3.6735	23	0	33.8978	34.9008	125	0	1.1596	3.6857	23	0	0.2994	1.8217	18	0	20.4352	21.301	103	0	0.3056	1.8376	18	0	0.182	4	26.302	18.9772	55.5907	11.6627	150.4536	388.3634
89_2_FITC.tif	ebbcc219-c3e0-4e49-a5c1-06b3506e16d4	Cell		Positive	Annotation	Polygon	231.31	844.34	56.5349	54.5971	0.2383	25.4053	4.2212	NaN	5.1087	1410	8.6012	56	0	56	106.5797	29416	23.8475	168	41	127	5.1014	1408	8.5551	56	0	56	167.7408	83.3891	0.3031	40.3563	6.7654	NaN	1.7334	5.5567	56	0	46.3428	49.7158	168	0	1.731	5.5311	56	0	0.0019	0.0431	1	0	15.4405	25.0825	107	0	0.0019	0.0431	1	0	0.3351	5	34.0826	35.9049	67.2023	9.723	188.8147	596.8828
89_2_FITC.tif	08a23ae7-2337-4834-b3ec-6f548fcd8a88	Cell		Positive	Annotation	Polygon	234.58	856.34	3.9347	12.3598	0.3237	5.9747	0.962	NaN	9.0455	199	8.7694	29	0	29	74.7727	1645	15.9461	99	46	53	8.8636	195	8.9032	29	0	29	44.1096	37.566	0.3928	17.9854	3.0162	NaN	1.0421	3.9138	29	0	28.0421	21.7966	99	0	1.0187	3.9013	29	0	0.125	0.6349	5	0	22.6875	14.883	68	0	0.1198	0.5977	4	0	0.0827	6	37.9238	30.3406	72.5833	9.723	318.3138	810.0728
89_2_FITC.tif	1f66b528-ab2d-47d1-9864-79cd0179fa5a	Cell		Positive	Annotation	Polygon	221.07	878.24	9.1118	17.6829	0.3662	8.0321	1.928	NaN	5.8542	281	7.128	27	0	27	65.5	3144	19.1767	101	24	77	5.8125	279	7.112	27	0	27	100.6445	52.8099	0.4535	25.0441	5.3843	NaN	0.6735	2.8635	27	0	16.694	21.8255	101	0	0.6674	2.8517	27	0	0.1071	0.6193	6	0	11.3576	14.1248	67	0	0.1048	0.6141	6	0	0.0927	6	77.7788	46.527	262.9101	14.2104	1504.2841	6154.1064
89_2_FITC.tif	f3bf150d-d66f-4dcc-bdce-93ae99cf2d65	Cell		Positive	Annotation	Polygon	207.68	883.67	9.526	14.541	0.5661	6.1202	2.1454	NaN	11.6154	604	13.0341	44	0	44	83.8462	4360	28.0639	134	37	97	11.6154	604	12.9844	44	0	44	105.6146	50.4087	0.5223	23.021	5.5914	NaN	1.4364	5.4722	44	0	20.1546	27.5311	134	0	1.4364	5.4582	44	0	0.2832	1.1533	11	0	12.939	15.6065	65	0	0.2832	1.1419	10	0	0.0903	6	155.8889	112.1575	394.5911	14.2104	1974.7406	4218.1689
89_2_FITC.tif	b4b7b124-b76c-4196-b159-847e4cab4372	Cell		Positive	Annotation	Polygon	257	909.7	5.1772	12.1487	0.4408	5.8405	1.2197	NaN	1.2069	35	1.634	6	0	6	57.7931	1676	7.9074	70	35	35	1.2414	36	1.7455	7	0	7	49.9081	33.5072	0.5586	15.1856	4.528	NaN	0.5226	1.3494	8	0	28.4156	17.9677	70	0	0.5267	1.3885	8	0	0.4299	1.2827	8	0	24.4346	15.0049	62	0	0.4299	1.3081	8	0	0.0947	6	81.4329	75.9569	212.9152	9.3386	344.5224	810.0728
89_2_FITC.tif	5138cca8-61a3-40ca-9c76-f2359cdb07ca	Cell		Positive	Annotation	Polygon	257.39	923.28	15.7386	25.9559	0.2936	12.5426	1.7242	NaN	1.9615	153	2.7466	12	0	12	64.2564	5012	11.4534	90	38	52	1.8974	148	2.6755	12	0	12	69.3743	48.5882	0.3693	23.0833	5.1746	NaN	0.4749	1.56	12	0	26.8083	25.1878	90	0	0.4631	1.5233	12	0	0.0307	0.2613	3	0	15.6169	15.4748	53	0	0.0345	0.3082	4	0	0.231	4	38.1182	35.2754	72.5833	9.3386	263.2759	734.7057
89_2_FITC.tif	abdc255b-7250-44d6-af7c-40ab2efd8127	Cell		Positive	Annotation	Polygon	259.2	937.18	9.7331	23.213	0.227	11.0644	1.7596	NaN	4.2353	216	4.6972	17	0	17	59.6667	3043	13.958	85	25	60	4.2549	217	4.7406	17	0	17	83.2491	52.8319	0.3748	25.618	5.08	NaN	0.6015	2.2103	17	0	18.0817	22.0258	85	0	0.604	2.2236	17	0	0.0765	0.5193	5	0	12.0737	15.5242	62	0	0.0765	0.5083	5	0	0.1184	8	257.9713	226.6701	876.4693	13.4017	17023.1211	65326.5664
89_2_FITC.tif	680b2c5a-69e5-46b7-8147-82d78946d35a	Cell		Positive	Annotation	Polygon	177.84	992.65	20.9158	24.3779	0.4423	9.8903	3.2906	NaN	2.9159	312	4.7823	22	0	22	61.8411	6617	20.3095	109	23	86	2.9065	311	4.8516	22	0	22	140.4052	57.2205	0.5389	26.0295	6.9865	NaN	0.6677	2.3597	22	0	17.3634	24.8234	109	0	0.6632	2.3782	22	0	0.2456	1.1073	10	0	9.014	14.6079	62	0	0.2421	1.1001	10	0	0.1536	6	250.1533	172.6514	507.0917	113.337	4245.3496	14081.0303
89_2_FITC.tif	4a1e6eea-d0a1-4cf3-9558-6e32b9140e4e	Cell		Positive	Annotation	Polygon	172.04	1123.9	28.1639	28.8678	0.4247	12.3977	3.5144	NaN	4.375	595	5.4036	22	0	22	93.1471	12668	26.2471	139	15	124	4.3235	588	5.3719	23	0	23	132.3288	59.0611	0.4767	27.2737	7.3693	NaN	0.9548	3.0614	22	0	30.4735	38.9929	139	0	0.9439	3.0375	23	0	0.0356	0.3062	4	0	13.6285	20.0897	99	0	0.0356	0.3062	4	0	0.2097	4	55.4492	40.0767	133.398	8.2453	300.2916	785.7556
89_2_FITC.tif	ddf69e1b-22c3-4174-9e6a-da2a651fe3a5	Cell		Positive	Annotation	Polygon	175.25	1133.9	13.2536	19.6611	0.4309	7.6836	2.5513	NaN	0.5	35	1.1261	4	0	4	62.4429	4371	13.1509	87	27	60	0.5	35	1.1261	4	0	4	58.8128	51.8311	0.2751	25.0924	3.2598	NaN	0.3702	1.4877	13	0	29.2941	25.4348	87	0	0.3772	1.4976	13	0	0.3288	1.586	13	0	18.6986	18.284	82	0	0.3379	1.5984	13	0	0.2295	3	24.4052	8.2453	60.4911	4.4791	78.6867	140.4737
89_2_FITC.tif	29af6e6e-afa3-40ea-88ff-f45cf33b4f03	Cell		Positive	Annotation	Polygon	177.75	1139.8	9.3189	16.2138	0.4455	7.6377	1.8394	NaN	2.8542	137	3.3517	12	0	12	63.2917	3038	14.2395	87	42	45	2.8333	136	3.3027	11	0	11	65.0254	45.8422	0.3888	21.6862	4.3494	NaN	0.5683	1.766	12	0	25.1175	20.8575	87	0	0.5746	1.7366	11	0	0.1573	0.7643	7	0	18.2547	12.941	59	0	0.1685	0.7394	6	0	0.1447	10	234.7354	181.4681	672.1687	4.4791	4111.0576	28940.9941
89_2_FITC.tif	0a1c7f42-c1f6-465f-ae5a-358272c1c5b0	Cell		Positive	Annotation	Polygon	158.39	1189.4	7.6622	13.7469	0.5095	5.7706	1.7224	NaN	3.2857	138	4.0562	13	0	13	57.6905	2423	17.9178	86	18	68	3.1667	133	3.9812	13	0	13	72.8948	46.6884	0.4202	21.7031	5.3052	NaN	0.4366	1.7971	13	0	14.5746	21.0803	86	0	0.4254	1.7602	13	0	0.0543	0.5129	7	0	8.7891	13.3486	65	0	0.0575	0.534	7	0	0.102	6	100.516	63.9775	209.3583	8.3023	1363.9135	7957.9663
89_2_FITC.tif	a54ed9b7-e148-4cc7-92d2-165011d97329	Cell		Positive	Annotation	Polygon	156.64	1202.9	14.9103	23.7589	0.3319	11.0258	2.1989	NaN	3.4795	254	4.4319	18	0	18	61.1233	4462	13.9721	85	25	60	3.4384	251	4.3301	18	0	18	83.042	45.5424	0.5031	21.2693	5.4607	NaN	0.6923	2.3488	18	0	16.7246	24.857	85	0	0.6824	2.2993	18	0	0.0758	0.5811	7	0	6.903	13.3454	56	0	0.0727	0.5465	6	0	0.1729	5	290.7234	201.5657	591.4886	8.3023	9713.002	26692.5234
89_2_FITC.tif	d7a03321-94ff-4379-bbed-b0ca5f5087fd	Cell		Positive	Annotation	Polygon	50.38	1434.4	36.4474	34.6832	0.3807	14.3579	4.2431	NaN	5.7865	1030	6.6562	25	0	25	119.7528	21316	36.8599	183	38	145	5.7022	1015	6.6005	25	0	25	185.3432	67.0386	0.5182	31.0533	8.4292	NaN	1.1942	3.7596	25	0	41.5547	46.1045	183	0	1.1786	3.7197	25	0	0.0557	0.4155	6	0	22.1685	20.5791	134	0	0.0571	0.4203	6	0	0.1943	4	237.6753	264.8114	362.4194	58.6589	8298.1494	14754.0146
89_2_FITC.tif	8433684a-e485-415a-ae2a-57cd8a98312a	Cell		Positive	Annotation	Polygon	449.81	555.07	28.1639	40.3128	0.2178	16.5513	2.9348	NaN	1.5944	228	2.5845	11	0	11	88.5734	12666	15.8183	118	57	61	1.5664	224	2.5634	11	0	11	167.5337	70.3948	0.4248	33.0628	6.5304	NaN	0.4784	1.5967	12	0	46.5501	25.8803	118	1	0.4747	1.5951	12	0	0.2387	1.1601	12	0	37.527	17.2947	89	1	0.2402	1.1734	12	0	0.1734	4	273.9089	186.0982	579.9047	143.5345	26930.9727	41575.3242
89_2_FITC.tif	cdde62e8-8a5f-4cb0-add0-22888619fff1	Cell		Positive	Annotation	Polygon	559.23	682.6	18.0166	23.6066	0.4063	8.0457	3.1821	NaN	3.8276	333	4.8876	24	0	24	118.5402	10313	26.058	150	60	90	3.7931	330	4.8946	24	0	24	84.9058	49.5054	0.4354	21.4494	5.3035	NaN	0.9007	2.7655	24	0	58.6755	41.2146	150	9	0.8935	2.7613	24	0	0.1196	0.6846	8	0	42.6994	27.5373	149	9	0.1196	0.6891	8	0	0.2015	4	167.7847	93.1455	476.9681	7.8796	12459.8926	35413.6523
89_2_FITC.tif	48549932-930d-4a51-8a6f-3a4d65c3c5bc	Cell		Positive	Annotation	Polygon	562.4	691.9	28.5781	34.9189	0.2945	13.5658	4.1198	NaN	5.4577	775	6.2235	28	0	28	153.0282	21730	27.7524	192	84	108	5.3662	762	6.1292	27	0	27	106.8571	73.0547	0.2516	29.0412	7.2844	NaN	1.524	4.0464	28	0	77.4722	56.1279	192	8	1.501	3.9837	27	0	0.0501	0.2912	3	0	49.1636	33.1433	172	8	0.0528	0.321	4	0	0.2586	2	7.9771	7.9771	8.0745	7.8796	6.1105	6.1105
89_2_FITC.tif	3506a5b6-5111-447d-a6df-0800401a5d7c	Cell		Positive	Annotation	Polygon	562.94	704.79	2.485	8.3114	0.4521	3.5335	1.1036	NaN	0	0	0	0	0	0	85.3125	1365	12.9703	108	65	43	0	0	0	0	0	0	33.7552	27.9823	0.5417	13.0061	3.545	NaN	0.0964	0.5306	4	0	45.1988	20.4878	108	20	0.0904	0.5143	4	0	0.1067	0.5574	4	0	40.92	16.0208	103	20	0.1	0.5403	4	0	0.0835	7	600.9976	768.6052	1021.6021	8.0745	22891.2246	56161.2617
89_2_FITC.tif	d62ebb94-bfcb-4ec8-ab91-ae7b9dc67e42	Cell		Positive	Annotation	Polygon	393.54	1132.1	30.6489	30.554	0.4126	12.8916	3.5267	NaN	13.8121	2058	14.4022	57	0	57	147.7718	22018	46.5267	214	28	186	13.745	2048	14.3514	57	0	57	159.4573	62.8323	0.5076	29.0592	7.041	NaN	2.6727	8.3505	57	0	35.9623	60.8404	214	0	2.6597	8.3163	57	0	0	0	0	0	9.1353	18.6859	125	0	0	0	0	0	0.1922	10	590.8362	550.8934	1083.5314	237.9668	37344.0195	68868.8047
89_2_FITC.tif	498eb1be-f098-43ee-9c4b-0435eb709ead	Cell		Positive	Annotation	Polygon	60.12	1378.5	45.9734	43.1063	0.3109	20.1082	3.4585	NaN	10.5833	2413	12.7181	52	0	52	158.8421	36216	37.2408	219	48	171	10.5702	2410	12.7179	52	0	52	167.1195	63.7609	0.5166	28.4209	7.2095	NaN	3.0495	8.2699	52	0	58.6238	69.9231	219	0	3.0446	8.2665	52	0	0.0879	0.8782	13	0	19.2276	27.5868	135	0	0.0862	0.8734	13	0	0.2811	6	365.8449	305.5744	906.7278	58.6589	10643.335	26692.5234
89_2_FITC.tif	796f6406-10e1-4d01-aab6-69c69a08504b	Cell		Positive	Annotation	Polygon	35.72	1691.8	8.4906	15.0068	0.4738	6.9993	1.6857	NaN	4.8511	228	6.2275	20	0	20	96.5319	4537	23.9609	130	50	80	4.8511	228	6.2275	20	0	20	59.8483	39.4413	0.4835	18.5117	4.2058	NaN	1.0378	3.2091	20	0	31.4261	36.6181	130	0	1.0344	3.2086	20	0	0.3033	1.2629	9	0	18.8852	22.6669	117	0	0.2992	1.259	9	0	0.1414	3	135.3304	137.0076	260.8875	8.0963	4918.0049	13984.0654
89_2_FITC.tif	7945bfcf-63cd-41e4-96d4-88ccfc93e2bc	Cell		Positive	Annotation	Polygon	32.3	1704.5	43.0742	53.4742	0.1893	18.2335	5.1649	NaN	5.4623	1158	7.0209	31	0	31	127.8491	27104	44.0654	206	31	175	5.4245	1150	7.0226	31	0	31	186.7928	74.5613	0.4222	35.0374	8.7901	NaN	1.6	4.531	31	0	47.4884	56.1079	206	0	1.5934	4.5214	31	0	0.4185	2.4128	30	0	22.9048	30.6077	150	0	0.4214	2.4075	30	0	0.2316	5	224.0215	268.7353	358.5503	8.0963	5256.417	14754.0146
89_2_FITC.tif	c6474789-6f3b-4757-aefc-cd34c912cb64	Cell		Positive	Annotation	Polygon	137.25	1786.7	22.7796	37.4264	0.2044	17.4416	1.9925	NaN	7.8783	906	9.2719	40	0	40	85.8174	9869	25.9843	131	19	112	7.8174	899	9.2439	40	0	40	161.114	73.0014	0.3799	35.1476	5.8561	NaN	1.2481	4.5423	40	0	21.937	32.3127	131	0	1.2404	4.5199	40	0	0.098	0.6716	9	0	10.8567	16.6546	81	0	0.0995	0.668	9	0	0.1431	10	237.9434	193.0186	586.7875	49.9759	8262.7197	26692.5234
89_2_FITC.tif	75963d28-16e9-487e-aa88-1db67ffa4876	Cell		Positive	Annotation	Polygon	186.75	1788.5	25.0576	31.9287	0.3089	11.7049	3.7139	NaN	2.2951	280	3.1953	13	0	13	76.3607	9316	19.8153	115	30	85	2.2623	276	3.1748	12	0	12	123.0099	59.3551	0.4388	27.1275	7.3443	NaN	0.5906	1.8104	13	0	28.4916	31.7394	115	0	0.594	1.8056	12	0	0.1519	0.7542	9	0	16.1709	20.5823	87	0	0.1646	0.7873	9	0	0.1978	6	228.3344	48.2906	653.0925	9.2247	3490.479	14642.8799
89_2_FITC.tif	f41f3d33-a51f-4180-99c4-0916f3ef85a0	Cell		Positive	Annotation	Polygon	189.19	1800.4	23.1938	24.5026	0.4855	9.9069	2.9967	NaN	2.2069	256	3.1416	14	0	14	84.1121	9757	17.1889	111	34	77	2.1983	255	3.1491	14	0	14	67.7176	49.6962	0.3446	23.7134	4.3546	NaN	0.7994	2.1405	14	0	43.304	35.9645	111	0	0.7964	2.1423	14	0	0.0329	0.2454	2	0	21.0798	20.8197	84	0	0.0329	0.2454	2	0	0.3415	3	19.172	10.4078	37.8836	9.2247	50.2774	84.2832
89_2_FITC.tif	53c6686e-6eaa-4ffd-aadc-4864994d6d30	Cell		Positive	Annotation	Polygon	192.41	1810.7	35.4119	31.7547	0.4413	14.5068	4.0146	NaN	5.8539	1042	7.6853	39	0	39	126.7584	22563	34.9791	185	47	138	5.8596	1043	7.6865	39	0	39	146.2037	65.285	0.4311	31.0248	7.1718	NaN	1.4704	4.6028	39	0	45.7324	53.6359	185	0	1.4718	4.6047	39	0	0.0038	0.0613	1	0	18.6222	22.2755	117	0	0.0038	0.0613	1	0	0.2433	8	303.2925	55.9898	876.4693	10.4078	11688.292	65326.5664
89_2_FITC.tif	713da297-2931-42d3-bddc-f37f968ea98d	Cell		Positive	Annotation	Polygon	183.28	1836.8	5.1772	12.4301	0.4211	5.871	1.1152	NaN	4.8077	125	5.1382	14	0	14	60.4615	1572	11.2151	78	39	39	4.8077	125	5.2308	15	0	15	79.5216	46.8251	0.4558	22.0118	4.5557	NaN	0.526	1.9456	14	0	20.0078	18.4428	78	0	0.5365	1.9747	15	0	0.2151	0.8831	10	0	17.0698	15.1083	60	0	0.2263	0.9177	10	0	0.059	7	48.6133	37.8836	107.0373	23.3312	541.5201	2352.5496
89_2_FITC.tif	8b161d6e-0979-43b2-9c93-0bad4acf3585	Cell		Positive	Annotation	Polygon	191.81	1858	16.7741	32.6737	0.1974	14.2542	2.0712	NaN	10.5181	873	11.4256	38	0	38	119.747	9939	42.4973	184	32	152	10.4819	870	11.3764	38	0	38	105.2004	64.4416	0.3183	31.0289	5.3965	NaN	1.7378	6.0008	38	0	36.7319	45.1585	184	0	1.728	5.9773	38	0	0.035	0.219	2	0	20.6332	22.1251	139	0	0.0304	0.1849	2	0	0.1519	4	23.4309	19.2361	49.3935	5.8577	122.1532	206.0984
89_2_FITC.tif	f7519e6a-2d55-4f72-99e5-e148cc58cd61	Cell		Positive	Annotation	Polygon	188.68	1866.1	7.041	13.5935	0.4788	6.246	1.4825	NaN	12.5385	489	11.7917	36	0	36	106.7692	4164	29.5265	150	38	112	12.4615	486	11.6976	36	0	36	57.9845	45.5339	0.3514	22.0148	3.7243	NaN	1.8936	6.2084	36	0	30.2163	38.1204	150	0	1.883	6.1659	36	0	0.1852	1.3153	18	0	17.93	21.3177	144	0	0.1852	1.3153	18	0	0.1211	4	31.4614	20.2442	79.4994	5.8577	187.7042	404.8051
89_2_FITC.tif	a4b19bf3-c48e-4542-af8e-e96f7d2f4ca0	Cell		Positive	Annotation	Polygon	199.39	1872	31.8915	42.7992	0.2188	20.3826	2.9376	NaN	2.3765	385	5.4134	26	0	26	70.0432	11347	17.6837	122	21	101	2.3889	387	5.432	26	0	26	177.8881	77.1233	0.3758	37.0061	6.4974	NaN	0.5425	2.5614	26	0	30.5646	25.7623	122	0	0.546	2.5673	26	0	0.1162	0.5867	7	0	21.3888	17.2845	69	0	0.1176	0.5703	6	0	0.1795	8	222.0588	125.5554	764.7479	12.3397	11335.3574	68868.8047
89_2_FITC.tif	3d9c9d26-9413-45d2-9ef7-f4c0ce9f7c51	Cell		Positive	Annotation	Polygon	187.47	1943.8	28.7851	32.0405	0.3524	14.9337	2.6595	NaN	2.6759	388	3.5724	17	0	17	95.1724	13800	25.1921	137	40	97	2.6897	390	3.5853	17	0	17	158.6289	66.555	0.45	31.0668	6.2126	NaN	0.5759	1.9138	17	0	34.0851	34.8418	137	0	0.5838	1.923	17	0	0.084	0.5208	7	0	19.7754	16.4393	76	0	0.0905	0.5351	6	0	0.1901	7	91.6602	79.4994	165.4747	51.1551	955.3459	2352.5496
89_2_FITC.tif	4ef9f3b4-1157-443f-b998-a18f1f9714e4	Cell		Positive	Annotation	Polygon	183.34	2000.2	45.5592	51.6645	0.2145	22.1382	3.4727	NaN	1.6419	376	2.7118	14	0	14	130.5197	29889	20.8788	181	77	104	1.6288	373	2.6602	14	0	14	149.1029	67.9008	0.4064	31.0215	6.4634	NaN	0.6086	1.752	14	0	80.2573	43.6564	181	3	0.6072	1.725	14	0	0.1296	0.6071	5	0	56.9575	29.5314	142	3	0.1336	0.6129	5	0	0.3084	5	65.9989	25.9738	220.5624	7.4528	484.3067	1755.0219
89_2_FITC.tif	9972bbf1-1e02-45a3-b66d-895789473ca4	Cell		Positive	Annotation	Polygon	187.42	1994.5	8.4906	17.6207	0.3436	8.0713	1.6368	NaN	2.7021	127	5.017	20	0	20	108	5076	16.6785	139	80	59	2.7447	129	4.9846	19	0	19	64.6113	51.594	0.305	24.8762	3.461	NaN	0.5924	2.2481	20	0	65.2707	23.709	139	36	0.6019	2.2391	19	0	0.221	0.8179	7	0	57.7491	15.2951	114	36	0.2247	0.8053	7	0	0.1369	4	37.3219	42.0445	57.7457	7.4528	261.2297	522.1599
89_2_FITC.tif	1d03ce81-0577-4f07-840c-5455e220d4af	Cell		Positive	Annotation	Polygon	182.05	2020.4	18.6379	21.1079	0.5257	9.0461	2.4201	NaN	3.5714	325	3.7834	16	0	16	133.5604	12154	19.4669	158	83	75	3.5934	327	3.7859	16	0	16	63.7829	45.3068	0.3905	18.5016	5.787	NaN	1.0767	2.6105	16	0	68.4697	51.7758	158	1	1.0831	2.6176	16	0	0.0541	0.422	5	0	41.7883	34.2133	127	1	0.0541	0.422	5	0	0.2792	4	153.6864	127.8946	350.815	8.1413	2827.6196	10307.9053
89_2_FITC.tif	73d04b4a-eb6a-44b6-a5f0-1df3b9e12c82	Cell		Positive	Annotation	Polygon	183.86	2030.9	6.8339	14.3773	0.4155	6.6375	1.5408	NaN	2.7879	92	3.3143	11	0	11	107.4545	3546	11.8825	128	86	42	2.7273	90	3.2333	11	0	11	55.0852	42.1685	0.3893	19.527	4.3768	NaN	0.8577	2.5031	17	0	51.161	31.5599	128	4	0.8427	2.4704	17	0	0.5855	2.2454	17	0	43.2222	24.6087	121	4	0.5769	2.2266	17	0	0.1179	6	104.159	32.1569	358.5503	8.1413	427.5288	1226.5063
89_2_FITC.tif	f13cd39f-e4d0-4db5-b7a1-8ddb033ce476	Cell		Positive	Annotation	Polygon	206.36	2049.6	20.2946	26.9674	0.3507	12.9563	2.4039	NaN	3.4356	347	4.6334	22	0	22	97.9208	9890	20.2567	133	56	77	3.3564	339	4.5444	21	0	21	130.6721	62.4909	0.4205	30.0008	5.7984	NaN	1.0111	2.8847	22	0	42.3149	32.5374	133	0	1.0032	2.8513	21	0	0.5499	2.1268	18	0	31.7382	21.9476	91	0	0.5556	2.1276	18	0	0.1577	5	103.0174	107.1348	177.8682	31.3798	1160.413	2336.0017
89_2_FITC.tif	af3488d4-de12-4556-a4f4-a8879729e9aa	Cell		Positive	Annotation	Polygon	237.49	2185	8.6977	22.6424	0.2132	11.199	1.1205	NaN	4.0426	190	5.3971	20	0	20	117.2553	5511	22.2442	148	59	89	4	188	5.3446	20	0	20	67.3034	55.031	0.2793	26.9226	3.6938	NaN	0.7896	2.5882	20	0	58.2043	35.9817	148	6	0.7896	2.5656	20	0	0.2456	0.9821	8	0	48.3274	27.3403	127	6	0.2527	0.9875	8	0	0.1265	5	138.8459	140.9585	317.4463	4.3662	3107.4749	8765.9521
89_2_FITC.tif	6143f0b4-4583-4743-b328-408c33d67f6b	Cell		Positive	Annotation	Polygon	240.08	2194.1	14.0819	26.4429	0.2531	10.4053	2.1813	NaN	0.6986	51	1.2768	5	0	5	101.4658	7407	17.4261	129	65	64	0.6712	49	1.2478	5	0	5	87.1838	54.1351	0.3738	25.0116	4.9856	NaN	0.3475	1.014	7	0	65.1513	24.7911	129	15	0.3428	1.0133	7	0	0.2743	0.9359	7	0	57.5771	18.6315	101	15	0.2743	0.945	7	0	0.165	3	47.1349	60.5932	76.4453	4.3662	795.5979	1489.7567
89_2_FITC.tif	71b63402-43a5-47a1-a763-2161b44f941d	Cell		Positive	Annotation	Polygon	296.62	2210.9	10.7685	17.6547	0.4342	7.667	1.9526	NaN	8.1754	466	7.3682	24	0	24	66.4386	3787	21.7412	102	23	79	8.1228	463	7.3486	24	0	24	101.6799	51.3507	0.4846	24.0149	5.3843	NaN	0.9491	3.6162	24	0	9.89	22.7197	102	0	0.943	3.5994	24	0	0	0	0	0	2.4631	6.8386	49	0	0	0	0	0	0.1054	8	306.3318	127.5785	1083.5314	49.2156	21554.502	68868.8047
89_2_FITC.tif	f8ea90f0-8c6a-4d53-9986-e3d4e7bde187	Cell		Positive	Annotation	Polygon	278.27	2256.6	13.6678	21.3945	0.3752	9.6444	2.363	NaN	0.4857	34	1.0179	4	0	4	54.9143	3844	7.3932	68	35	33	0.4857	34	1.0035	4	0	4	118.8682	55.5265	0.4845	26.08	5.996	NaN	0.3948	1.1426	10	0	25.5478	20.5322	68	0	0.3965	1.1504	10	0	0.3822	1.1592	10	0	21.4772	18.3374	62	0	0.3842	1.1696	10	0	0.1228	3	83.084	76.4453	123.5912	49.2156	2047.222	2604.6875
89_2_FITC.tif	ed28fb50-9a91-44a4-a0b4-f328c3facab1	Cell		Positive	Annotation	Polygon	366.79	2282.8	12.2182	22.6122	0.3003	10.8686	1.5598	NaN	2.7419	170	3.0241	11	0	11	61.9677	3842	11.3166	80	27	53	2.7742	172	2.95	11	0	11	107.8925	57.2345	0.4139	27.0532	5.1478	NaN	0.522	1.5941	11	0	16.4283	22.9354	80	0	0.5258	1.5844	11	0	0.2234	0.9578	10	0	10.3037	16.2123	67	0	0.2234	0.9601	10	0	0.1108	6	281.5247	119.7842	640.5609	74.0972	11464.0537	34671.4023
89_2_FITC.tif	3b8e1af5-9966-4487-b2ee-8e9e00a018ac	Cell		Positive	Annotation	Polygon	352.48	2355.6	8.6977	20.3022	0.2652	9.8979	1.1966	NaN	7.9149	372	6.3753	21	0	21	70.0213	3291	16.5654	98	37	61	7.8511	369	6.3382	21	0	21	98.3665	55.918	0.3953	27.0124	4.8198	NaN	0.9706	3.3019	21	0	12.7925	23.4088	98	0	0.9727	3.292	21	0	0.2116	1.3705	15	0	6.5372	13.4368	68	0	0.2209	1.4026	15	0	0.0915	4	116.5289	118.5862	154.8459	74.0972	3261.5535	4118.0063
89_2_FITC.tif	4390736f-cee1-4297-8c2a-fe8f24d7aaf8	Cell		Positive	Annotation	Polygon	592.99	1468.7	4.9701	12.6375	0.3911	6.1127	1.0088	NaN	15.5769	405	12.9497	40	0	40	66.2308	1722	21.9824	104	32	72	15.5	403	12.8476	40	0	40	78.4861	47.8794	0.4302	23.0001	4.3488	NaN	1.0686	5.161	40	0	7.2823	17.8812	104	0	1.0633	5.1291	40	0	0	0	0	0	2.9405	5.7844	32	0	0	0	0	0	0.0555	5	355.0583	256.1361	768.6052	188.4089	21837.3535	50639.5977
89_2_FITC.tif	bf23219e-095b-4ff2-917d-d3b7d95c8b96	Cell		Positive	Annotation	Polygon	466.61	1608.4	23.1938	41.3868	0.1702	19.9274	1.7482	NaN	3.4035	388	4.8822	26	0	26	70.2193	8005	17.7872	111	26	85	3.3421	381	4.8551	26	0	26	160.0785	78.7047	0.3247	38.0049	5.3989	NaN	0.7555	2.3925	26	0	24.8758	25.8112	111	0	0.7464	2.3777	26	0	0.2974	1.0941	8	0	17.0319	17.5919	68	0	0.2974	1.1024	8	0	0.145	7	269.4057	159.1745	912.8306	41.3042	18197.3184	56161.2617
89_2_FITC.tif	ac071bda-c5df-4670-a789-e36dab022568	Cell		Positive	Annotation	Polygon	461.42	1648.1	12.8394	21.2193	0.3583	9.748	2.4465	NaN	2.6716	179	4.095	20	0	20	58.3134	3907	14.5083	88	29	59	2.6716	179	4.0429	20	0	20	96.0885	55.4605	0.3926	25.9126	5.9509	NaN	0.618	2.0843	20	0	24.2854	22.2028	88	0	0.6116	2.0534	20	0	0.2732	1.2105	11	0	18.5714	17.7029	65	0	0.2657	1.1754	11	0	0.1326	6	300.9797	281.5931	640.5609	6.2563	15153.207	61912.2305
89_2_FITC.tif	62f3da7c-5131-4d72-b259-dc8ee049e408	Cell		Positive	Annotation	Polygon	462.6	1657	2.278	8.3955	0.4061	4.073	0.8375	NaN	1	13	2.1213	7	0	7	51.3846	668	7.8797	66	39	27	1	13	2.1213	7	0	7	10.9756	24.0203	0.239	11.7268	1.2843	NaN	0.2909	1.1494	7	0	30.0364	23.1852	67	0	0.2909	1.1494	7	0	0.0714	0.4629	3	0	23.4286	22.3739	67	0	0.0714	0.4629	3	0	0.1658	4	332.811	320.4337	686.2643	4.1122	8957.1436	34671.4023
89_2_FITC.tif	7d9ebb7f-3354-41a5-8fcc-d9e265413f4d	Cell		Positive	Annotation	Polygon	469.46	1658.4	19.4662	27.2995	0.3282	12.6886	2.5492	NaN	4.3434	430	5.7342	25	0	25	93.7071	9277	30.6052	152	37	115	4.3333	429	5.7357	25	0	25	100.0232	61.1055	0.3366	29.0106	5.1681	NaN	0.9174	3.1243	25	0	27.3698	39.4795	152	0	0.9132	3.1222	25	0	0.0364	0.2864	3	0	10.3117	17.1797	120	0	0.0338	0.2727	3	0	0.2001	5	173.7505	51.1168	682.3551	4.5605	7128.1992	37493.2305
89_2_FITC.tif	cca532f1-0ffe-486a-aa25-d48b5a8fdfe2	Cell		Positive	Annotation	Polygon	464.23	1658.7	9.1118	12.357	0.7499	5.0579	2.4595	NaN	6.7447	317	8.1226	34	0	34	85.6383	4025	16.518	115	44	71	6.7234	316	8.1686	34	0	34	38.3112	40.0936	0.2995	19.0225	3.2717	NaN	1.6667	4.9313	34	0	40.8906	33.5474	115	0	1.6615	4.9442	34	0	0.0207	0.1852	2	0	26.3862	23.2424	80	0	0.0207	0.1852	2	0	0.2191	6	126.1517	7.4303	682.4639	4.1122	426.6092	1555.5958
89_2_FITC.tif	e2338fef-51ec-4205-9b03-5a5dbb200798	Cell		Positive	Annotation	Polygon	466.01	1667.3	16.9812	25.7477	0.3219	10.3209	3.4488	NaN	3.0465	262	3.7382	17	0	17	88.7674	7634	21.218	127	33	94	3	258	3.6878	17	0	17	68.1317	50.6755	0.3334	23.0184	5.2522	NaN	0.8852	2.491	17	0	36.8187	39.0164	127	0	0.8731	2.461	17	0	0.1265	1.14	15	0	18.5837	24.8381	127	0	0.1265	1.14	15	0	0.2514	3	229.1868	4.6126	678.4968	4.4509	518.5319	860.0082
89_2_FITC.tif	deeddcdc-a05e-4e0d-b916-953034ae00c2	Cell		Positive	Annotation	Polygon	676.51	1707.3	10.3544	20.0964	0.3222	6.5225	3.0038	NaN	0.6792	36	1.1893	5	0	5	68.5094	3631	6.7214	81	54	27	0.6792	36	1.2212	5	0	5	72.4806	39.4632	0.5849	15.9146	6.4001	NaN	0.2991	0.9344	7	0	37.9744	21.4279	81	3	0.3134	0.9644	7	0	0.2315	0.8666	7	0	32.5436	18.3631	80	3	0.2483	0.8982	7	0	0.1452	6	227.213	39.9784	1016.5377	5.0765	5057.438	28401.6562
89_2_FITC.tif	a0d16452-8dfd-490e-9b39-03fad38eb189	Cell		Positive	Annotation	Polygon	676.75	1720.8	4.763	13.6783	0.3199	5.8644	1.2134	NaN	1.0714	30	1.6314	6	0	6	73.4643	2057	11.9303	89	43	46	1.0714	30	1.6314	6	0	6	17.3953	29.5482	0.2504	14.3412	1.7351	NaN	0.4607	1.1287	6	0	38.236	28.848	89	2	0.4607	1.1287	6	0	0.1803	0.6457	4	0	22.0656	17.6502	71	2	0.1803	0.6457	4	0	0.2571	3	3.3824	3.1625	5.5707	1.414	2.5404	3.4951
89_2_FITC.tif	63c89a2a-9bf2-4a44-b901-099805cb4ba2	Cell		Positive	Annotation	Polygon	678.41	1718.1	2.6921	9.0444	0.4136	3.465	0.9932	NaN	1.0714	15	1.7744	5	0	5	62.0714	869	8.2225	73	49	24	1.1429	16	1.7478	5	0	5	19.8804	22.07	0.5129	9.8213	2.6444	NaN	0.2474	0.8169	5	0	29.4742	19.4615	73	2	0.299	0.8799	5	0	0.1084	0.3829	2	0	23.9759	14.8554	58	2	0.1566	0.5292	3	0	0.1184	5	221.3918	5.0765	1021.6021	1.414	51.1788	178.8012
89_2_FITC.tif	fc6bb778-9afe-4a12-8806-4b6e55f66e80	Cell		Positive	Annotation	Polygon	578.69	1721.6	10.3544	23.701	0.2316	11.6711	1.1533	NaN	4.9444	267	5.5027	20	0	20	54.3519	2935	12.7104	77	27	50	4.9444	267	5.4752	20	0	20	103.9579	58.6081	0.3803	28.0202	4.6968	NaN	0.8171	2.6687	20	0	14.3618	20.3433	77	0	0.8191	2.6595	20	0	0.3207	1.4484	11	0	9.5523	15.122	65	0	0.3229	1.4425	11	0	0.1014	6	224.6199	142.6408	630.1532	82.5841	14692.6084	37493.2305
89_2_FITC.tif	d363bb72-a9fb-461a-9c8e-ee3488434724	Cell		Positive	Annotation	Polygon	674.51	1721.9	3.5205	10.7213	0.3849	4.9942	1.092	NaN	3.2857	69	5.4785	19	0	19	69.7143	1464	13.5983	94	44	50	3.2381	68	5.3936	19	0	19	42.8671	36.7258	0.3994	17.657	3.2669	NaN	0.6077	2.1392	19	0	31.8947	22.397	94	5	0.6124	2.1299	19	0	0.3085	0.9922	8	0	27.6702	18.9635	75	5	0.3191	1.0364	9	0	0.0864	5	29.9906	8.6485	70.7148	3.1625	166.3806	825.0771
89_2_FITC.tif	b21a52c2-815a-4e5f-805f-c8dae9c5d11a	Cell		Positive	Annotation	Polygon	642.48	1772.2	6.8339	11.9623	0.6001	4.9913	1.7468	NaN	4.75	171	4.9821	19	0	19	76.0556	2738	12.0213	94	47	47	4.7778	172	5.0206	19	0	19	72.6877	43.4041	0.4849	20.6195	4.9316	NaN	0.8842	2.4738	19	0	28.3079	27.3875	94	0	0.8842	2.4784	19	0	0.4465	1.4781	9	0	22.9025	23.0453	79	0	0.4434	1.463	8	0	0.0925	7	83.5782	63.1585	308.9755	12.7145	2135.6394	8461.835
89_2_FITC.tif	e78b85c1-4a96-4684-9a46-5e96afd337a9	Cell		Positive	Annotation	Polygon	646.3	1785	36.6545	34.2012	0.3938	13.7898	4.1988	NaN	1.7238	312	2.4991	12	0	12	85.7735	15525	14.2013	107	51	56	1.6961	307	2.4992	12	0	12	139.784	65.8139	0.4055	30.0689	7.3876	NaN	0.5318	1.5664	12	0	40.2304	33.0749	107	0	0.5244	1.558	12	0	0.0968	0.6086	6	0	23.6109	19.6321	85	0	0.0968	0.5986	6	0	0.2633	3	13.138	12.7145	18.4729	8.2265	70.6253	107.8128
89_2_FITC.tif	290fecd0-3aa0-4807-8685-359213f61d0b	Cell		Positive	Annotation	Polygon	663.92	1789.2	6.2126	14.5522	0.3687	6.8205	1.2207	NaN	5.0857	178	6.1327	19	0	19	55.4	1939	13.8971	83	29	54	5.0571	177	6.097	19	0	19	88.2192	50.5963	0.433	24.0244	4.5559	NaN	0.5035	2.2688	19	0	15.9977	17.3073	83	0	0.5035	2.2563	19	0	0.0944	0.5388	6	0	12.4796	12.5769	54	0	0.0969	0.5407	6	0	0.0729	7	199.4854	70.7148	598.5092	18.4729	1038.3395	5396.5845
89_2_FITC.tif	78e89f8d-1099-4e66-85b6-3fc30ec6aa8f	Cell		Positive	Annotation	Polygon	642.11	1795.3	8.4906	14.9148	0.4796	5.8282	2.1243	NaN	6.3696	293	6.1693	25	0	25	79.7826	3670	13.4725	106	50	56	6.1957	285	6.1522	25	0	25	66.268	45.972	0.394	21.7653	4.3879	NaN	1.2857	3.703	25	0	26.3571	29.8327	106	0	1.2578	3.6641	25	0	0.4384	2.1759	17	0	17.4529	21.2636	87	0	0.4348	2.1724	17	0	0.1294	5	144.3336	21.5988	575.2527	8.2265	5034.1982	23851.5781
89_2_FITC.tif	a343aaf4-3da9-44c5-b7bd-5cb74afe0165	Cell		Positive	Annotation	Polygon	468.74	2338.6	11.1827	17.0389	0.484	7.8399	2.3392	NaN	7.8033	476	7.2614	28	0	28	92.2131	5625	20.3438	126	42	84	7.7869	475	7.2114	28	0	28	71.6522	42.2406	0.5046	19.5024	5.2122	NaN	1.3714	4.227	28	0	25.5686	35.8511	126	0	1.3686	4.2079	28	0	0.0138	0.2353	4	0	11.5017	18.2213	88	0	0.0138	0.2353	4	0	0.151	9	516.7825	630.1532	686.2643	12.4165	10632.5684	37493.2305
89_2_FITC.tif	63e2f603-a56d-4c73-b87e-88bce6ebc464	Cell		Positive	Annotation	Polygon	465.94	2356	73.1018	54.4969	0.3093	23.7486	5.0045	NaN	1.9387	696	3.436	23	0	23	100.0167	35906	18.1462	133	53	80	1.9136	687	3.4057	23	0	23	212.8858	81.9799	0.3981	39.0245	8.4545	NaN	0.8082	2.3975	23	0	47.4129	43.7928	133	0	0.8004	2.3821	23	0	0.2006	1.2029	16	0	19.1422	21.9886	102	0	0.2021	1.2157	17	0	0.3487	4	211.6719	117.881	598.5092	12.4165	1797.0439	4118.0063
