Image	Object ID	Object type	Name	Classification	Parent	ROI	Centroid X µm	Centroid Y µm	Nucleus: Area	Nucleus: Perimeter	Nucleus: Circularity	Nucleus: Max caliper	Nucleus: Min caliper	Nucleus: Eccentricity	Nucleus: Red mean	Nucleus: Red sum	Nucleus: Red std dev	Nucleus: Red max	Nucleus: Red min	Nucleus: Red range	Nucleus: Green mean	Nucleus: Green sum	Nucleus: Green std dev	Nucleus: Green max	Nucleus: Green min	Nucleus: Green range	Nucleus: Blue mean	Nucleus: Blue sum	Nucleus: Blue std dev	Nucleus: Blue max	Nucleus: Blue min	Nucleus: Blue range	Cell: Area	Cell: Perimeter	Cell: Circularity	Cell: Max caliper	Cell: Min caliper	Cell: Eccentricity	Cell: Red mean	Cell: Red std dev	Cell: Red max	Cell: Red min	Cell: Green mean	Cell: Green std dev	Cell: Green max	Cell: Green min	Cell: Blue mean	Cell: Blue std dev	Cell: Blue max	Cell: Blue min	Cytoplasm: Red mean	Cytoplasm: Red std dev	Cytoplasm: Red max	Cytoplasm: Red min	Cytoplasm: Green mean	Cytoplasm: Green std dev	Cytoplasm: Green max	Cytoplasm: Green min	Cytoplasm: Blue mean	Cytoplasm: Blue std dev	Cytoplasm: Blue max	Cytoplasm: Blue min	Nucleus/Cell area ratio	Delaunay: Num neighbors	Delaunay: Mean distance	Delaunay: Median distance	Delaunay: Max distance	Delaunay: Min distance	Delaunay: Mean triangle area	Delaunay: Max triangle area
89_4_FITC.tif	3879486b-0347-4259-8872-72265d1d81a3	Cell		Positive	Annotation	Polygon	455.79	798.16	7.2481	11.8717	0.6463	5.3298	1.6042	NaN	13.9167	501	11.1647	38	0	38	78.25	2817	22.6039	113	37	76	13.8611	499	11.1615	38	0	38	86.1483	46.9313	0.4915	22.0183	4.9701	NaN	1.2043	5.0852	38	0	11.9327	23.2217	113	0	1.1995	5.0726	38	0	0	0	0	0	5.65	9.2714	46	0	0	0	0	0	0.0721	5	167.9551	179.9525	242.0481	22.4686	5046.3369	12837.4385
89_4_FITC.tif	af4cd859-535b-4c56-8811-4973311f67df	Cell		Positive	Annotation	Polygon	433.57	801.31	8.9048	17.0305	0.3858	8.093	1.6296	NaN	0.5	23	0.9603	4	0	4	75.4348	3470	5.1539	86	62	24	0.4783	22	0.9601	4	0	4	98.1594	52.7383	0.4435	25.0607	5.1662	NaN	0.4706	1.2999	10	0	46.2962	19.7836	86	6	0.4664	1.2818	10	0	0.4674	1.3319	10	0	43.1791	18.1602	79	6	0.4651	1.3125	10	0	0.0893	5	154.6453	92.0324	414.6353	22.4686	1793.6235	4426.6167
89_4_FITC.tif	af748e69-747b-4453-a4ab-534238a26a3b	Cell		Positive	Annotation	Polygon	418.46	886.34	19.4662	27.5642	0.322	10.2297	3.4356	NaN	3.6122	354	5.2043	22	0	22	101.4796	9945	21.766	138	50	88	3.602	353	5.2184	22	0	22	93.1893	52.6139	0.423	24.801	5.5096	NaN	0.9249	2.884	22	0	45.7373	38.6831	138	1	0.9249	2.8855	22	0	0.1831	0.8045	7	0	30.3493	26.1375	111	1	0.1859	0.7985	7	0	0.2005	5	176.003	87.7165	448.762	5.8752	4635.8271	17909.2129
89_4_FITC.tif	9448bfef-c03d-421a-9350-bcc9493c251a	Cell		Positive	Annotation	Polygon	422.99	893.69	26.3001	36.1315	0.2532	17.5629	2.1113	NaN	3	387	3.7853	16	0	16	90.4574	11669	13.7892	113	56	57	2.969	383	3.7603	16	0	16	112.8626	70.6489	0.2842	34.0009	4.6668	NaN	0.7409	2.2533	16	0	34.9325	36.1354	113	0	0.7336	2.2361	16	0	0.0453	0.4433	6	0	17.8377	20.1527	94	0	0.0453	0.4433	6	0	0.2266	4	41.7342	35.8484	92.0324	3.2074	274.6921	831.1866
89_4_FITC.tif	17231cd2-eca7-48e2-b07a-4e1c42467158	Cell		Positive	Annotation	Polygon	420.02	898.75	7.8693	13.3906	0.5515	6.0166	1.8614	NaN	2.881	121	3.59	12	0	12	101.381	4258	10.9588	115	77	38	2.8571	120	3.606	12	0	12	29.6135	29.3229	0.4328	14.0295	2.8672	NaN	0.8958	2.3317	12	0	62.6319	30.9648	115	16	0.875	2.3291	12	0	0.0784	0.3901	3	0	46.6765	20.6715	107	16	0.0588	0.3091	2	0	0.2566	4	129.0836	35.5847	441.9579	3.2074	1664.902	5915.8765
89_4_FITC.tif	f7dd59c1-a304-4ddc-82fb-1cf4add82c73	Cell		Positive	Annotation	Polygon	432.95	957.71	16.3599	21.385	0.4495	9.556	2.3967	NaN	5.0471	429	5.0941	22	0	22	84.2706	7163	21.37	116	38	78	5	425	5.12	22	0	22	119.0752	55.5892	0.4842	26.0356	5.8994	NaN	0.8128	2.6873	22	0	22.3085	30.1766	116	0	0.8024	2.6847	22	0	0.0813	0.6265	9	0	11.6037	14.5145	74	0	0.0772	0.6271	9	0	0.1407	9	280.6002	161.2171	1041.5834	63.7562	21564.7539	86260.625
89_4_FITC.tif	ebdf4449-bb04-4532-be83-4f2dd9bc7a12	Cell		Positive	Annotation	Polygon	268.47	1177.6	3.3134	11.0761	0.3394	5.3281	0.8499	NaN	3.4444	62	4.2318	13	0	13	94.0556	1693	13.2019	117	73	44	3.3889	61	4.1322	12	0	12	40.5891	31.9131	0.5008	14.9866	3.7836	NaN	1.8838	4.1704	24	0	57.6162	40.5563	124	1	1.8788	4.133	24	0	1.7278	4.1438	24	0	53.9722	40.5806	124	1	1.7278	4.1141	24	0	0.0715	5	182.7618	151.1044	414.6353	8.634	5643.9878	17909.2129
89_4_FITC.tif	7bda2926-34fa-4090-bf58-e987ef17c195	Cell		Positive	Annotation	Polygon	268.3	1193.2	18.0166	22.706	0.4391	9.8768	2.6999	NaN	2.7634	257	3.7341	13	0	13	82.6344	7685	21.2392	111	22	89	2.7312	254	3.6924	13	0	13	85.32	56.9019	0.3311	24.1639	5.5874	NaN	0.7506	2.2596	13	0	30.4317	36.2036	111	0	0.7386	2.2256	13	0	0.1728	1.0503	10	0	15.4475	23.4465	95	0	0.1667	1.0123	10	0	0.219	5	91.2464	143.0721	155.0961	1.7447	241.3987	537.1213
89_4_FITC.tif	7258c53c-3b2a-4b8b-84b7-76ad0db85f34	Cell		Positive	Annotation	Polygon	265.23	1190.4	2.8992	9.4898	0.4046	4.5566	0.7939	NaN	3.8125	61	3.781	10	0	10	63.3125	1013	15.8271	81	29	52	3.6875	59	3.8248	10	0	10	31.0631	35.923	0.3025	17.6485	2.485	NaN	0.4474	1.6906	10	0	15.1447	23.4109	81	0	0.4342	1.6744	10	0	0.0515	0.3293	3	0	9.4779	16.6693	68	0	0.0515	0.3293	3	0	0.0812	6	354.8744	288.8094	773.7687	1.7447	3829.168	12594.8994
89_4_FITC.tif	96465795-0214-416e-9d7a-12418fada883	Cell		Positive	Annotation	Polygon	316.82	1323.1	12.0111	21.2523	0.3342	10.2166	1.6614	NaN	6.7258	417	6.3328	24	0	24	70.1452	4349	24.1219	111	14	97	6.7419	418	6.3503	24	0	24	85.9413	56.4865	0.3385	27.0888	5.3128	NaN	1.012	3.4126	24	0	15.7933	27.0461	111	0	1.0168	3.4224	24	0	0.0113	0.1501	2	0	6.274	12.2348	68	0	0.0141	0.1914	3	0	0.1411	8	285.3197	268.0654	693.1446	5.468	10764.3477	69272.2031
89_4_FITC.tif	3f2ae827-41eb-40da-b78f-790a9cb97fe2	Cell		Positive	Annotation	Polygon	315.5	1331	5.5914	14.0967	0.3536	6.8538	1.276	NaN	2.2812	73	3.8957	13	0	13	56.0312	1793	9.5258	75	40	35	2.1875	70	3.7282	12	0	12	20.7087	33.322	0.2344	16.3931	1.8503	NaN	0.7333	2.3829	13	0	30.3143	21.8449	75	0	0.7048	2.2826	12	0	0.0548	0.3686	3	0	19.0411	15.0807	56	0	0.0548	0.3686	3	0	0.2578	3	53.9025	8.5545	147.685	5.468	179.0404	323.2828
89_4_FITC.tif	4707143c-deb0-4c5b-bb91-cb649b638998	Cell		Positive	Annotation	Polygon	312.97	1340.7	30.4418	36.37	0.2892	17.5538	2.9777	NaN	3.0473	451	3.8972	17	0	17	77.723	11503	22.6099	112	22	90	3.0135	446	3.8686	17	0	17	133.5714	69.6418	0.3461	33.7828	6.1003	NaN	0.7003	2.2624	17	0	23.1537	33.6702	112	0	0.6925	2.2431	17	0	0	0	0	0	6.871	12.8387	65	0	0	0	0	0	0.2233	8	321.2882	220.2693	958.1442	8.5545	12610.3574	56678.5977
89_4_FITC.tif	bf24fbfe-51f1-4f7c-a306-bb96981186be	Cell		Positive	Annotation	Polygon	230.55	1611.5	21.9513	29.7875	0.3109	12.705	2.7993	NaN	1.8318	196	3.2866	19	0	19	57.5327	6156	14.6837	82	20	62	1.785	191	3.2068	19	0	19	139.5769	61.5338	0.4632	29.016	6.2126	NaN	0.3985	1.6122	19	0	16.0815	23.0753	82	0	0.3911	1.5782	19	0	0.1285	0.7807	9	0	8.2729	14.3985	69	0	0.1285	0.7762	9	0	0.1637	5	224.1298	285.2415	422.3217	29.906	4336.7705	12594.8994
89_4_FITC.tif	d1960c5d-4389-4603-aea3-588e3c37aeac	Cell		Positive	Annotation	Polygon	233.15	1639.1	16.567	28.0372	0.2648	13.3191	2.1872	NaN	3.4302	295	4.1883	17	0	17	86.8721	7471	25.5218	126	36	90	3.4302	295	4.1261	16	0	16	87.805	53.5581	0.3847	25.5888	5.0196	NaN	0.7026	2.3262	17	0	26.4941	36.6606	126	0	0.7026	2.3039	16	0	0.0147	0.195	3	0	11.2669	19.1432	121	0	0.0147	0.195	3	0	0.1882	4	257.4387	171.6345	678.3694	8.1163	14857.5215	56678.5977
89_4_FITC.tif	5a007ce4-15bc-4dcf-a9c9-692c58a9dc62	Cell		Positive	Annotation	Polygon	231.14	1651.9	16.9812	23.931	0.3726	11.1121	2.0493	NaN	3.3882	288	4.155	19	0	19	86.0706	7316	27.8464	131	29	102	3.3647	286	4.0995	19	0	19	87.598	55.3786	0.3589	26.1	5.2269	NaN	0.7012	2.299	19	0	22.8188	36.7039	131	0	0.6965	2.2736	19	0	0.0294	0.2644	4	0	7.0059	15.4561	99	0	0.0294	0.2644	4	0	0.1899	5	306.5917	308.237	671.0798	8.1163	14430.168	57412.332
89_4_FITC.tif	2d11cc05-ae71-4546-8127-e017a72f848b	Cell		Positive	Annotation	Polygon	588.86	917.28	11.5969	19.6997	0.3755	9.2977	1.6803	NaN	5.3833	323	6.6437	23	0	23	82.2667	4936	20.9405	117	34	83	5.2833	317	6.5745	23	0	23	78.279	53.1076	0.3488	25.5319	4.563	NaN	0.8868	3.2835	23	0	25.7342	29.9162	117	0	0.8711	3.24	23	0	0.0437	0.3602	5	0	15.1344	16.3825	80	0	0.0437	0.3602	5	0	0.1469	5	59.1763	27.9228	179.9525	5.8596	1031.5873	4990.5254
89_4_FITC.tif	7e33461f-9478-4507-9122-57844afeb9e1	Cell		Positive	Annotation	Polygon	591.23	925.48	9.526	19.8176	0.3048	9.6917	1.4069	NaN	4	208	4.7362	15	0	15	86.6538	4506	14.552	112	55	57	4.0769	212	4.8541	16	0	16	42.66	49.5099	0.2187	24.0913	2.624	NaN	1.0802	2.9286	15	0	42.5189	30.1664	112	0	1.0943	2.9946	16	0	0.1312	0.7015	6	0	28.175	17.1935	73	0	0.125	0.6982	6	0	0.2189	3	10.4852	5.8596	22.2743	3.3215	12.995	19.4284
89_4_FITC.tif	d7ec05d4-1f3a-4eda-8ff6-500638d1478a	Cell		Positive	Annotation	Polygon	593.58	928.18	5.5914	13.5754	0.3813	6.5317	1.0276	NaN	5.6429	158	5.438	18	0	18	72.1429	2020	14.7088	96	49	47	5.5357	155	5.3436	18	0	18	50.7364	45.7359	0.3048	22.3932	2.9129	NaN	0.7814	2.5994	18	0	27.6761	21.921	96	0	0.7692	2.5613	18	0	0.1598	0.7339	6	0	21.9909	15.1333	67	0	0.1598	0.7585	6	0	0.096	5	73.6938	19.4209	276.3287	3.3215	417.3675	1991.219
89_4_FITC.tif	47610fa5-704d-4a63-a5e2-84c36db0e88d	Cell		Positive	Annotation	Polygon	591.6	947.08	4.763	10.3853	0.555	4.8372	1.2983	NaN	6.36	159	5.4151	16	0	16	69	1725	11.9826	87	52	35	6.28	157	5.2956	16	0	16	74.3444	44.05	0.4815	20.0241	4.7612	NaN	0.7376	2.4888	16	0	24.5304	20.2403	87	0	0.7293	2.4605	16	0	0.3205	1.4261	13	0	21.2315	16.4875	82	0	0.3175	1.4279	13	0	0.0569	5	31.1689	27.9228	45.3327	19.4209	55.093	110.295
89_4_FITC.tif	49668a00-9a7b-4df1-8cf7-15829ef72c24	Cell		Positive	Annotation	Polygon	593.14	986.71	14.9103	18.148	0.5689	8.0385	2.8786	NaN	8.9211	678	6.7266	25	0	25	96.6316	7344	15.9748	125	59	66	8.9342	679	6.68	25	0	25	106.8571	48.0302	0.5821	21.5964	6.3914	NaN	1.4952	4.203	25	0	31.53	34.3387	125	0	1.499	4.197	25	0	0.2154	1.3556	15	0	20.3107	21.9341	98	0	0.2177	1.3627	15	0	0.1376	7	85.4664	40.8938	242.5075	6.7857	1226.5844	6033.7651
89_4_FITC.tif	2ac4f8af-2ec5-447b-a087-7bf3b7c0258c	Cell		Positive	Annotation	Polygon	587.01	988.36	7.6622	13.4938	0.5288	6.3217	1.5637	NaN	4.55	182	3.9023	13	0	13	112.175	4487	19.3204	148	70	78	4.575	183	3.8021	12	0	12	51.3577	36.0366	0.497	16.5212	4.0292	NaN	0.9721	2.4173	13	0	38.5299	41.1761	148	0	0.9801	2.3991	12	0	0.2938	1.1079	9	0	24.5687	26.8363	127	0	0.2986	1.1131	9	0	0.1431	6	62.5602	27.4219	234.0892	6.6368	976.3021	4990.5254
89_4_FITC.tif	85de994e-c806-4655-a81b-4c765e5efd34	Cell		Positive	Annotation	Polygon	589.75	996.7	12.0111	20.451	0.3609	9.8401	1.5915	NaN	1.1587	73	2.431	11	0	11	107.6667	6783	15.4763	136	77	59	1.127	71	2.3928	11	0	11	30.0277	38.3134	0.2571	18.8117	2.7205	NaN	0.7417	1.9165	11	0	82.2185	30.8396	136	6	0.7285	1.8901	11	0	0.4432	1.3801	9	0	64	25.7762	122	6	0.4432	1.3718	9	0	0.3983	5	9.1458	7.9111	16.3703	3.7097	16.2089	21.3077
89_4_FITC.tif	01dde716-eeb5-40bc-b0a2-5c1ad89ffe4b	Cell		Positive	Annotation	Polygon	586.67	1002.8	13.4607	23.9484	0.2949	11.5004	1.6348	NaN	1.5143	106	1.7672	7	0	7	136.9571	9587	20.6534	159	77	82	1.5571	109	1.8544	8	0	8	41.6246	33.4821	0.4666	15.4703	3.3705	NaN	0.6634	1.4126	7	0	74.995	57.3086	159	3	0.6733	1.4668	8	0	0.2121	0.9082	5	0	42.1364	40.9277	158	3	0.2045	0.9225	5	0	0.3248	5	85.84	13.288	242.0481	3.7097	2893.3181	12837.4385
89_4_FITC.tif	086d58fa-84b8-471c-bfd5-cd1307c813bf	Cell		Positive	Annotation	Polygon	592.08	1005.1	5.5914	10.5554	0.6306	4.4554	1.786	NaN	13.5	432	11.8021	34	0	34	121.5938	3891	27.3447	160	62	98	13.4375	430	11.7417	34	0	34	37.2757	31.1495	0.4828	14.5896	3.8181	NaN	2.4033	7.1132	34	0	49.6851	43.1761	160	8	2.3923	7.0786	34	0	0.0201	0.1409	1	0	34.2416	27.4314	134	8	0.0201	0.1409	1	0	0.1637	4	64.8826	13.6286	224.362	7.9111	177.0779	371.4887
89_4_FITC.tif	5fa67cbd-0b49-4ef2-be2b-c9d4506787ff	Cell		Positive	Annotation	Polygon	589.25	1018.7	48.4584	38.5024	0.4108	17.8573	4.0698	NaN	4.7344	1141	7.0749	33	0	33	150.834	36351	21.6205	190	90	100	4.751	1145	7.0205	32	0	32	133.9855	58.5771	0.4907	27.4704	7.3471	NaN	1.8673	4.9047	33	0	73.6728	65.6195	190	0	1.875	4.8824	32	0	0.1695	0.9892	12	0	27.9828	30.9625	133	0	0.172	1.017	13	0	0.3641	5	84.1334	16.3703	215.9621	8.8342	3495.8081	16163.3213
89_4_FITC.tif	c42fff2f-9de8-4c1b-b540-23e73b18075d	Cell		Positive	Annotation	Polygon	658.55	1195	16.1528	24.6976	0.3328	9.7403	3.0277	NaN	4.6049	373	6.1231	24	0	24	85.8148	6951	24.1201	131	30	101	4.5926	372	6.1069	24	0	24	128.3942	56.2188	0.5105	26.0306	6.4197	NaN	0.7026	2.768	24	0	33.1029	28.1748	131	0	0.701	2.7623	24	0	0.1183	0.794	10	0	25.2107	18.6419	96	0	0.1183	0.7986	10	0	0.1255	7	269.3405	276.3287	567.8717	58.0835	2786.6169	6033.7651
89_4_FITC.tif	c118dcc3-974c-411d-875c-7b29a5d378eb	Cell		Positive	Annotation	Polygon	611.1	1229.1	5.7984	12.4268	0.4719	5.7299	1.5106	NaN	4.6875	150	6.6305	22	0	22	50.9375	1630	16.337	82	25	57	4.75	152	6.7298	22	0	22	86.9767	47.0748	0.4932	22.0549	4.9701	NaN	0.6342	2.4151	22	0	15.1116	18.3645	82	0	0.6366	2.4424	22	0	0.3008	1.1552	10	0	12.1645	15.1388	59	0	0.2982	1.1526	10	0	0.0686	9	351.3839	242.5075	780.0167	58.0835	21298.0801	86260.625
89_4_FITC.tif	70b22654-6915-4606-a146-f0d55ffe1b16	Cell		Positive	Annotation	Polygon	662.73	1300.1	7.4551	14.2001	0.4646	6.7341	1.5709	NaN	5.8718	229	5.6016	17	0	17	59.4103	2317	16.3397	86	26	60	5.7436	224	5.413	17	0	17	88.6334	50.2127	0.4418	24	4.9701	NaN	0.69	2.4929	17	0	11.9301	19.133	86	0	0.6783	2.4273	17	0	0.1718	0.9006	9	0	7.1821	11.3169	60	0	0.1718	0.8891	8	0	0.0785	4	219.4085	165.6077	458.9517	87.4669	7905.73	14452.5098
89_4_FITC.tif	add0a5ce-d32c-4418-9d4d-42ea22906837	Cell		Positive	Annotation	Polygon	726.4	1515.2	11.3898	23.0201	0.2701	11.0089	1.2976	NaN	1.3559	80	2.1874	9	0	9	61.6271	3636	13.4445	84	28	56	1.322	78	2.1611	9	0	9	71.6522	52.7153	0.324	25.3787	4.1058	NaN	0.3668	1.2353	9	0	18.7708	24.9203	84	0	0.3668	1.24	9	0	0.1655	0.798	6	0	10.0517	16.1333	74	0	0.1724	0.8306	7	0	0.1557	5	164.5108	226.8427	329.0433	2.5273	3639.4868	14452.5098
89_4_FITC.tif	66a3941d-6e6e-4057-b866-64d7e98a1d83	Cell		Positive	Annotation	Polygon	728.91	1516.5	3.1063	10.7344	0.3388	5.2137	0.8967	NaN	0.4706	8	0.8745	3	0	3	63.7059	1083	9.3992	78	43	35	0.4706	8	0.8745	3	0	3	14.7032	26.1593	0.27	12.8711	1.7575	NaN	0.4474	1.3002	8	0	29.5658	28.4424	80	0	0.4474	1.3002	8	0	0.4407	1.4053	8	0	19.7288	24.1174	80	0	0.4407	1.4053	8	0	0.2061	4	145.9122	124.8674	331.3866	2.5273	913.2014	3106.989
89_4_FITC.tif	c8a3a354-df45-4a50-8046-8c33af66b63c	Cell		Positive	Annotation	Polygon	729.21	1535.4	44.938	53.5592	0.1969	23.0064	3.1318	NaN	2.9682	653	5.2346	29	0	29	88.2818	19422	21.6631	134	34	100	2.9591	651	5.231	29	0	29	169.3975	77.3014	0.3562	36.7084	6.5104	NaN	0.8166	3.0158	29	0	34.1406	38.8343	134	0	0.813	3.0117	29	0	0.0251	0.2477	3	0	14.2224	20.3494	94	0	0.0234	0.2303	3	0	0.2624	6	152.2082	202.9453	244.3033	12.8162	2241.0859	7766.6509
89_4_FITC.tif	c94a2990-f16d-44fa-982c-12c65d4b4cbe	Cell		Positive	Annotation	Polygon	747.09	1713	5.7984	12.3764	0.4757	5.7157	1.5072	NaN	13.2727	438	14.8098	46	0	46	52.697	1739	27.8797	102	6	96	13.1818	435	14.7425	46	0	46	91.7397	47.2224	0.517	22.0737	5.4983	NaN	0.9865	5.2906	46	0	5.0901	15.9803	102	0	0.9797	5.2613	46	0	0	0	0	0	1.2676	4.2652	36	0	0	0	0	0	0.068	8	176.184	149.7599	369.1433	59.8298	5824.9805	12132.8887
89_4_FITC.tif	2db55577-9a3a-4e5f-9128-321d7bcca9fb	Cell		Positive	Annotation	Polygon	796.66	1744.7	38.3112	50.0859	0.1919	20.7547	2.9734	NaN	1.8158	345	2.73	14	0	14	100.3474	19066	27.878	153	37	116	1.8105	344	2.7402	14	0	14	165.877	69.549	0.4309	32.0575	6.508	NaN	0.5249	1.6052	14	0	45.404	38.5569	153	0	0.5212	1.6138	14	0	0.1242	0.6275	6	0	28.3464	21.8713	110	0	0.1209	0.6436	7	0	0.2321	5	221.175	224.5355	567.8717	16.7195	2015.2195	4156.3813
89_4_FITC.tif	fe2ff294-ead7-438a-90cb-0ad674dd14f0	Cell		Positive	Annotation	Polygon	665.01	1756.2	13.0465	25.1086	0.2601	11.7299	1.7539	NaN	1.5147	103	2.9295	13	0	13	107.2353	7292	8.2573	121	78	43	1.5147	103	2.9244	13	0	13	86.7696	52.5384	0.395	25.2606	4.7535	NaN	0.8294	2.1164	13	0	72.128	29.9539	121	7	0.8341	2.1168	13	0	0.6977	1.8988	11	0	65.3842	27.8227	107	7	0.7034	1.9011	12	0	0.1521	6	275.57	242.169	532.3627	9.8157	6291.5361	14452.5098
89_4_FITC.tif	44451036-8131-4ff4-92e8-350fdca0bf40	Cell		Positive	Annotation	Polygon	796.13	1766.3	8.4906	16.9096	0.3731	8.0512	1.4639	NaN	1.4889	67	2.5102	11	0	11	64.4889	2902	10.3959	80	38	42	1.4444	65	2.4823	11	0	11	68.753	40.624	0.5235	18.1047	5.1192	NaN	0.3003	1.1486	11	0	22.8318	24.3886	80	0	0.3003	1.138	11	0	0.1146	0.5513	5	0	16.3229	18.8917	71	0	0.1215	0.5623	5	0	0.1252	3	81.3058	70.4726	156.7254	16.7195	2183.6431	3950.7075
89_4_FITC.tif	790978ec-6de4-4761-b922-2ddc2aac2cde	Cell		Positive	Annotation	Polygon	666.92	1771.1	19.052	26.6531	0.337	12.4697	2.482	NaN	2.1915	206	2.6772	10	0	10	106.2766	9990	14.9317	131	72	59	2.1702	204	2.6463	10	0	10	106.4429	58.9643	0.3847	28.0154	5.9603	NaN	0.8411	1.9622	12	0	52.4186	39.0006	131	0	0.843	1.949	11	0	0.5403	1.6214	12	0	40.4218	31.9294	108	0	0.5474	1.6183	11	0	0.1798	5	108.6867	97.9126	244.3033	9.8157	2072.0171	7766.6509
89_4_FITC.tif	0b285dee-b362-4072-a2b5-00ff5876de5f	Cell		Positive	Annotation	Polygon	172.6	1951.8	14.0819	24.7445	0.289	10.3371	2.6414	NaN	3.1757	235	4.4363	18	0	18	128.1622	9484	18.1063	159	87	72	3.1622	234	4.4136	18	0	18	91.7397	55.8819	0.3692	26.9305	4.763	NaN	1.0518	3.0011	20	0	73.7613	40.1185	159	1	1.0495	2.9985	20	0	0.627	2.4152	20	0	62.8811	33.9884	147	1	0.627	2.422	20	0	0.1577	5	327.2408	308.237	766.927	6.8493	4034.6846	12251.9561
89_4_FITC.tif	3271166b-f534-4a39-bef3-642a0b19969b	Cell		Positive	Annotation	Polygon	170.9	1963.1	0.4142	3.9685	0.3305	1.9125	0.3122	NaN	0.5	2	1	2	0	2	102.25	409	6.6521	109	94	15	0.5	2	1	2	0	2	8.6977	22.2518	0.2207	10.8092	1.2733	NaN	0.5217	1.0901	4	0	69.3913	20.8992	117	34	0.5217	1.1302	5	0	0.5238	1.1096	4	0	66.2619	18.9943	117	34	0.5238	1.1527	5	0	0.0376	4	297.6905	205.0719	773.7687	6.8493	214.4758	263.3758
89_4_FITC.tif	a96fa662-e7fb-4d4c-87ba-c6f506737ffb	Cell		Positive	Annotation	Polygon	480.49	1998.3	28.7851	34.3399	0.3067	16.8268	2.3976	NaN	6.8958	993	8.1444	30	0	30	109.75	15804	28.9329	161	46	115	6.8542	987	8.0843	30	0	30	148.6887	68.9208	0.3934	33.0038	5.7984	NaN	1.3792	4.562	30	0	28.6542	44.5715	161	0	1.3708	4.5305	30	0	0	0	0	0	8.3802	14.7382	83	0	0	0	0	0	0.193	11	461.0244	294.4031	1041.5834	175.1285	27245.1016	86260.625
89_4_FITC.tif	cd9e9df1-4f17-4756-bdf0-cebefe2276df	Cell		Positive	Annotation	Polygon	212.69	2152.4	7.041	15.1341	0.3863	7.2439	1.3167	NaN	7.3784	273	6.5547	20	0	20	86.4054	3197	23.205	121	45	76	7.2703	269	6.5262	20	0	20	43.9025	34.4018	0.4662	16.2673	3.8899	NaN	1.3426	3.8979	20	0	25.4491	35.5728	121	0	1.3241	3.8611	20	0	0.095	0.7243	7	0	12.8492	22.0804	112	0	0.095	0.7243	7	0	0.1577	6	198.1277	205.688	507.6584	5.7527	11804.7471	57412.332
89_4_FITC.tif	f6b7b44c-75f9-4981-bef7-90fe29b2a9dc	Cell		Positive	Annotation	Polygon	213.43	2165.3	11.3898	25.2842	0.2239	12.4253	1.313	NaN	6.3898	377	6.3681	25	0	25	79.2373	4675	23.682	116	37	79	6.3729	376	6.3677	25	0	25	72.0664	54.9931	0.2995	26.7387	3.7476	NaN	1.151	3.5452	25	0	19.7977	31.4194	116	0	1.1481	3.5409	25	0	0.0925	0.5877	5	0	7.7877	14.6453	93	0	0.0925	0.5877	5	0	0.167	4	241.1058	130.3583	701.8821	1.8244	11527.333	44992.5938
89_4_FITC.tif	b28225d0-e677-430f-be61-16a96244cefd	Cell		Positive	Annotation	Polygon	210.25	2162.4	3.5205	11.4302	0.3386	5.4822	0.9905	NaN	2.45	49	2.982	9	0	9	57.3	1146	13.6578	77	29	48	2.5	50	3.1035	10	0	10	31.6844	36.4642	0.2994	17.949	2.793	NaN	0.3205	1.3295	9	0	16.1667	20.7183	77	0	0.3205	1.3725	10	0	0.0074	0.0857	1	0	10.1176	13.3816	70	0	0	0	0	0	0.1053	4	229.5845	106.6991	703.1154	1.8244	246.9533	472.2414
89_4_FITC.tif	f2027996-24d6-4b08-923a-22b088669c2b	Cell		Positive	Annotation	Polygon	464.58	2187.6	54.0498	54.2357	0.2309	18.6839	4.1446	NaN	2.3144	611	3.32	15	0	15	87.7008	23153	21.2704	131	29	102	2.2992	607	3.3145	15	0	15	183.6865	76.7514	0.3918	35.0405	7.0615	NaN	0.6907	2.0941	15	0	35.5388	39.4956	131	0	0.6862	2.088	15	0	0.0048	0.0894	2	0	13.5056	19.7937	103	0	0.0048	0.0894	2	0	0.2907	4	65.8266	33.4601	190.5448	5.8412	379.0873	1154.8191
89_4_FITC.tif	7804613c-bee5-494f-b6d0-01b72d032427	Cell		Positive	Annotation	Polygon	459.93	2193.6	16.567	19.496	0.5477	8.8701	2.475	NaN	6.3976	531	6.2644	23	0	23	98.4819	8174	29.3359	146	28	118	6.3735	529	6.2366	23	0	23	83.042	51.8209	0.3886	24.5188	4.3488	NaN	1.401	3.8569	23	0	29.6361	39.9281	146	0	1.396	3.8394	23	0	0.109	0.7271	8	0	11.8349	15.4918	70	0	0.109	0.7141	8	0	0.1927	4	82.4673	64.1929	195.6424	5.8412	715.8553	1635.1643
89_4_FITC.tif	9d6a4bf5-6a7e-4471-9af5-46f855895e24	Cell		Positive	Annotation	Polygon	471	2217.8	11.804	22.2051	0.3008	10.2121	1.782	NaN	3.7895	216	4.1565	15	0	15	84.5965	4822	20.273	112	36	76	3.7368	213	4.1254	15	0	15	67.9247	50.7254	0.3317	24.552	3.7423	NaN	0.9727	2.6479	15	0	27.9212	34.3458	112	0	0.9636	2.6276	15	0	0.3846	1.7071	12	0	16.0879	22.9904	92	0	0.3846	1.7027	12	0	0.1581	4	35.6712	30.4568	79.1274	2.6438	265.6641	882.4689
89_4_FITC.tif	fd503515-a0f7-4cfe-b9a6-1e57e27de76d	Cell		Positive	Annotation	Polygon	473.96	2222.1	14.0819	29.3542	0.2054	13.8424	1.4756	NaN	2.0274	148	2.6717	13	0	13	78.4247	5725	21.0072	106	18	88	2	146	2.7131	13	0	13	91.3255	62.8539	0.2905	30.0594	3.8734	NaN	0.4775	1.4803	13	0	29.8874	29.2404	106	0	0.4707	1.4878	13	0	0.1725	0.817	6	0	20.3369	19.5334	82	0	0.1698	0.8159	7	0	0.1593	5	147.6488	78.0025	399.5193	2.6438	4611.9761	11586.7969
89_4_FITC.tif	d001dbe4-d450-4288-b63d-2257f7a4f078	Cell		Positive	Annotation	Polygon	434.12	2289	6.2126	10.7478	0.6758	4.5626	1.6956	NaN	7.2121	238	7.9205	26	0	26	58.3636	1926	14.6348	86	34	52	7.1212	235	7.9442	26	0	26	86.3554	45.638	0.521	21.0499	5.1753	NaN	0.7943	3.1419	26	0	11.4306	18.5732	86	0	0.7919	3.1344	26	0	0.2442	1.284	12	0	7.4078	12.2981	60	0	0.2494	1.2931	12	0	0.0691	12	392.0585	320.6691	958.1442	78.0025	18196.7324	57412.332
89_4_FITC.tif	66504dbc-19ad-439f-8000-cf4286c01aee	Cell		Positive	Annotation	Polygon	669.01	1802.4	28.5781	35.2848	0.2884	13.8823	2.9518	NaN	2.7902	399	4.4387	21	0	21	64.4545	9217	24.9746	110	9	101	2.7413	392	4.3938	21	0	21	152.2092	62.8103	0.4848	28.1625	6.4197	NaN	0.5436	2.2449	21	0	16.5559	27.3251	110	0	0.5354	2.2182	21	0	0	0	0	0	4.9662	9.3217	69	0	0.0017	0.0411	1	0	0.1898	5	136.571	126.4768	275.2474	32.9384	3485.9307	11361.0107
89_4_FITC.tif	fd6e26ea-7711-45aa-901e-da275b904bf8	Cell		Positive	Annotation	Polygon	792.54	1920	67.3034	64.4352	0.2037	28.3019	4.1673	NaN	2.7356	900	4.9102	29	0	29	91.0851	29967	23.1962	140	29	111	2.7416	902	4.8656	29	0	29	251.197	93.5092	0.361	45.0456	7.652	NaN	0.803	2.8606	29	0	32.8063	40.8107	140	0	0.8046	2.8405	29	0	0.0837	0.6056	7	0	11.1165	18.7014	92	0	0.0837	0.6018	7	0	0.2729	4	334.7731	184.386	871.8529	98.4674	4080.5178	5428.7861
89_4_FITC.tif	49c37d47-b841-4359-bf7b-d772078bfcfa	Cell		Positive	Annotation	Polygon	643.37	1922.4	3.1063	12.2742	0.2591	5.3734	0.8789	NaN	2	36	3.1436	10	0	10	62.5	1125	10.1358	77	47	30	2.1111	38	3.2519	10	0	10	39.7608	34.5214	0.4193	16.0134	2.9844	NaN	0.4256	1.3425	10	0	29.4051	21.1861	77	1	0.441	1.3849	10	0	0.2655	0.8677	5	0	26.0395	19.0112	66	1	0.2712	0.8822	5	0	0.0741	8	168.7175	142.4701	696.9263	4.2199	7808.896	58054.7227
89_4_FITC.tif	32fe56dd-dbf7-4eee-be99-2f000a7520ba	Cell		Positive	Annotation	Polygon	645.77	1928	11.1827	20.7091	0.3277	9.7098	2.2199	NaN	0.4655	27	0.9025	4	0	4	59.1379	3430	9.0485	74	37	37	0.4483	26	0.9398	4	0	4	32.3056	47.9824	0.1763	23.4648	2.6307	NaN	0.2037	0.6416	4	0	35.5617	23.2269	74	3	0.1975	0.6579	4	0	0.0577	0.3641	3	0	22.4135	17.6187	73	3	0.0577	0.3641	3	0	0.3365	3	4.5526	4.2199	7.3875	2.0504	6.3604	7.8794
89_4_FITC.tif	3b955b2c-99ce-4cbd-8fc0-fff103d6285a	Cell		Positive	Annotation	Polygon	648.05	1928.9	4.5559	12.6292	0.359	6.0954	0.9019	NaN	3.5417	85	3.9007	13	0	13	58.4583	1403	11.5945	78	31	47	3.4583	83	3.7761	12	0	12	49.9081	47.0294	0.2836	22.9507	2.947	NaN	0.6148	2.0264	13	0	16.1598	19.8642	78	0	0.6066	1.9837	12	0	0.2955	1.3845	11	0	11.5455	14.3614	69	0	0.2955	1.3713	11	0	0.0745	6	78.7398	68.8045	176.302	2.0504	770.2385	3847.7473
89_4_FITC.tif	4bc1080f-09cd-40bb-8e08-a70675e28249	Cell		Positive	Annotation	Polygon	643.99	1940.3	13.4607	20.4801	0.4033	9.7959	1.8397	NaN	1.7941	122	2.6461	9	0	9	59.8235	4068	18.8655	91	19	72	1.7794	121	2.5734	8	0	8	69.1672	42.1294	0.4897	19.0544	4.7894	NaN	0.3609	1.3823	9	0	20.0621	25.0538	91	0	0.3609	1.352	8	0	0	0	0	0	10.0481	14.0504	68	0	0.0037	0.0609	1	0	0.19	6	174.9881	90.6361	678.5588	7.3875	10282.8857	52771.0117
89_4_FITC.tif	255b75d8-1682-4d71-bc38-427298baa79e	Cell		Positive	Annotation	Polygon	760.84	2013	7.041	13.5	0.4855	6.0296	1.2425	NaN	17.6111	634	8.6793	35	0	35	67.0556	2414	9.9712	88	47	41	17.5278	631	8.7063	35	0	35	85.7342	47.6797	0.4739	22.0441	4.5559	NaN	1.524	5.5614	35	0	6.3341	19.0514	88	0	1.5168	5.5441	35	0	0	0	0	0	0.5816	2.2013	11	0	0	0	0	0	0.0685	8	217.0637	116.8568	773.6324	98.4674	4174.5054	22339.5352
89_4_FITC.tif	9975f813-5a99-4b03-9a87-1ba946c45ce8	Cell		Positive	Annotation	Polygon	683.17	2074	9.526	16.961	0.4161	7.7859	1.6727	NaN	3.2245	158	4.8916	21	0	21	57.0612	2796	13.5268	80	28	52	3.2245	158	4.8143	21	0	21	71.8593	43.2941	0.4818	20.0133	5.0592	NaN	0.5931	2.2833	21	0	18.8911	22.1179	80	0	0.5989	2.2704	21	0	0.1633	0.952	10	0	12.6567	16.1936	64	0	0.17	0.982	10	0	0.1316	8	121.8125	63.9731	369.1433	9.3673	2805.7417	12132.8887
89_4_FITC.tif	57945c47-074e-4350-89e9-8a2a2cc0edd3	Cell		Positive	Annotation	Polygon	682.52	2087.7	15.9457	22.3288	0.4019	9.5252	2.495	NaN	4.253	353	5.1911	22	0	22	81.988	6805	21.1427	114	27	87	4.2169	350	5.1182	21	0	21	69.3743	44.8187	0.434	21.0657	5.136	NaN	1.0444	3.1493	22	0	31.3639	34.6914	114	0	1.0355	3.111	21	0	0	0	0	0	14.8863	18.5045	71	0	0	0	0	0	0.2296	3	41.7735	9.3673	106.9497	9.0034	208.7797	346.1684
89_4_FITC.tif	3ce8cef5-155e-4de4-898a-20bff7f86a0a	Cell		Positive	Annotation	Polygon	680.38	2094.2	6.0055	12.4733	0.4851	5.3292	1.6553	NaN	1.7647	60	2.4128	8	0	8	65.6471	2232	6.9582	80	49	31	1.7353	59	2.3908	8	0	8	36.4474	39.445	0.2944	19.2215	2.5638	NaN	0.4804	1.363	8	0	32.8324	24.5163	80	0	0.4749	1.3505	8	0	0.1793	0.6939	4	0	25.1379	20.4453	68	0	0.1793	0.6939	4	0	0.1536	4	36.7846	13.6581	114.4736	5.3484	211.199	626.3391
89_4_FITC.tif	b5033700-a348-4e13-9c7a-c22cf6333bbe	Cell		Positive	Annotation	Polygon	678.96	2100.9	9.526	18.5086	0.3494	7.313	1.8613	NaN	2.62	131	4.4165	17	0	17	66.5	3325	16.5422	97	34	63	2.64	132	4.3461	16	0	16	50.5293	51.3561	0.2408	25.0298	3.0758	NaN	0.5403	2.233	17	0	26.8105	26.8779	97	0	0.5444	2.2092	16	0	0.0152	0.1586	2	0	16.7879	18.3559	72	0	0.0152	0.1586	2	0	0.1817	4	38.0429	14.4786	119.24	3.9746	207.3228	775.8241
89_4_FITC.tif	58b8385f-dffa-4dea-8bb3-6ebf5955d182	Cell		Positive	Annotation	Polygon	677.1	2105.5	3.1063	9.6247	0.4214	4.6653	0.9005	NaN	0.5625	9	1.0935	4	0	4	51.25	820	5.0925	59	39	20	0.625	10	1.2042	4	0	4	39.7608	38.2717	0.3411	18.5265	2.9868	NaN	0.5744	1.5659	9	0	26.841	19.9308	66	0	0.5846	1.5521	9	0	0.5754	1.6036	9	0	24.6592	19.2981	66	0	0.581	1.5822	9	0	0.0652	7	241.1417	170.0393	667.7502	3.9746	6424.4297	22339.5352
89_4_FITC.tif	f24abf1b-fc72-482b-9a64-5d8fef3b4ff8	Cell		Positive	Annotation	Polygon	564.49	2610.6	5.5914	12.4418	0.4539	5.8995	1.2974	NaN	19.6552	570	17.7568	56	0	56	85.5172	2480	26.6225	128	43	85	19.5517	567	17.7514	56	0	56	81.1783	47.9292	0.4441	23.0001	4.763	NaN	1.4617	7.0074	56	0	11.625	24.1526	128	0	1.4541	6.9865	56	0	0.0083	0.1172	2	0	5.7218	10.1444	53	0	0.0083	0.1172	2	0	0.0619	7	408.9341	399.5193	678.5588	148.7184	17294.041	52771.0117
89_4_FITC.tif	d423455e-f9b5-43f5-865b-ab3cdebe84e4	Cell		Positive	Annotation	Polygon	563.04	2755.5	23.815	27.6275	0.3921	11.8095	3.3667	NaN	2.2893	277	2.8736	15	0	15	128.124	15503	15.3816	152	85	67	1.6612	201	1.9602	9	0	9	89.2547	47.2763	0.5018	20.9332	5.4349	NaN	1.0437	2.2186	15	0	69.8851	48.1585	152	0	0.7425	1.6553	11	0	0.5637	1.6817	13	0	47.4427	36.1753	127	0	0.3885	1.369	11	0	0.2732	4	162.7864	79.8943	487.6635	3.6937	2660.2039	9873.5234
89_4_FITC.tif	21965da3-faf1-4b7e-8020-1135e324eb96	Cell		Positive	Annotation	Polygon	566.89	2759.6	7.041	15.2478	0.3806	7.406	1.3294	NaN	4.8919	181	5.6705	17	0	17	110.8378	4101	12.1164	126	84	42	1.2432	46	1.9207	9	0	9	36.8616	34.386	0.3918	16.0214	3.1063	NaN	1.4972	3.657	17	0	54.9227	41.9457	126	0	0.4254	1.2654	9	0	0.625	2.2341	16	0	40.5556	34.0721	118	0	0.2153	0.9324	8	0	0.1781	6	412.8215	409.5162	871.8529	3.6937	6873.7417	22339.5352
89_4_FITC.tif	69a0535c-f374-4bd6-829d-6a001fb5e7b8	Cell		Positive	Annotation	Polygon	564.09	2773.4	28.1639	33.0507	0.324	12.9038	4.5952	NaN	4.3143	604	5.172	25	0	25	127.3429	17828	14.3586	153	85	68	4.2714	598	5.1549	25	0	25	113.8981	52.1015	0.5273	21.4625	8.1465	NaN	1.2984	3.2504	25	0	58.5443	52.3709	153	0	1.2749	3.2304	25	0	0.276	0.9958	9	0	35.2228	38.0992	128	0	0.2591	0.9645	9	0	0.2517	5	384.6576	498.503	703.1154	8.7173	11508.1797	44992.5938
