Image	Name	Class	Parent	ROI	Centroid X µm	Centroid Y µm	Nucleus: Area	Nucleus: Perimeter	Nucleus: Circularity	Nucleus: Max caliper	Nucleus: Min caliper	Nucleus: Eccentricity	Nucleus: Red mean	Nucleus: Red sum	Nucleus: Red std dev	Nucleus: Red max	Nucleus: Red min	Nucleus: Red range	Nucleus: Green mean	Nucleus: Green sum	Nucleus: Green std dev	Nucleus: Green max	Nucleus: Green min	Nucleus: Green range	Nucleus: Blue mean	Nucleus: Blue sum	Nucleus: Blue std dev	Nucleus: Blue max	Nucleus: Blue min	Nucleus: Blue range	Cell: Area	Cell: Perimeter	Cell: Circularity	Cell: Max caliper	Cell: Min caliper	Cell: Eccentricity	Cell: Red mean	Cell: Red std dev	Cell: Red max	Cell: Red min	Cell: Green mean	Cell: Green std dev	Cell: Green max	Cell: Green min	Cell: Blue mean	Cell: Blue std dev	Cell: Blue max	Cell: Blue min	Cytoplasm: Red mean	Cytoplasm: Red std dev	Cytoplasm: Red max	Cytoplasm: Red min	Cytoplasm: Green mean	Cytoplasm: Green std dev	Cytoplasm: Green max	Cytoplasm: Green min	Cytoplasm: Blue mean	Cytoplasm: Blue std dev	Cytoplasm: Blue max	Cytoplasm: Blue min	Nucleus/Cell area ratio	Delaunay: Num neighbors	Delaunay: Mean distance	Delaunay: Median distance	Delaunay: Max distance	Delaunay: Min distance	Delaunay: Mean triangle area	Delaunay: Max triangle area
24D_F1_4_FITC.tif	Positive	Positive	PathAnnotationObject	Polygon	191.83	154.77	5.0979	8.8532	0.8173	2.9421	2.5952	0.3474	10.3125	165	7.227	27	1	26	51.75	828	12.0028	77	37	40	4.0625	65	7.1318	20	0	20	119.2116	38.775	0.9964	12.7486	11.8981	0.2114	8.7049	5.1259	27	0	26.741	9.3904	77	9	0.518	2.023	20	0	8.6159	4.9862	19	0	25.3564	6.9931	47	9	0.3218	0.9666	7	0	0.0411	3	247.2904	163.3018	528.735	49.8343	3055.6326	3968.1145
24D_F1_4_FITC.tif	Positive	Positive	PathAnnotationObject	Polygon	239.26	170.98	18.8229	17.3986	0.7814	6.6489	4.2326	0.8212	9.6735	474	7.4649	34	0	34	73.5714	3605	14.7479	112	45	67	2.5306	124	4.3017	20	0	20	174.896	47.4538	0.976	16.0585	13.7767	0.5052	10.4027	6.3326	34	0	31.1588	17.9226	112	0	0.7248	1.8876	20	0	10.4925	6.1839	31	0	25.9372	9.2311	70	0	0.5025	1.1461	8	0	0.1064	6	239.4088	208.8728	479.633	49.8343	12839.0508	29400.7578
24D_F1_4_FITC.tif	Positive	Positive	PathAnnotationObject	Polygon	713.4	242.23	12.1564	13.2075	0.8757	4.8723	3.1488	0.762	13.2121	436	7.9205	28	0	28	55.5455	1833	6.4328	71	43	28	1.3636	45	2.5838	11	0	11	145.8774	43.0494	0.9892	14.4859	12.5243	0.4679	13.4933	6.352	30	0	38.8981	11.7819	71	6	0.6595	1.8018	12	0	13.5206	6.1923	30	0	37.2824	10.9006	65	6	0.5912	1.6969	12	0	0.0793	6	310.6011	257.9605	528.735	169.1108	12119.793	29400.7578
24D_F1_4_FITC.tif	Positive	Positive	PathAnnotationObject	Polygon	106.19	293.96	15.2936	19.1548	0.5238	5.9478	4.5389	0.7528	8.0227	353	6.5468	30	0	30	59.0682	2599	10.9255	81	36	45	2.4091	106	3.3083	15	0	15	173.3274	47.3426	0.9718	15.8215	13.7767	0.3418	6.871	5.2514	30	0	27.0407	13.6223	81	3	0.4344	1.5346	15	0	6.7437	5.0822	21	0	23.5	8.1824	58	3	0.2161	0.975	12	0	0.0846	5	128.2889	131.6515	180.9781	78.7761	5119.2129	11483.999
24D_F1_4_FITC.tif	Positive	Positive	PathAnnotationObject	Polygon	500.66	334.27	16.0779	15.1342	0.8821	5.8013	3.5951	0.7792	17.8095	748	5.6622	33	9	24	57.1667	2401	7.8209	79	42	37	1.619	68	2.9297	12	0	12	159.9945	45.1712	0.9854	15.5006	13.3202	0.5059	14.3585	6.1506	33	0	36.0366	11.7657	79	7	0.6024	1.6341	12	0	13.9647	6.0876	31	0	33.625	9.5138	57	7	0.4864	1.3731	11	0	0.0944	7	206.8634	218.3661	308.2619	134.6941	15267.2031	29400.7578
24D_F1_4_FITC.tif	Positive	Positive	PathAnnotationObject	Polygon	217.98	363.33	8.235	10.7548	0.8947	4.0336	2.4603	0.7773	6	138	4.5427	17	0	17	54.913	1263	10.6169	83	45	38	2	46	4.0339	16	0	16	130.9759	40.7829	0.9896	14.1258	12.2771	0.4719	9.591	5.1583	24	0	30.6358	10.938	83	12	0.5313	1.7281	16	0	9.8558	5.108	24	0	28.8462	8.5856	53	12	0.4231	1.3729	9	0	0.0553	8	113.2351	105.7305	193.4223	67.121	4653.4839	11483.999
24D_F1_4_FITC.tif	Positive	Positive	PathAnnotationObject	Polygon	335.08	373.74	23.9208	20.8406	0.6921	7.3389	5.5858	0.7398	16.2188	1038	6.6773	30	2	28	57.125	3656	5.582	71	45	26	0.4688	30	1.3912	9	0	9	196.856	50.8211	0.9578	17.241	15.0291	0.4048	14.171	6.8492	33	0	39.7217	12.7618	71	8	0.332	1.0855	10	0	13.8724	6.8301	33	0	37.1845	11.4661	66	8	0.3121	1.034	10	0	0.1257	8	164.4663	156.2689	224.3233	117.2875	8257.8926	18697.252
24D_F1_4_FITC.tif	Positive	Positive	PathAnnotationObject	Polygon	103.04	370.2	8.6272	11.4769	0.8231	4.55	2.4352	0.8085	9.1667	220	4.5747	17	1	16	63.3333	1520	9.6939	79	46	33	0.7917	19	1.5874	6	0	6	64.7037	31.104	0.8404	12.2481	7.6058	0.7732	6.2455	4.8302	21	0	33.5928	17.3938	79	8	0.4431	1.543	9	0	5.7552	4.7117	21	0	28.6014	12.8014	66	8	0.3846	1.5333	9	0	0.1242	6	48.828	43.7214	116.2209	3.5226	1306.3761	4538.8555
24D_F1_4_FITC.tif	Positive	Positive	PathAnnotationObject	Polygon	101.93	376.14	19.215	22.5762	0.4737	7.9679	3.9497	0.8937	17	918	7.4757	34	1	33	73.1481	3950	15.3444	114	41	73	1.6852	91	3.3298	19	0	19	94.8987	48.9892	0.4969	18.1628	9.6842	0.9155	13.1089	8.6019	45	0	42.0242	21.9902	114	13	0.504	1.8154	19	0	12.0258	8.5984	45	0	33.3608	14.413	88	13	0.1753	0.8208	6	0	0.2036	4	21.0352	4.4548	71.7088	3.5226	71.1459	156.9745
24D_F1_4_FITC.tif	Positive	Positive	PathAnnotationObject	Polygon	95.35	375.85	4.3136	7.967	0.854	3.0585	1.8645	0.8122	22.3077	290	5.6182	32	14	18	60.3077	784	8.7691	73	49	24	1.2308	16	1.4233	3	0	3	16.8622	17.8416	0.6657	7.4525	3.1052	0.9021	15.3137	7.6954	32	2	38.451	17.8755	73	13	0.4118	1.0233	4	0	12.9211	6.8354	30	2	30.9737	13.4757	66	13	0.1316	0.6646	4	0	0.2054	5	5.2816	4.0849	7.6509	3.5988	8.2236	12.5647
24D_F1_4_FITC.tif	Positive	Positive	PathAnnotationObject	Polygon	87.71	378.4	10.1957	11.1986	1	4.1051	2.928	0.6845	53.7778	1452	9.2957	70	31	39	56.2963	1520	5.4407	72	47	25	0.4074	11	1.6234	8	0	8	88.2323	34.889	0.9109	12.7138	8.7108	0.7263	28.0619	15.4855	70	2	36.3097	12.8441	72	6	0.3496	1.2173	8	0	24.5729	12.5992	55	2	33.598	11.0325	64	6	0.3417	1.1564	8	0	0.1012	6	45.5299	45.9179	86.7371	4.9873	192.7245	507.8223
24D_F1_4_FITC.tif	Positive	Positive	PathAnnotationObject	Polygon	94.15	382.8	11.7643	13.5904	0.8004	4.7144	3.2736	0.7445	46.8235	1592	6.829	56	28	28	65.0882	2213	7.3665	75	46	29	0.6176	21	1.3261	5	0	5	51.3708	28.6136	0.7885	10.4023	7.3977	0.6934	27.6029	14.5017	57	5	44.7721	14.0823	75	19	0.3897	1.1558	7	0	21.1961	10.002	57	5	38	7.879	60	19	0.3137	1.0898	7	0	0.226	4	21.6864	4.7817	73.114	4.0681	52.6685	113.4143
24D_F1_4_FITC.tif	Positive	Positive	PathAnnotationObject	Polygon	100.21	383.11	5.8822	9.3778	0.8405	3.701	2.1992	0.8225	28.875	462	9.1059	49	17	32	60.25	964	6.1482	74	50	24	0.5	8	1.5055	6	0	6	29.8029	21.6447	0.7994	8.1851	5.1947	0.8039	29.0741	9.8168	49	12	45.0123	9.6183	74	29	0.1852	0.7923	6	0	29.1231	10.0507	48	12	41.2615	5.8691	64	29	0.1077	0.4718	3	0	0.1661	4	20.7046	4.7004	69.819	3.5988	71.1413	156.9745
24D_F1_4_FITC.tif	Positive	Positive	PathAnnotationObject	Polygon	626.74	385.1	14.5093	15.1658	0.7927	5.736	3.7465	0.7727	12.6744	545	7.6679	28	2	26	61.0698	2626	5.3112	72	50	22	0.6977	30	1.3721	5	0	5	105.8787	39.3593	0.8589	14.9744	9.531	0.7722	11.7949	5.8738	28	0	39.4908	13.0818	72	14	0.8022	1.7587	10	0	11.6304	5.4795	26	0	35.4565	9.7114	66	14	0.8217	1.8238	10	0	0.1399	4	82.1956	76.6304	169.1108	6.4108	3329.5432	11360.6396
24D_F1_4_FITC.tif	Positive	Positive	PathAnnotationObject	Polygon	620.97	393.14	34.5086	24.1664	0.7425	7.804	6.7783	0.599	10.0316	953	6.6484	26	0	26	75.8316	7204	11.9944	102	52	50	1.0316	98	1.9918	10	0	10	181.5624	52.4578	0.8291	17.5915	14.5237	0.6113	9.6875	6.1461	26	0	43.778	20.5462	102	9	0.3341	1.1068	10	0	9.5989	6.0164	25	0	35.5257	12.683	70	9	0.1545	0.6084	5	0	0.1931	5	62.4493	18.8306	134.6941	6.4108	2033.1356	8504.3271
24D_F1_4_FITC.tif	Positive	Positive	PathAnnotationObject	Polygon	641.23	394.11	22.3522	20.8523	0.646	7.3214	4.1902	0.8495	9.8065	608	4.8884	18	0	18	67.8064	4204	10.096	88	47	41	0.8871	55	1.4833	5	0	5	117.2509	41.7852	0.8439	16.716	9.3241	0.8216	12.6279	6.0217	30	0	42.6346	16.7053	88	18	0.4751	1.328	9	0	13.3598	6.0804	30	0	36.1046	10.8516	73	18	0.3682	1.2662	9	0	0.191	6	100.1602	94.5189	194.8261	7.1285	3144.6731	16219.4873
24D_F1_4_FITC.tif	Positive	Positive	PathAnnotationObject	Polygon	637.05	404.12	64.3115	44.1179	0.4152	13.2653	10.2055	0.4479	13.592	2365	5.6107	27	0	27	81.0287	14099	16.417	115	41	74	0.7414	129	2.0335	12	0	12	270.1869	67.6564	0.7417	22.9296	17.6516	0.6405	13.0478	6.545	30	0	49.6324	22.8816	115	9	0.453	1.4492	12	0	12.8646	6.826	30	0	39.0658	12.8644	83	9	0.3559	1.1767	10	0	0.2487	7	127.3358	180.2634	190.7948	7.1285	2386.8801	7986.3467
24D_F1_4_FITC.tif	Positive	Positive	PathAnnotationObject	Polygon	147.74	427.24	10.5879	13.5293	0.7269	5.2823	2.7706	0.859	24.75	693	6.0896	36	15	21	62.1071	1739	6.5735	74	47	27	0.6429	18	1.4711	5	0	5	94.1144	37.6383	0.8348	14.632	8.6816	0.8059	18.6967	8.5634	37	0	39	14.7109	74	7	0.4221	1.3045	10	0	17.912	8.5343	37	0	36.0046	12.6735	63	7	0.3935	1.2824	10	0	0.104	8	58.7093	72.4114	95.2401	4.3531	523	3479.0737
24D_F1_4_FITC.tif	Positive	Positive	PathAnnotationObject	Polygon	157.99	429.85	14.5093	17.5389	0.5927	6.9838	2.622	0.9434	26.1	1044	6.4799	36	9	27	62.425	2497	4.2238	73	57	16	0.7	28	1.9507	9	0	9	87.0558	40.7087	0.6601	15.7771	9.1739	0.8186	24.6786	7.1313	40	7	50.9554	8.1647	73	34	0.4286	1.5944	13	0	24.3696	7.2447	40	7	48.462	6.5134	68	34	0.3696	1.5057	13	0	0.1529	6	30.3017	8.5215	91.4771	4.4482	394.9268	2105.5344
24D_F1_4_FITC.tif	Positive	Positive	PathAnnotationObject	Polygon	220.2	430.44	9.0193	11.0747	0.9241	4.1355	2.6568	0.7344	12.32	308	8.265	26	0	26	61.24	1531	9.8965	82	45	37	1.32	33	2.3043	8	0	8	134.5052	41.2377	0.9939	13.7633	12.3984	0.4139	11.9244	6.3457	27	0	38.4942	9.6217	82	14	0.4971	1.5195	10	0	11.8934	6.1859	27	0	36.7116	6.9715	63	14	0.4326	1.4256	10	0	0.0639	8	72.5827	66.1425	127.9792	57.884	1530.3367	4453.4805
24D_F1_4_FITC.tif	Positive	Positive	PathAnnotationObject	Polygon	153.21	430.02	2.3529	5.4154	1	1.8848	1.542	0.6325	33.375	267	3.9619	40	29	11	66.25	530	4.7734	76	62	14	1.75	14	3.4122	9	0	9	5.8822	9.3006	0.8545	3.3332	2.6182	0.5372	31.6316	5.3976	40	20	61.5789	5.3366	76	53	0.7368	2.3056	9	0	30.3636	6.1037	40	20	58.1818	2.2724	62	53	0	0	0	0	0.3546	4	26.3042	4.4006	93.4602	2.9555	95.9559	187.3558
24D_F1_4_FITC.tif	Positive	Positive	PathAnnotationObject	Polygon	150.46	435.07	9.0193	13.8589	0.5901	5.4071	2.4559	0.9147	27.3462	711	2.2968	31	22	9	63.4615	1650	3.5353	72	56	16	0.6154	16	1.4987	5	0	5	54.9001	28.4752	0.8508	10.6311	7.5	0.6581	23.0559	8.0524	35	3	51.5315	11.5842	72	18	0.3986	1.2398	7	0	22.1026	8.5555	35	3	48.8803	11.072	67	18	0.3504	1.1768	7	0	0.1565	5	21.7849	6.1012	81.9684	2.9555	25.2805	59.8173
24D_F1_4_FITC.tif	Positive	Positive	PathAnnotationObject	Polygon	164.38	435.63	11.7643	13.9529	0.7594	5.241	3.1629	0.7849	25.7059	874	5.1788	36	16	20	62.8235	2136	5.1078	72	54	18	0.3235	11	0.8061	3	0	3	80.3894	39.4422	0.6494	13.2865	10.4947	0.5847	19.625	8.593	44	0	46.1587	11.8391	72	24	0.3606	1.1957	7	0	18.4368	8.6341	44	0	42.9023	9.8736	66	24	0.3678	1.2596	7	0	0.145	3	22.945	7.041	57.884	3.9102	91.9272	153.4633
24D_F1_4_FITC.tif	Positive	Positive	PathAnnotationObject	Polygon	161.65	442.69	6.2743	9.8434	0.8137	4.0376	2.3616	0.7564	29.2632	556	6.5391	39	18	21	63.6842	1210	3.5285	68	56	12	0.4211	8	1.0706	4	0	4	71.3701	31.2972	0.9156	11.7895	7.5146	0.7758	17.7405	9.0546	39	2	44.427	15.9635	68	10	0.2432	0.8599	7	0	16.4217	8.3501	36	2	42.2229	15.3372	65	10	0.2229	0.834	7	0	0.0874	5	36.9921	13.2929	99.1221	3.9102	485.267	1999.3594
24D_F1_4_FITC.tif	Positive	Positive	PathAnnotationObject	Polygon	265.99	484.7	8.235	10.6986	0.9041	3.9418	2.6722	0.7692	33.9565	781	10.0836	49	18	31	82.6522	1901	6.7998	95	66	29	1.3478	31	2.6043	10	0	10	112.9373	39.3698	0.9156	13.5593	10.7237	0.5667	24.8557	11.925	49	0	56.1065	21.0922	95	14	0.3024	1.1317	10	0	24.0746	11.7614	49	0	53.8284	20.3343	86	14	0.2127	0.8543	8	0	0.0688	7	44.2922	15.0387	130.951	8.6579	1274.9285	4453.4805
24D_F1_4_FITC.tif	Positive	Positive	PathAnnotationObject	Polygon	251.38	485.56	15.6857	19.0418	0.5436	6.7103	3.7752	0.8666	20.1395	866	11.9035	45	7	38	78.0698	3357	8.3278	98	62	36	0.9302	40	2.3543	10	0	10	120.7802	43.8568	0.7891	15.7199	10.8933	0.7823	20.8654	11.8542	52	4	52.7853	18.7689	98	21	0.5224	1.6453	12	0	20.9814	11.8644	52	4	48.7435	16.7019	91	21	0.4572	1.4972	12	0	0.1399	5	20.733	10.0474	65.1639	4.0593	165.6514	461.1865
24D_F1_4_FITC.tif	Positive	Positive	PathAnnotationObject	Polygon	255.14	490.1	6.6664	9.5831	0.9122	3.3167	2.4438	0.4714	34.7647	591	4.2797	43	27	16	80.9412	1376	2.8825	86	77	9	0.3529	6	0.9963	4	0	4	13.3329	14.9518	0.7495	6.4725	3.0654	0.8906	37.4595	6.479	54	27	75.8919	6.7114	86	60	0.3243	1.1798	6	0	39.75	7.2175	54	27	71.6	6.0123	84	60	0.3	1.3416	6	0	0.4223	4	7.0554	6.0882	12.8	3.2454	17.4596	23.3149
24D_F1_4_FITC.tif	Positive	Positive	PathAnnotationObject	Polygon	257.12	494.48	9.4114	12.5357	0.7526	4.9139	2.8567	0.8272	33.6071	941	7.2436	49	19	30	79.7857	2234	3.0106	85	73	12	0.1071	3	0.315	1	0	1	70.1937	34.5752	0.7379	11.6766	9.1323	0.6263	32.5494	6.9015	54	17	71.9396	5.4257	85	50	0.1429	0.5477	3	0	32.3571	6.8444	54	17	70.513	4.4622	81	50	0.1494	0.5805	3	0	0.1403	4	9.2335	9.9335	13.8217	3.2454	27.2734	55.959
24D_F1_4_FITC.tif	Positive	Positive	PathAnnotationObject	Polygon	268.77	494.33	4.3136	8.4302	0.7627	3.2235	2.0334	0.8122	38.5714	540	5.7071	48	31	17	77.7143	1088	5.0904	90	73	17	1.2143	17	2.4551	8	0	8	102.7416	36.8929	0.9486	12.6026	10.5241	0.4698	35.3612	6.4224	54	19	70.1255	4.9935	90	54	0.365	1.2825	10	0	35.1807	6.4229	54	19	69.6988	4.6422	83	54	0.3173	1.1742	10	0	0.0428	4	23.1264	16.3237	51.2002	8.6579	130.5647	272.7239
24D_F1_4_FITC.tif	Positive	Positive	PathAnnotationObject	Polygon	243.01	495.39	19.215	18.581	0.6994	6.4355	5.0692	0.6431	38.2075	2025	8.9321	59	16	43	86.2453	4571	7.7779	114	72	42	1	53	2.5869	15	0	15	125.4859	43.4739	0.8343	15.0297	12.0466	0.6236	23.1059	12.4447	59	2	50.9813	21.915	114	18	0.676	1.8694	15	0	20.1194	10.7634	50	2	44.0075	16.3755	86	18	0.6119	1.6912	11	0	0.1572	5	67.6585	69.4831	154.7289	4.9109	598.8589	1999.3594
24D_F1_4_FITC.tif	Positive	Positive	PathAnnotationObject	Polygon	250.5	499.22	5.49	9.0623	0.8401	3.2637	2.5634	0.6151	41.0556	739	7.7571	52	30	22	81.6667	1470	2.8284	87	78	9	0.1111	2	0.4714	2	0	2	44.7044	24.935	0.9035	8.6178	7.4568	0.4848	34.6271	10.0535	52	9	69.8051	10.4736	87	38	0.2797	0.9774	6	0	33.47	10.0126	51	9	67.67	9.9036	79	38	0.31	1.0415	6	0	0.1204	7	37.9808	9.3555	149.9018	4.9109	223.2321	1149.1289
24D_F1_4_FITC.tif	Positive	Positive	PathAnnotationObject	Polygon	314.99	514.69	9.8036	12.6407	0.771	4.728	2.9653	0.6972	17.2857	484	8.4233	34	2	32	58.0714	1626	8.6535	74	42	32	1.3214	37	2.3421	9	0	9	141.5638	42.7482	0.9735	14.2692	11.8981	0.479	14.4683	5.6755	34	0	38.1102	8.6509	74	16	0.7934	1.8579	10	0	14.2328	5.3343	32	0	36.4418	6.2341	56	16	0.7493	1.8089	10	0	0.0731	7	84.4596	85.0525	142.2086	51.2002	1785.3027	6513.542
24D_F1_4_FITC.tif	Positive	Positive	PathAnnotationObject	Polygon	796.98	513.15	4.7057	9.0754	0.718	3.1349	2.5043	0.4729	12.4706	212	3.9547	19	5	14	51.1176	869	3.951	59	45	14	0.7059	12	1.5315	5	0	5	83.1344	36.3417	0.791	13.0638	8.7401	0.7584	9.5714	5.2964	21	0	34.2488	12.0985	59	11	0.2995	1.0877	7	0	9.325	5.3302	21	0	32.815	11.4563	58	11	0.265	1.0393	7	0	0.0582	4	123.0404	101.7342	284.0599	4.6333	5538.6919	16219.4873
24D_F1_4_FITC.tif	Positive	Positive	PathAnnotationObject	Polygon	790.54	515.01	10.1957	13.9925	0.6544	4.5046	3.4725	0.6424	10.4839	325	3.4821	23	4	19	53.3226	1653	4.9624	66	45	21	0.7097	22	2.0687	9	0	9	59.998	33.4918	0.6722	13.8875	6.3295	0.8953	9.4038	5.3555	24	0	36.7821	13.0573	66	11	0.3846	1.3366	9	0	9.136	5.7056	24	0	32.68	11.0363	55	11	0.304	1.0793	7	0	0.1528	6	76.8898	34.3777	192.5245	4.6306	755.8924	3412.2742
24D_F1_4_FITC.tif	Positive	Positive	PathAnnotationObject	Polygon	788.42	521.39	5.49	8.9671	0.858	3.3516	2.4335	0.7056	15.4706	263	5.1127	26	8	18	50.0588	851	3.3814	58	44	14	0.4706	8	1.1789	4	0	4	82.7423	35.4301	0.8283	13.223	8.2262	0.7881	12.2406	6.4664	34	0	39.0142	8.901	61	15	0.3585	1.0412	6	0	11.959	6.506	34	0	38.0513	8.5794	61	15	0.3487	1.0312	6	0	0.0608	3	13.6424	8.6423	27.6543	4.6306	16.926	26.6433
24D_F1_4_FITC.tif	Positive	Positive	PathAnnotationObject	Polygon	607.1	524.81	3.9214	7.2862	0.9282	2.4694	2.1618	0.6575	23.2308	302	2.8912	28	19	9	63.5385	826	5.9668	79	55	24	1.8462	24	3.2621	11	0	11	112.153	37.6757	0.9929	12.422	11.2718	0.3207	19.5278	7.319	36	3	49.5903	7.6372	79	31	0.3507	1.2627	11	0	19.3527	7.4203	36	3	48.9309	7.0617	68	31	0.28	1.0454	9	0	0.0295	10	118.5404	116.2497	218.3661	63.546	4879.6943	21392.2188
24D_F1_4_FITC.tif	Positive	Positive	PathAnnotationObject	Polygon	769.38	537.46	19.215	20.4613	0.5767	6.3619	4.8291	0.6725	10.8039	551	5.5282	23	0	23	52.0392	2654	5.582	68	38	30	0.5686	29	1.6764	8	0	8	144.3088	45.6468	0.8703	15.0658	12.3209	0.619	10.9649	5.9584	28	0	36.4027	12.1781	68	6	0.2973	1.0245	8	0	10.9906	6.0321	28	0	33.9028	11.0323	57	6	0.2539	0.8731	8	0	0.1261	5	28.6201	31.9232	40.3822	5.369	27.5607	37.2583
24D_F1_4_FITC.tif	Positive	Positive	PathAnnotationObject	Polygon	760.93	540.15	4.3136	8.2019	0.8058	3.2748	1.7921	0.849	9.0769	118	3.6162	16	5	11	54.3846	707	3.9694	64	48	16	0.8462	11	2.0755	6	0	6	66.6644	30.6607	0.8911	11.361	7.5146	0.742	8.8198	4.8265	21	0	36.5814	12.3354	64	14	0.2442	0.9168	6	0	8.7987	4.9206	21	0	35.1258	11.6308	59	14	0.195	0.7419	5	0	0.0632	5	56.8006	32.6998	185.4906	5.369	1135.2275	3412.2742
24D_F1_4_FITC.tif	Positive	Positive	PathAnnotationObject	Polygon	744.28	550.96	4.7057	9.7267	0.625	3.6603	2.1139	0.7735	29	493	6.4129	38	16	22	55.0588	936	5.117	63	45	18	0.8824	15	1.9648	7	0	7	81.5658	36.5599	0.7668	14.137	8.185	0.822	14.0423	8.9618	43	0	34.2723	12.5262	69	6	0.5258	1.5678	10	0	12.7449	7.9212	43	0	32.4694	11.2917	69	6	0.4949	1.5309	10	0	0.0579	6	40.8171	12.1955	182.8774	4.5079	506.0536	2156.6052
24D_F1_4_FITC.tif	Positive	Positive	PathAnnotationObject	Polygon	739.31	554.88	20.7836	20.8226	0.6024	7.206	4.8941	0.686	33.125	1855	9.2108	55	17	38	59.9643	3358	7.0194	75	44	31	0.5	28	1.4771	8	0	8	82.7423	41.9255	0.5915	16.9806	6.15	0.9464	20.0233	12.0313	55	1	42.9953	14.6088	75	9	0.3674	1.3603	11	0	15.4088	9.1791	49	1	37.0189	11.5717	61	9	0.3208	1.3184	11	0	0.254	3	5.0659	5.2578	5.4321	4.5079	6.7004	10.5079
24D_F1_4_FITC.tif	Positive	Positive	PathAnnotationObject	Polygon	732.86	554.67	12.5486	14.9982	0.701	5.8922	2.9697	0.8902	29.4444	1060	8.3784	47	15	32	65.0556	2342	10.8679	82	43	39	0.6667	24	1.9712	10	0	10	36.0772	27.866	0.5838	11.1898	4.4081	0.9369	24.0417	11.3359	52	1	46.4479	20.3893	82	18	0.3854	1.5517	10	0	20.8	11.695	52	1	35.2833	16.1645	78	18	0.2167	1.2226	9	0	0.34	6	5.99	5.3763	9.6976	4.2978	9.5679	20.1013
24D_F1_4_FITC.tif	Positive	Positive	PathAnnotationObject	Polygon	727.88	555.72	8.235	11.0287	0.8508	4.1319	2.62	0.763	31.2917	751	9.0673	52	20	32	64.4167	1546	7.0026	73	53	20	0.7083	17	1.3015	5	0	5	38.8222	24.8501	0.79	9.7751	4.9831	0.8501	23.5	11.3074	53	3	46.3235	13.9973	73	25	0.2843	0.7756	5	0	21.1026	10.8814	53	3	40.7564	10.4362	68	25	0.1538	0.458	2	0	0.2018	7	52.0649	14.6935	180.2634	4.295	1501.297	7986.3467
24D_F1_4_FITC.tif	Positive	Positive	PathAnnotationObject	Polygon	733.07	564.88	19.6072	19.5616	0.6439	6.7055	4.9762	0.7196	32.8214	1838	9.2817	49	14	35	65.4643	3666	11.0946	78	32	46	0.1071	6	0.4544	3	0	3	55.6844	33.458	0.6251	11.9394	6.5072	0.8641	21.1208	12.9614	52	2	39.4564	24.6422	78	9	0.3289	1.2272	8	0	14.0753	9.2328	52	2	23.7957	15.6084	70	9	0.4624	1.5004	8	0	0.36	5	5.1942	5.3822	6.1145	3.893	9.8384	11.9018
24D_F1_4_FITC.tif	Positive	Positive	PathAnnotationObject	Polygon	739.19	561.44	1.9607	5.3673	0.8553	2.3091	0.9678	0.9013	21	147	4.7258	27	15	12	57.7143	404	4.957	63	49	14	1.2857	9	2.3604	6	0	6	15.2936	17.1305	0.6549	7.38	2.3616	0.9501	14.0732	7.9385	37	2	42.0244	11.5271	63	24	0.6829	1.6192	6	0	12.6471	7.7494	37	2	38.7941	9.6759	59	24	0.5588	1.4395	5	0	0.0789	6	15.4072	7.4734	37.7719	2.727	18.3697	39.0668
24D_F1_4_FITC.tif	Positive	Positive	PathAnnotationObject	Polygon	724.84	558.86	7.0586	9.8289	0.9182	3.6336	2.4438	0.7203	37.65	753	4.7381	48	31	17	66.1	1322	8.5588	76	43	33	0.8	16	1.3992	4	0	4	25.0972	21.8294	0.6618	8.6958	3.5932	0.9234	25.5735	11.3326	48	6	43.5588	17.9995	76	13	0.3235	0.9533	4	0	20.5417	9.2781	45	6	34.1667	11.2218	67	13	0.125	0.6058	4	0	0.246	5	8.8142	5.3822	24.5851	4.295	21.3025	51.7174
24D_F1_4_FITC.tif	Positive	Positive	PathAnnotationObject	Polygon	405.83	562.73	16.8622	16.0962	0.8179	6.5005	3.397	0.8392	32.1837	1577	6.9901	49	18	31	69.7959	3420	6.6489	82	55	27	0.449	22	1.3702	7	0	7	120.7802	43.6858	0.7953	16.6644	9.1735	0.8519	20.8312	9.1065	49	2	48.7208	12.9038	82	22	0.3279	1.0429	7	0	18.6834	7.7769	41	2	44.7336	9.4653	78	22	0.305	0.9703	7	0	0.1372	8	123.9292	155.3863	248.7149	3.4756	5565.8521	21392.2188
24D_F1_4_FITC.tif	Positive	Positive	PathAnnotationObject	Polygon	397.03	564.42	44.7044	37.5861	0.3977	10.7062	6.7678	0.788	30.2328	3507	8.3305	51	12	39	80.2328	9307	9.5684	96	52	44	0.5862	68	1.6209	9	0	9	134.5052	50.442	0.6643	19.7866	9.7206	0.9118	21.0086	10.9435	51	0	56.0086	22.6063	96	2	0.3429	1.2332	10	0	16.3766	9.0001	40	0	43.8442	16.6864	87	2	0.2208	0.964	10	0	0.3207	4	6.5391	6.4682	8.9799	4.24	10.2787	17.12
24D_F1_4_FITC.tif	Positive	Positive	PathAnnotationObject	Polygon	737.31	563.72	5.0979	8.0317	0.9931	2.761	2.3552	0.5058	27.3333	410	10.1957	48	11	37	54.8667	823	6.435	64	43	21	0	0	0	0	0	0	21.96	19.5402	0.7227	7.9151	3.2472	0.9136	17.7966	11.9709	55	0	35.2034	14.5895	64	18	0.2881	0.9835	5	0	14.5455	10.8123	55	0	28.5	9.6316	61	18	0.3864	1.1251	5	0	0.1917	5	12.3608	5.4947	40.3822	2.727	9.3662	15.4083
24D_F1_4_FITC.tif	Positive	Positive	PathAnnotationObject	Polygon	720.51	565.33	23.5286	19.3385	0.7906	6.4701	5.3996	0.562	31.7077	2061	9.4053	52	17	35	60.9538	3962	8.3487	79	45	34	0.7385	48	1.5338	5	0	5	121.5645	42.6086	0.8414	15.9191	10.5231	0.7441	19.9391	10.9714	52	0	41.6442	14.6346	79	5	0.3173	0.9945	6	0	16.8421	9.1071	46	0	36.5628	11.3217	66	5	0.2065	0.761	6	0	0.1942	3	9.8655	5.4465	19.5726	4.5775	17.2391	23.3399
24D_F1_4_FITC.tif	Positive	Positive	PathAnnotationObject	Polygon	400.64	562.5	0.7843	3.7769	0.6909	1.4644	0.9397	0.866	29.5	118	0.5774	30	29	1	71	284	4.899	77	65	12	0.25	1	0.5	1	0	1	3.1371	7.5184	0.6974	2.9251	1.4915	0.8644	26.2727	4.2916	30	17	62.3636	9.3088	77	49	0.0909	0.3015	1	0	24.4286	4.4293	29	17	57.4286	7.3679	70	49	0	0	0	0	0.2622	5	63.9021	12.6161	200.6426	3.4756	1448.7296	6513.542
24D_F1_4_FITC.tif	Positive	Positive	PathAnnotationObject	Polygon	387.63	562.92	9.4114	16.242	0.4483	4.7406	3.6691	0.6547	26.7812	857	3.8078	36	19	17	76.1875	2438	7.9856	90	60	30	0.8438	27	1.706	7	0	7	49.4101	26.5818	0.8787	10.1915	6.3048	0.7869	23.6667	7.1056	45	8	57.5116	16.8101	90	25	0.3411	1.0861	7	0	22.6392	7.6379	45	8	51.3505	14.1973	78	25	0.1753	0.7218	5	0	0.2127	6	21.4961	8.0936	89.1062	4.9291	117.8917	392.275
24D_F1_4_FITC.tif	Positive	Positive	PathAnnotationObject	Polygon	728.14	567.6	7.4507	11.0241	0.7704	4.3864	2.5731	0.8285	32.9583	791	7.8324	49	23	26	60.5417	1453	10.3082	77	41	36	0.9167	22	1.9092	6	0	6	34.1165	22.7649	0.8273	8.6218	4.7674	0.8328	17.9444	11.7534	49	1	32.9333	20.8649	77	6	1.0667	2.0045	8	0	12.4848	7.3448	40	1	22.8939	13.2179	57	6	1.1212	2.0495	8	0	0.2305	5	9.5617	5.7539	23.8078	4.3621	19.4029	51.7174
24D_F1_4_FITC.tif	Positive	Positive	PathAnnotationObject	Polygon	379.34	567.93	56.8608	31.1183	0.7379	12.8751	6.1446	0.8825	31.7584	4732	8.5326	49	8	41	72.3826	10785	6.6755	92	55	37	0.6846	102	1.457	7	0	7	207.4439	54.8412	0.8668	20.4542	14.8655	0.7073	18.403	11.5384	49	0	42.6723	22.2727	92	9	0.5066	1.2978	10	0	13.1937	7.7432	46	0	31.0838	13.8895	80	9	0.4372	1.2253	10	0	0.278	5	80.9866	85.0525	154.7289	7.2073	373.6598	1149.1289
24D_F1_4_FITC.tif	Positive	Positive	PathAnnotationObject	Polygon	394.44	571.53	14.5093	14.3968	0.8797	5.3413	3.875	0.559	30.275	1211	5.7734	40	17	23	78.575	3143	7.6624	93	55	38	0.875	35	2.5739	12	0	12	44.3122	27.6665	0.7275	10.6058	5.776	0.8842	17.9322	12.96	41	0	46.9746	29.6375	93	7	0.3475	1.5655	12	0	11.6026	10.8906	41	0	30.7692	22.8075	88	7	0.0769	0.3871	3	0	0.3316	5	38.5229	6.138	164.2135	3.9191	140.77	568.7396
24D_F1_4_FITC.tif	Positive	Positive	PathAnnotationObject	Polygon	703.51	569.8	6.6664	9.9456	0.8469	3.6474	2.2782	0.8432	11.4444	206	4.5143	18	3	15	50.0556	901	4.0797	59	43	16	0.5556	10	1.3815	5	0	5	125.4859	39.895	0.9908	13.3279	11.8541	0.3896	13.4112	6.5659	31	0	40.6916	7.4428	59	24	0.4393	1.3265	9	0	13.5281	6.6551	31	0	40.1353	7.2266	59	24	0.4323	1.3252	9	0	0.0466	7	66.9662	28.5419	140.183	19.5726	696.5627	3381.3569
24D_F1_4_FITC.tif	Positive	Positive	PathAnnotationObject	Polygon	389.98	573.24	6.2743	9.5849	0.8582	4.0915	1.9602	0.8477	26.7647	455	10.2196	40	10	30	75.4706	1283	10.5837	92	59	33	1.1176	19	2.2328	7	0	7	26.6658	21.6778	0.7131	8.601	4.4374	0.8805	12.6667	10.7664	40	0	36.9722	26.0292	92	9	0.4583	1.5739	8	0	8.3091	6.2889	39	0	25.0727	15.7102	78	9	0.2545	1.2652	8	0	0.1921	5	71.1183	8.0428	170.7597	3.9191	43.1141	100.4917
24D_F1_4_FITC.tif	Positive	Positive	PathAnnotationObject	Polygon	558.14	578.66	41.9594	34.2504	0.4495	11.6946	5.8199	0.8928	37.1565	4273	7.4582	54	18	36	78.3565	9011	5.1114	92	62	30	0.3391	39	1.2558	10	0	10	157.2495	50.9763	0.7604	18.472	11.312	0.7685	28.7847	8.9082	54	10	62.7104	14.0233	92	26	0.3243	1.1299	10	0	25.4533	7.0641	48	10	56.4844	11.322	84	26	0.3183	1.0781	8	0	0.2758	7	37.1154	7.1494	157.0399	4.1298	760.715	4750.3296
24D_F1_4_FITC.tif	Positive	Positive	PathAnnotationObject	Polygon	567.93	575.9	5.49	8.7852	0.8939	3.1337	2.327	0.6513	36.3125	581	9.9446	53	21	32	76.625	1226	9.514	93	57	36	0.6875	11	2.0238	8	0	8	26.6658	21.1118	0.7518	8.221	4.3208	0.8588	24.6438	9.8719	53	9	53.1781	15.9603	93	29	0.4658	1.8862	13	0	21.3684	6.9991	43	9	46.5965	10.1046	78	29	0.4035	1.8599	13	0	0.173	5	17.7386	6.7217	66.8301	2.8836	75.0538	208.6248
24D_F1_4_FITC.tif	Positive	Positive	PathAnnotationObject	Polygon	573.88	578.18	18.8229	17.0219	0.8164	5.9309	4.3088	0.4672	33.0755	1753	9.8564	55	16	39	76.717	4066	5.4715	86	60	26	0.2642	14	0.7112	3	0	3	59.998	31.5318	0.7583	11.4345	7.0518	0.796	27.3185	9.2978	55	3	55.828	19.0102	86	14	0.2994	1.1792	10	0	24.3846	7.4928	50	3	45.1827	13.9024	75	14	0.3173	1.3601	10	0	0.3109	5	17.1601	5.338	64.6422	4.0264	77.7399	208.6248
24D_F1_4_FITC.tif	Positive	Positive	PathAnnotationObject	Polygon	580.54	582.18	16.0779	16.4691	0.7449	5.4133	4.5693	0.6649	28.0889	1264	11.0902	54	8	46	75.3556	3391	9.5588	87	55	32	1.0667	48	2.0494	8	0	8	118.0352	41.973	0.8419	15.0421	9.9734	0.7429	15.1122	9.7342	54	0	47.7591	15.7039	87	9	0.3861	1.1762	8	0	12.8488	7.4607	34	0	42.9457	10.8418	69	9	0.2674	0.9008	6	0	0.138	5	43.6624	14.9412	125.6037	5.072	755.0267	3381.3569
24D_F1_4_FITC.tif	Positive	Positive	PathAnnotationObject	Polygon	569.55	580.17	1.9607	6.0038	0.6836	2.2804	1.39	0.7651	32.75	262	2.5495	35	28	7	77.375	619	3.2486	81	73	8	0.625	5	1.1877	3	0	3	5.8822	8.573	1	3.1016	2.1806	0.7339	32.6667	2.8452	36	27	74.2667	5.6879	81	61	0.3333	0.8997	3	0	32.5714	3.3594	36	27	70.7143	5.9642	79	61	0	0	0	0	0.4336	4	3.7952	3.876	4.5451	2.8836	5.4248	7.4896
24D_F1_4_FITC.tif	Positive	Positive	PathAnnotationObject	Polygon	567.34	584.56	5.49	9.6458	0.7415	3.6435	2.3608	0.7663	31.8824	542	5.8618	42	23	19	78.6471	1337	3.1413	85	73	12	0.3529	6	0.7859	3	0	3	11.3722	14.9906	0.6359	5.8935	3.155	0.8654	28.9412	7.0965	42	11	74.6471	6.7549	85	51	0.3529	0.8121	3	0	26	7.1502	36	11	70.6471	7.0882	78	51	0.3529	0.8618	3	0	0.4617	6	4.6763	4.6123	7.1983	2.7082	7.9285	17.1209
24D_F1_4_FITC.tif	Positive	Positive	PathAnnotationObject	Polygon	571.28	585.93	4.3136	7.1828	1	2.6631	1.8445	0.6847	35.3333	424	2.6054	41	32	9	78.8333	946	4.9513	87	71	16	0.6667	8	1.2309	3	0	3	24.3129	20.2545	0.7447	7.8998	4.3005	0.843	22.7463	12.4211	43	5	58.5075	17.1882	87	22	0.3881	1.114	6	0	20	12.0123	43	5	54.0727	15.6286	76	22	0.3273	1.0896	6	0	0.1289	5	5.3672	5.338	9.1493	2.7082	6.9812	11.3538
24D_F1_4_FITC.tif	Positive	Positive	PathAnnotationObject	Polygon	562.27	584.35	2.3529	6.4795	0.7042	2.4016	1.6767	0.8771	25.8	258	3.2592	31	22	9	78.9	789	2.9231	86	76	10	0.4	4	1.2649	4	0	4	5.8822	8.9731	0.918	3.1794	2.6048	0.4619	28.1765	4.3623	36	22	77.1176	3.6892	86	69	0.2353	0.9701	4	0	31.5714	3.4572	36	25	74.5714	3.2587	78	69	0	0	0	0	0.4424	4	3.8455	3.8338	4.6795	3.0347	6.8461	9.1119
24D_F1_4_FITC.tif	Positive	Positive	PathAnnotationObject	Polygon	558.52	588.54	6.2743	9.364	0.8992	3.0537	2.6803	0.6168	25.8125	413	3.7277	31	19	12	74.75	1196	3.6606	84	69	15	0.625	10	1.0878	3	0	3	39.9986	23.8756	0.8818	7.8922	6.9908	0.4926	20.1238	8.3812	41	4	49.8952	19.0798	84	15	0.5143	1.5261	10	0	19.1011	8.5852	41	4	45.427	17.1881	75	15	0.4944	1.5963	10	0	0.1369	5	37.577	5.2093	170.7597	2.8679	16.2936	44.7926
24D_F1_4_FITC.tif	Positive	Positive	PathAnnotationObject	Polygon	553.63	586.36	0.7843	3.46	0.8233	1.4869	0.6063	0.866	34.6667	104	5.5076	40	29	11	73	219	0	73	73	0	0	0	0	0	0	0	18.0386	16.2302	0.8605	5.9781	4.1328	0.7178	16.2041	8.993	40	2	53.9796	13.052	74	26	0.3878	1.2216	6	0	15	7.7917	33	2	52.7391	12.4908	74	26	0.413	1.2574	6	0	0.0196	5	98.9597	153.7327	167.9411	2.8679	222.9615	568.7396
24D_F1_4_FITC.tif	Positive	Positive	PathAnnotationObject	Polygon	565.33	588.87	4.7057	8.0247	0.9183	3.0229	1.8558	0.7738	24.5	343	7.0356	37	13	24	74.9286	1049	4.5313	84	68	16	0.5	7	1.6053	6	0	6	34.5086	22.1222	0.8861	7.7991	6.3655	0.5767	15.1304	9.4639	38	0	40.163	23.5	84	7	0.2717	0.9733	6	0	13.4487	8.8694	38	0	33.9231	19.7483	79	7	0.2308	0.8206	5	0	0.1228	6	28.8503	5.5622	140.183	3.0347	47.7643	216.8324
