Image	Name	Class	Parent	ROI	Centroid X µm	Centroid Y µm	Nucleus: Area	Nucleus: Perimeter	Nucleus: Circularity	Nucleus: Max caliper	Nucleus: Min caliper	Nucleus: Eccentricity	Nucleus: Red mean	Nucleus: Red sum	Nucleus: Red std dev	Nucleus: Red max	Nucleus: Red min	Nucleus: Red range	Nucleus: Green mean	Nucleus: Green sum	Nucleus: Green std dev	Nucleus: Green max	Nucleus: Green min	Nucleus: Green range	Nucleus: Blue mean	Nucleus: Blue sum	Nucleus: Blue std dev	Nucleus: Blue max	Nucleus: Blue min	Nucleus: Blue range	Cell: Area	Cell: Perimeter	Cell: Circularity	Cell: Max caliper	Cell: Min caliper	Cell: Eccentricity	Cell: Red mean	Cell: Red std dev	Cell: Red max	Cell: Red min	Cell: Green mean	Cell: Green std dev	Cell: Green max	Cell: Green min	Cell: Blue mean	Cell: Blue std dev	Cell: Blue max	Cell: Blue min	Cytoplasm: Red mean	Cytoplasm: Red std dev	Cytoplasm: Red max	Cytoplasm: Red min	Cytoplasm: Green mean	Cytoplasm: Green std dev	Cytoplasm: Green max	Cytoplasm: Green min	Cytoplasm: Blue mean	Cytoplasm: Blue std dev	Cytoplasm: Blue max	Cytoplasm: Blue min	Nucleus/Cell area ratio	Delaunay: Num neighbors	Delaunay: Mean distance	Delaunay: Median distance	Delaunay: Max distance	Delaunay: Min distance	Delaunay: Mean triangle area	Delaunay: Max triangle area
24E_F2_4_FITC.tif	Positive	Positive	PathAnnotationObject	Polygon	455.1	125.91	9.0193	11.8155	0.8119	4.6066	2.5098	0.8341	22.48	562	3.743	32	16	16	58.76	1469	3.0725	62	51	11	0.32	8	0.9	4	0	4	136.4659	41.7957	0.9817	14.4938	12.1828	0.5184	21.0917	6.5922	39	5	45.6361	8.3316	65	26	0.2751	1.0742	13	0	20.9846	6.7542	39	5	44.6235	7.7284	65	26	0.2716	1.0876	13	0	0.0615	4	228.25	234.1472	283.5239	161.1818	16866.2441	17875.0059
24E_F2_4_FITC.tif	Positive	Positive	PathAnnotationObject	Polygon	171.59	136.7	9.8036	14.0563	0.6235	5.0363	3.1306	0.801	16.4333	493	7.2	33	6	27	49.6333	1489	2.6325	55	43	12	0.4	12	1.0034	4	0	4	152.9359	44.5597	0.9679	14.9733	12.5243	0.4741	17.1381	7.7745	41	0	36.8491	9.9065	61	9	0.3964	1.2725	9	0	17.1967	7.8268	41	0	35.7867	9.5398	61	9	0.3961	1.2935	9	0	0.0706	4	238.6551	252.4269	294.8575	154.9091	9119.6279	17694.9648
24E_F2_4_FITC.tif	Positive	Positive	PathAnnotationObject	Polygon	682.83	199.04	13.3329	15.3214	0.7137	5.7027	3.7734	0.7203	10.8	432	5.7477	22	1	21	61.25	2450	7.0192	74	48	26	0.45	18	1.4133	7	0	7	164.7003	45.974	0.9792	15.5029	13.7767	0.4335	11.8266	6.1043	29	0	40.8242	11.1222	74	18	0.3183	1.0526	7	0	11.9344	6.1378	29	0	38.6798	9.1181	60	18	0.3045	1.0088	6	0	0.0817	5	208.6282	223.0393	239.4687	160.3477	8628.7598	15028.7646
24E_F2_4_FITC.tif	Positive	Positive	PathAnnotationObject	Polygon	268.33	258.15	14.5093	14.8822	0.8232	5.2981	3.7876	0.6568	18.1951	746	8.4416	39	5	34	60.5854	2484	7.3925	76	48	28	1.0244	42	2.0553	10	0	10	165.8767	46.2678	0.9737	15.9341	13.5676	0.4711	18.6147	7.0892	39	0	41.7683	8.3472	76	26	0.4161	1.332	13	0	18.6597	6.9399	35	0	39.7487	5.4078	66	26	0.3508	1.2156	13	0	0.0856	6	172.6586	191.8674	245.36	81.982	10382.0781	17875.0059
24E_F2_4_FITC.tif	Positive	Positive	PathAnnotationObject	Polygon	512.77	276.26	3.5293	6.873	0.9389	2.707	1.3992	0.8109	32.9	329	8.5823	48	20	28	59.4	594	6.3805	75	50	25	1.7	17	4.0291	13	0	13	107.4473	36.9359	0.9897	12.6951	10.922	0.4558	24.2255	8.015	49	4	46.0545	10.3226	75	21	0.3964	1.2926	13	0	23.8981	7.8234	49	4	45.5509	10.1095	64	21	0.3472	1.0554	8	0	0.0273	6	158.442	144.6719	245.36	112.913	10755.9531	17875.0059
24E_F2_4_FITC.tif	Positive	Positive	PathAnnotationObject	Polygon	259.94	339.63	14.9015	21.1507	0.4186	6.9404	4.3895	0.8828	17.1818	756	7.96	33	1	32	56.1136	2469	4.5963	65	46	19	0.5	22	1.1911	5	0	5	188.621	49.5525	0.9653	17.2585	14.1595	0.5651	15.6112	7.1263	33	0	41.5655	10.4909	65	13	0.3701	1.2484	11	0	15.4531	7.0275	32	0	40.1007	9.7761	62	13	0.357	1.2546	11	0	0.0812	6	83.2057	81.6023	221.3299	15.1595	1830.6503	5252.4463
24E_F2_4_FITC.tif	Positive	Positive	PathAnnotationObject	Polygon	608.79	341.71	8.235	12.2237	0.6926	4.8434	2.952	0.7022	25.9231	674	6.0195	34	14	20	66.6154	1732	5.4191	81	57	24	0.9231	24	2.077	8	0	8	141.9559	42.5147	0.9869	14.6129	12.5243	0.4772	17.6612	8.404	34	0	49.2452	11.8442	81	13	0.3747	1.2066	8	0	17.0237	8.2285	34	0	47.905	11.1268	75	13	0.3323	1.1057	8	0	0.0545	6	98.1953	106.3737	160.3477	44.917	4710.7974	9819.6807
24E_F2_4_FITC.tif	Positive	Positive	PathAnnotationObject	Polygon	275.12	344.42	10.5879	13.6448	0.7146	4.9563	3.1869	0.8532	20.2903	629	8.1166	38	3	35	55.871	1732	5.1169	72	48	24	1.0645	33	2.4757	11	0	11	110.1923	39.5246	0.8864	13.462	10.8929	0.5633	18	6.1851	38	2	41.4311	10.3515	72	15	0.2933	1.1278	11	0	17.7183	5.8633	35	2	39.6548	9.3989	59	15	0.1984	0.7835	6	0	0.0958	6	116.1876	140.5266	199.3858	4.6806	1872.2709	8537.3691
24E_F2_4_FITC.tif	Positive	Positive	PathAnnotationObject	Polygon	270.61	351.34	4.7057	8.612	0.7973	3.1165	2.356	0.3651	24.5333	368	4.8824	33	14	19	55.1333	827	4.7188	67	48	19	0.8	12	1.6987	6	0	6	79.9973	34.8828	0.8262	12.991	7.9978	0.7707	17.3544	7.6481	35	0	39.2039	12.233	67	6	0.6262	1.5305	7	0	16.7906	7.5476	35	0	37.9529	11.7564	58	6	0.6126	1.5206	7	0	0.0628	6	73.9892	75.1866	194.3277	4.6806	1495.8735	7698.9868
24E_F2_4_FITC.tif	Positive	Positive	PathAnnotationObject	Polygon	470.71	378.83	5.8822	9.0341	0.9057	3.4057	2.2373	0.7448	22.8824	389	6.2638	36	14	22	71	1207	7	86	58	28	1.2941	22	2.9951	9	0	9	69.8015	31.6495	0.8757	12.4094	7.4958	0.7986	17.4667	7.8501	39	0	43.3222	17.3674	86	13	0.4111	1.4978	9	0	16.9018	7.7986	39	0	40.4356	15.4812	75	13	0.319	1.2258	9	0	0.0813	7	95.3554	67.6355	236.6476	3.4056	3790.9448	13188.2061
24E_F2_4_FITC.tif	Positive	Positive	PathAnnotationObject	Polygon	464.88	384.65	2.745	5.3535	1	1.8829	1.476	0.3531	27.8571	195	3.934	34	22	12	69.8571	489	5.64	81	64	17	2.2857	16	3.5923	10	0	10	49.8022	26.2043	0.9114	10.2086	6.8883	0.707	26.9846	7.8681	45	8	58.9769	8.208	81	38	0.4077	1.3904	10	0	26.935	8.0406	45	8	58.3577	7.9053	78	38	0.3008	1.0935	7	0	0.0324	4	54.627	9.1105	196.8468	3.4403	418.2812	1268.8647
24E_F2_4_FITC.tif	Positive	Positive	PathAnnotationObject	Polygon	472.26	386.24	5.8822	8.5021	1	3.0599	2.2961	0.7173	30.625	490	4.4253	38	23	15	70.8125	1133	2.2574	76	67	9	0.375	6	1.0878	4	0	4	50.5865	26.887	0.8793	10.6196	6.961	0.733	22.6288	7.5921	40	6	60.4621	8.0641	86	39	0.3485	1.1721	9	0	21.5259	7.2789	40	6	59.0345	7.5134	86	39	0.3448	1.1876	9	0	0.0938	4	15.7417	9.5037	40.5538	3.4056	98.1853	315.1532
24E_F2_4_FITC.tif	Positive	Positive	PathAnnotationObject	Polygon	606.18	386.35	12.5486	13.8203	0.8256	5.564	2.7188	0.8639	18.3333	605	5.6106	35	10	25	66.7576	2203	6.9283	83	54	29	0.7576	25	1.7683	6	0	6	116.8587	40.8738	0.879	15.1071	10.2737	0.6932	15.214	7.055	35	0	45.1472	13.0306	83	18	0.3545	1.1736	7	0	14.8271	7.128	34	0	42.4662	10.9441	71	18	0.3045	1.0716	7	0	0.0983	4	43.9986	31.2825	106.8333	6.5962	864.3521	2332.4968
24E_F2_4_FITC.tif	Positive	Positive	PathAnnotationObject	Polygon	596.71	386.4	9.0193	12.1232	0.7712	3.9554	3.3533	0.4489	24.1852	653	9.4301	49	7	42	66.1481	1786	7.7742	89	53	36	1.2963	35	3.5929	18	0	18	106.2709	38.7693	0.8885	13.5307	10.0194	0.6911	16.8832	8.2191	49	1	40.7993	15.2561	89	14	0.365	1.3768	18	0	16.085	7.6862	41	1	38.0283	13.1784	71	14	0.2632	0.7961	4	0	0.0827	6	27.7522	17.7492	65.8807	6.5962	311.6853	1333.0895
24E_F2_4_FITC.tif	Positive	Positive	PathAnnotationObject	Polygon	588.61	393.34	9.0193	11.8048	0.8133	4.0753	3.2649	0.5116	21.8077	567	10.3615	39	2	37	78.4615	2040	14.0007	103	51	52	0.8846	23	1.8618	7	0	7	86.2716	34.3956	0.9164	12.4541	8.919	0.6977	17.6351	7.4492	39	2	50.2883	17.2177	103	22	0.3243	1.1269	7	0	17.0816	6.8188	34	2	46.551	13.8194	96	22	0.25	0.9734	6	0	0.1051	5	19.9394	12.5983	55.4931	6.594	122.1996	359.4656
24E_F2_4_FITC.tif	Positive	Positive	PathAnnotationObject	Polygon	460.19	396.29	12.1564	19.0302	0.4218	7.2219	3.5783	0.9381	33.4865	1239	7.7697	46	18	28	69.6757	2578	5.3544	84	60	24	1.3784	51	2.3729	8	0	8	182.3467	49.4723	0.9362	17.1902	13.3945	0.6431	28.4323	8.658	54	3	56.7806	11.3032	84	29	0.4108	1.3086	9	0	27.9953	8.6001	54	3	55.6659	10.9892	79	29	0.3271	1.1393	9	0	0.0672	9	111.2927	142.5906	206.42	13.6392	2799.4966	11859.0127
24E_F2_4_FITC.tif	Positive	Positive	PathAnnotationObject	Polygon	591.05	400.84	30.9793	27.6172	0.5104	7.9259	7.0788	0.4722	15.6782	1364	7.644	39	0	39	92.6552	8061	15.5935	121	54	67	1.1034	96	2.4449	10	0	10	103.918	42.7747	0.7137	15.7414	10.2238	0.8016	14.337	7.9165	39	0	65.8556	24.6819	121	12	0.5963	1.7126	10	0	13.6995	7.9843	31	0	53.1148	16.7021	94	12	0.3552	1.1529	7	0	0.3043	3	6.7659	6.7863	6.9175	6.594	17.6997	23.3477
24E_F2_4_FITC.tif	Positive	Positive	PathAnnotationObject	Polygon	598.26	403.18	9.4114	12.3105	0.7804	4.6127	3.0926	0.7863	10.2593	277	5.5024	25	0	25	84.1481	2272	13.0817	118	67	51	2.1481	58	4.4437	19	0	19	50.5865	31.368	0.6461	12.7058	5.3589	0.9289	13.6165	6.2313	28	0	62.0075	14.8791	118	29	0.8045	2.527	19	0	14.4717	6.1384	28	1	56.3679	8.8192	75	29	0.4623	1.5987	10	0	0.1803	5	9.9945	9.179	17.2664	4.714	37.1491	75.7471
24E_F2_4_FITC.tif	Positive	Positive	PathAnnotationObject	Polygon	534.14	402.67	6.2743	10.0605	0.779	3.4026	2.9223	0.4822	20.6842	393	6.1287	36	13	23	61.1053	1161	5.1843	73	54	19	1.1053	21	2.3069	7	0	7	126.2702	40.212	0.9813	13.2636	11.8981	0.2543	19.179	6.7868	41	3	46.1512	10.1019	73	18	0.4599	1.3703	9	0	19.0852	6.8239	41	3	45.2197	9.591	72	18	0.4197	1.2854	9	0	0.0494	10	64.1753	56.1064	128.1619	31.906	1253.6598	5376.0762
24E_F2_4_FITC.tif	Positive	Positive	PathAnnotationObject	Polygon	604.36	403.99	5.49	8.4349	0.9697	2.886	2.4017	0.7181	24.1875	387	7.0543	35	14	21	68.1875	1091	7.0353	80	56	24	1.25	20	2.4358	7	0	7	78.4287	33.9423	0.8555	12.2387	8.1431	0.7415	18.9167	7.1993	36	0	43.4902	17.0153	80	13	0.6225	1.7588	10	0	18.4681	7.0494	36	0	41.3883	15.9278	69	13	0.5691	1.6868	10	0	0.0618	7	39.9765	18.232	104.3596	4.714	718.4961	2992.7644
24E_F2_4_FITC.tif	Positive	Positive	PathAnnotationObject	Polygon	589.56	409.93	11.3722	12.2394	0.954	4.3337	3.1311	0.6269	7.2903	226	6.246	19	0	19	70.2258	2177	8.7777	89	54	35	1.2903	40	2.2977	8	0	8	88.6244	36.9134	0.8173	13.9057	8.4595	0.8067	8.8442	5.2628	21	0	34.658	18.7475	89	11	0.5238	1.4198	8	0	9.085	5.0691	21	0	29.145	12.9224	67	11	0.405	1.195	6	0	0.1106	9	25.6368	22.2385	56.1318	6.9175	230.0931	720.2747
24E_F2_4_FITC.tif	Positive	Positive	PathAnnotationObject	Polygon	501.23	408.07	4.3136	8.2629	0.7939	2.9688	2.186	0.5709	32.5	455	4.485	37	23	14	69.3571	971	2.53	72	64	8	0.4286	6	1.0894	4	0	4	72.1544	33.2191	0.8217	12.6568	7.7552	0.7591	24.6096	8.3623	44	3	55.5829	8.5161	82	32	0.2941	1.0234	8	0	23.9711	8.2838	44	3	54.4682	7.8263	82	32	0.2832	1.0205	8	0	0.0555	6	33.724	39.5952	44.2479	3.307	306.8237	799.6642
24E_F2_4_FITC.tif	Positive	Positive	PathAnnotationObject	Polygon	504.74	413.87	5.8822	9.3082	0.8531	3.74	2.2821	0.7536	35.1875	563	7.67	46	22	24	71.5	1144	7.7287	88	65	23	2.3125	37	3.7008	11	0	11	78.8208	35.3564	0.7923	13.5993	7.7997	0.8176	27.3529	7.496	46	11	59.1127	6.9737	88	43	0.4216	1.455	11	0	26.6862	7.112	46	11	58.0585	5.81	71	43	0.2606	0.9314	6	0	0.0621	5	52.2117	37.454	108.1464	3.307	1182.8795	3204.6558
24E_F2_4_FITC.tif	Positive	Positive	PathAnnotationObject	Polygon	250.81	417.32	22.7443	19.8914	0.7224	7.7864	4.2783	0.8711	27.4516	1702	7.3878	40	7	33	72.7419	4510	4.5266	81	62	19	0.2419	15	0.8624	5	0	5	90.9773	36.6454	0.8513	13.2968	9.536	0.6814	19.9915	9.1749	40	3	49.834	20.437	81	14	0.1702	0.6955	6	0	17.3179	8.2411	39	3	41.6243	17.4357	73	14	0.1445	0.6259	6	0	0.2541	5	34.8558	7.6382	81.2225	5.6425	186.4982	504.0973
24E_F2_4_FITC.tif	Positive	Positive	PathAnnotationObject	Polygon	242.4	422	39.9986	32.2051	0.4846	10.5329	5.2209	0.8611	31.9245	3384	6.9456	45	14	31	73.2264	7762	4.8389	85	56	29	0.3962	42	1.1521	6	0	6	169.0138	51.6849	0.7951	20.1375	11.1588	0.8322	22.1152	10.6476	48	0	53.8295	14.9789	85	22	0.3088	1.2501	15	0	18.9451	9.6623	48	0	47.561	11.3227	73	22	0.2805	1.2805	15	0	0.2292	4	98.1989	46.1477	294.8575	5.6425	1822.7532	5252.4463
24E_F2_4_FITC.tif	Positive	Positive	PathAnnotationObject	Polygon	705.55	419.29	15.2936	14.9905	0.8552	5.057	4.489	0.3747	89.1667	3745	18.4522	120	47	73	96.7381	4063	15.8176	126	64	62	1.8333	77	2.7401	10	0	10	110.9766	41.2678	0.8189	14.1554	10.1158	0.7111	30.5052	28.8357	120	0	44.338	25.7804	126	13	0.4355	1.3849	10	0	20.449	14.9511	98	0	35.3551	13.5402	108	13	0.1959	0.7698	6	0	0.1391	8	82.3203	90.4227	223.0393	4.0083	2076.394	9819.6807
24E_F2_4_FITC.tif	Positive	Positive	PathAnnotationObject	Polygon	255.72	423.17	8.235	11.5902	0.7704	4.4026	2.8538	0.8467	31.64	791	3.9251	40	23	17	74.16	1854	5.6249	83	62	21	0.12	3	0.6	3	0	3	30.9793	24.1603	0.6669	9.8257	4.1328	0.9083	25.1446	8.6506	40	2	55.2289	18.0117	83	23	0.241	1.0774	7	0	22.3448	8.6421	37	2	47.069	15.1146	80	23	0.2931	1.2284	7	0	0.2586	4	22.8395	5.3734	76.9181	3.6931	82.5341	198.5956
24E_F2_4_FITC.tif	Positive	Positive	PathAnnotationObject	Polygon	704.01	426.31	10.5879	12.3024	0.8791	4.4623	3.0765	0.7603	79	2449	16.4944	99	42	57	92.3548	2863	10.3555	110	71	39	1.1613	36	2.115	9	0	9	38.8222	27.5178	0.6443	10.6058	5.404	0.8836	38.7476	29.7297	99	0	59.0194	24.4143	110	27	0.4951	1.4611	9	0	21.4167	11.9491	70	0	44.6667	10.8121	86	27	0.2083	0.9485	6	0	0.255	4	24.6128	10.2093	74.2956	3.7369	157.5593	485.3861
24E_F2_4_FITC.tif	Positive	Positive	PathAnnotationObject	Polygon	250.36	430.47	8.6272	13.3194	0.6111	5.3589	2.5131	0.8665	35.1923	915	4.8334	42	24	18	73.3846	1908	4.2902	82	64	18	0.5385	14	1.3033	5	0	5	54.5079	29.8809	0.7672	10.2418	8.1024	0.6329	28.3239	8.9153	46	5	63.1268	8.4323	82	44	0.2676	0.8906	5	0	26.7845	8.9061	46	5	60.8276	7.3523	76	44	0.2069	0.7635	5	0	0.1568	5	39.415	7.6382	171.4216	4.4262	78.9219	273.0309
24E_F2_4_FITC.tif	Positive	Positive	PathAnnotationObject	Polygon	578.86	426.73	40.7829	33.7633	0.4496	11.1396	6.3654	0.79	13.9636	1536	6.2058	35	1	34	78.5	8635	10.3594	99	57	42	0.5818	64	1.5992	10	0	10	214.5025	58.3927	0.7905	20.6674	14.563	0.7585	15.6091	7.2427	35	0	49.3655	19.7561	99	9	0.4455	1.3346	10	0	16.0205	7.4291	35	0	42.0818	13.9856	86	9	0.4114	1.2596	8	0	0.1914	3	26.5146	22.2385	51.2676	6.0378	240.0916	570.0154
24E_F2_4_FITC.tif	Positive	Positive	PathAnnotationObject	Polygon	258.51	428.5	6.6664	9.5723	0.9143	3.2941	2.8297	0.5597	27.1	542	5.0042	37	21	16	74	1480	4.8013	82	64	18	0.45	9	1.0501	4	0	4	65.8801	30.8314	0.8709	11.81	8.3201	0.6909	23.7018	9.5971	42	3	53.614	15.1402	82	14	0.6023	1.668	10	0	23.2517	9.9734	42	3	50.9139	13.9327	75	14	0.6225	1.7349	10	0	0.0923	6	104.4945	122.2042	206.42	3.6931	3370.5007	11859.0127
24E_F2_4_FITC.tif	Positive	Positive	PathAnnotationObject	Polygon	707.44	429	8.235	10.5918	0.9224	3.6003	2.9453	0.437	67.4348	1551	12.2839	82	41	41	81.4783	1874	10.5566	99	65	34	1	23	1.7056	6	0	6	39.2143	31.1932	0.5064	13.5083	3.8376	0.9644	30.6857	24.271	82	3	48.9905	20.0952	99	24	0.3524	1.2402	7	0	20.378	14.9779	71	3	39.878	10.2203	81	24	0.1707	1.016	7	0	0.2099	4	7.0904	5.6627	13.2993	3.7369	11.1507	19.7688
24E_F2_4_FITC.tif	Positive	Positive	PathAnnotationObject	Polygon	711.82	432.03	7.4507	9.737	0.9875	3.5497	2.6615	0.641	46.3	926	8.266	61	34	27	71	1420	7.9406	88	60	28	1.1	22	2.2219	7	0	7	70.5858	33.0892	0.8101	12.2253	7.8543	0.7507	26.4076	11.8926	61	3	42.8424	13.8762	88	21	0.5978	1.6267	10	0	23.9817	9.8158	53	3	39.4085	9.9839	78	21	0.5366	1.5364	10	0	0.0805	5	54.1163	11.0458	233.4819	3.7554	118.2218	410.7782
24E_F2_4_FITC.tif	Positive	Positive	PathAnnotationObject	Polygon	582.25	435.34	9.0193	10.7961	0.9724	3.9688	2.72	0.7142	21.7727	479	10.5512	53	7	46	86.0455	1893	18.0804	125	56	69	4.9545	109	6.7716	28	0	28	70.5858	31.8347	0.8752	12.5819	7.5146	0.782	17.8407	6.8142	53	4	47.7308	18.7239	125	23	1.033	3.1021	28	0	17.3	5.9767	31	4	42.4625	11.1744	76	23	0.4938	1.5741	11	0	0.1064	7	42.19	26.4179	80.2453	6.0378	734.9813	3204.6558
24E_F2_4_FITC.tif	Positive	Positive	PathAnnotationObject	Polygon	477.99	439.65	9.4114	13.9214	0.6102	5.2987	3.001	0.8518	32.0667	962	5.0168	41	22	19	70.8333	2125	2.6533	78	67	11	0.4	12	1.07	4	0	4	155.2888	45.0434	0.9618	15.1601	12.6346	0.5019	28.3939	8.0367	51	10	59.3485	8.627	78	28	0.1894	0.7743	7	0	28.0929	8.1669	51	10	58.4071	8.2615	77	28	0.1721	0.7442	7	0	0.0622	9	86.6814	101.9388	117.7826	37.454	1420.3187	5181.6484
24E_F2_4_FITC.tif	Positive	Positive	PathAnnotationObject	Polygon	704.8	441.62	5.49	8.6066	0.9314	3.1525	2.384	0.1964	39.7059	675	4.896	46	30	16	76.7647	1305	4.9185	87	70	17	1.2941	22	2.0846	6	0	6	94.5066	35.6849	0.9326	12.8257	8.767	0.7076	28.2459	11.539	55	3	58.8648	11.4296	90	36	0.4836	1.398	11	0	27.3877	11.4389	55	3	57.5242	10.6228	90	36	0.4229	1.3194	11	0	0.0543	6	28.5427	14.8548	65.6802	6.7701	180.1064	485.3861
24E_F2_4_FITC.tif	Positive	Positive	PathAnnotationObject	Polygon	713.65	442.01	5.49	8.3717	0.9844	2.8875	2.3708	0.6606	37.0625	593	5.6388	45	27	18	74.1875	1187	1.5586	77	72	5	0	0	0	0	0	0	88.6244	34.5875	0.9309	12.102	8.767	0.621	24.2675	11.8267	50	0	58.4518	14.3405	80	26	0.2719	1.1594	8	0	23.3019	11.6132	50	0	57.2642	14.1731	80	26	0.2925	1.2001	8	0	0.0537	3	26.9138	10.8989	63.0725	6.7701	79.9601	124.0603
24E_F2_4_FITC.tif	Positive	Positive	PathAnnotationObject	Polygon	611.02	445.59	9.8036	12.7165	0.7618	4.7417	3.3638	0.7557	6.6552	193	5.4332	17	0	17	114	3306	7.824	126	98	28	0.7931	23	1.9157	9	0	9	92.938	35.6085	0.9211	12.7139	9.9892	0.5835	12.8661	6.2287	30	0	83.6151	22.9754	126	33	0.3096	1.2006	9	0	13.7238	5.8424	30	0	79.419	21.1451	119	33	0.2429	1.055	7	0	0.1049	7	27.24	42.4916	43.8888	5.0182	203.5916	725.6549
24E_F2_4_FITC.tif	Positive	Positive	PathAnnotationObject	Polygon	602	444.84	7.8429	11.579	0.7351	4.314	2.6683	0.7672	17.2273	379	5.7812	32	9	23	116.0909	2554	5.9595	131	107	24	0.6364	14	1.9651	8	0	8	52.5472	27.3151	0.885	9.2457	7.9321	0.1581	16.5075	5.6071	34	5	89.7388	20.2792	131	44	0.3955	1.2745	8	0	16.3661	5.5879	34	5	84.5625	17.9267	116	44	0.3482	1.0963	7	0	0.1326	6	15.1963	7.6774	41.0605	3.7671	95.5953	332.5858
24E_F2_4_FITC.tif	Positive	Positive	PathAnnotationObject	Polygon	591.63	448.46	26.6658	23.7223	0.5955	9.5487	4.8748	0.8945	17.4795	1276	6.7518	30	0	30	131.2603	9582	14.3692	158	100	58	1.0274	75	2.3272	11	0	11	160.3867	46.9062	0.916	16.1248	13.0198	0.5917	15.6284	6.3214	30	0	82.7237	35.2637	158	20	0.7751	1.9637	13	0	15.2262	6.1612	30	0	72.1786	29.0731	122	20	0.7202	1.875	13	0	0.1715	6	31.3311	15.0687	71.2971	8.3839	208.7607	690.9052
24E_F2_4_FITC.tif	Positive	Positive	PathAnnotationObject	Polygon	602.06	450.93	10.98	13.051	0.8101	4.7529	3.3539	0.7758	15.9677	495	5.0364	23	4	19	124.871	3871	4.794	138	114	24	0.7419	23	1.3897	5	0	5	16.8622	15.8805	0.8402	5.622	3.841	0.7635	16.2609	5.0616	27	4	121.7174	6.7418	138	104	0.5217	1.1877	5	0	16.8667	5.2354	27	9	115.2	5.4143	123	104	0.0667	0.2582	1	0	0.655	6	5.549	5.3796	8.3839	3.7671	12.1839	23.7059
24E_F2_4_FITC.tif	Positive	Positive	PathAnnotationObject	Polygon	607.17	450.64	3.9214	7.1397	0.9667	2.7694	1.6818	0.7419	9.4545	104	6.8464	18	0	18	114.7273	1262	4.628	123	109	14	1.1818	13	2.2279	6	0	6	9.8036	11.9356	0.8648	4.3058	3.1311	0.5278	14.1786	7.1753	25	0	108.6071	7.1406	123	92	0.6786	1.5647	6	0	17.2353	5.6847	25	5	104.6471	5.4993	113	92	0.3529	0.8618	3	0	0.3407	4	4.3879	4.8	5.1077	2.8439	7.0831	11.8908
24E_F2_4_FITC.tif	Positive	Positive	PathAnnotationObject	Polygon	598.82	458.38	19.9993	18.2973	0.7507	6.2632	5.0368	0.6376	16.8	924	7.3065	29	3	26	122.6545	6746	9.2581	146	103	43	0.9273	51	2.3162	12	0	12	87.448	37.0829	0.7991	12.855	10.5305	0.4289	15.6239	6.5064	32	3	80.3319	32.8065	146	22	0.3805	1.3487	12	0	15.2456	6.2033	32	3	66.7193	25.1266	120	22	0.2047	0.7586	5	0	0.2238	5	31.538	9.1055	71.7822	3.9141	208.7316	577.953
24E_F2_4_FITC.tif	Positive	Positive	PathAnnotationObject	Polygon	608.85	454.68	4.7057	7.9554	0.9344	3.1311	1.7905	0.7738	17	238	7.0493	29	7	22	115	1610	4.4549	121	107	14	0.2857	4	0.6112	2	0	2	31.7636	22.5227	0.7869	8.4836	5.7744	0.7848	10.7674	6.8697	29	0	97.186	15.4185	121	55	0.2326	0.7922	4	0	9.5556	6.1847	26	0	93.7222	14.3608	113	55	0.2222	0.826	4	0	0.1328	6	16.6593	6.3891	40.9661	2.8439	53.2794	158.1652
24E_F2_4_FITC.tif	Positive	Positive	PathAnnotationObject	Polygon	605.84	458.4	3.5293	8.0843	0.6786	3.2553	1.6422	0.8528	15.6923	204	5.3445	24	9	15	114	1482	6.7577	126	103	23	1.2308	16	2.2043	7	0	7	27.8422	21.2397	0.7756	8.2822	4.9744	0.8241	9.1333	6.1278	24	0	76.6667	31.3973	126	21	0.52	1.4553	7	0	7.7581	5.3705	22	0	68.8387	28.7677	115	21	0.371	1.2178	6	0	0.1392	5	25.3929	5.8019	73.3975	3.3715	339.94	1484.246
24E_F2_4_FITC.tif	Positive	Positive	PathAnnotationObject	Polygon	646.82	468.25	8.6272	11.2682	0.8538	3.9907	3.2177	0.5885	37.1852	1004	6.7427	51	25	26	86.3704	2332	4.4475	93	75	18	0.2222	6	0.698	3	0	3	106.663	38.8822	0.8866	13.2198	10.4885	0.6341	33.0145	9.9676	57	10	71.6449	12.9454	93	35	0.2754	0.9479	7	0	32.5622	10.1638	57	10	70.0482	12.5533	90	35	0.2811	0.972	7	0	0.0775	8	46.4641	54.7845	78.6099	6.2255	620.6562	2992.7644
24E_F2_4_FITC.tif	Positive	Positive	PathAnnotationObject	Polygon	641.11	472.24	5.49	9.5258	0.7603	3.5272	2.4645	0.747	39.1176	665	8.9434	55	27	28	86.8235	1476	3.4863	95	81	14	0.6471	11	1.6934	6	0	6	34.1165	24.9961	0.6862	9.9558	4.9777	0.8914	37.3011	9.4257	60	18	75.8064	10.1599	95	47	0.2903	0.9621	6	0	36.8947	9.5395	60	18	73.3421	9.5059	88	47	0.2105	0.6989	4	0	0.161	5	20.2594	7.2896	42.8388	3.977	80.691	158.1652
24E_F2_4_FITC.tif	Positive	Positive	PathAnnotationObject	Polygon	660.17	476.26	50.9786	30.4143	0.6925	11.7933	6.1345	0.8716	87.626	11479	27.5662	133	20	113	110.3359	14454	19.0467	145	72	73	0.7557	99	1.5792	9	0	9	263.1283	59.9547	0.9199	21.5862	15.9555	0.6509	40.3418	29.1126	133	4	68.3536	24.9671	145	30	0.3358	1.1853	10	0	28.9133	14.0688	81	4	58.2066	12.5375	98	30	0.2343	1.0454	10	0	0.1904	7	70.4456	63.0725	128.6782	15.3235	156.8371	400.3087
24E_F2_4_FITC.tif	Positive	Positive	PathAnnotationObject	Polygon	636.61	476.67	10.1957	16.09	0.4949	5.8377	3.4891	0.8305	40.6	1218	4.658	54	32	22	86.3333	2590	2.9517	95	82	13	0.3	9	0.9879	5	0	5	76.8601	36.7105	0.7167	12.2489	9.459	0.6103	32.165	10.8895	61	4	73.19	9.8702	95	49	0.3	1.1648	10	0	30.6765	11.0022	61	4	70.8706	8.7831	85	49	0.3	1.1959	10	0	0.1237	5	34.7445	39.9961	82.3239	3.977	381.4673	1484.246
24E_F2_4_FITC.tif	Positive	Positive	PathAnnotationObject	Polygon	645.2	481.73	13.725	17.9302	0.5365	5.2776	4.3689	0.5566	41.7895	1588	9.4445	59	26	33	87.1579	3312	5.3953	99	75	24	0.6053	23	1.386	6	0	6	111.3687	39.1852	0.9114	13.6726	10.2684	0.6765	28.4754	11.593	59	2	66.6972	16.5016	99	28	0.3134	1.0685	9	0	26.4187	10.4896	59	2	63.5366	15.3356	91	28	0.2683	1.0067	9	0	0.1164	5	25.2596	11.2034	85.2035	6.9461	108.2488	264.5099
24E_F2_4_FITC.tif	Positive	Positive	PathAnnotationObject	Polygon	560.03	507.59	13.725	16.3328	0.6466	6.1191	3.797	0.873	47.6829	1955	9.2343	62	31	31	94.2439	3864	5.262	105	81	24	0.3902	16	1.1375	5	0	5	107.4473	40.3375	0.8298	15.7177	8.979	0.8228	35.6014	15.1976	62	2	79.2355	13.8006	107	41	0.3442	1.1883	13	0	33.4936	15.0607	61	2	76.617	13.1431	107	41	0.3362	1.1991	13	0	0.1371	5	33.0111	17.4205	69.0625	4.3171	216.6258	577.953
24E_F2_4_FITC.tif	Positive	Positive	PathAnnotationObject	Polygon	551.91	506.26	7.8429	10.9117	0.8278	4.1911	2.4171	0.8409	48.0909	1058	9.8218	60	26	34	93.4545	2056	4.2843	100	82	18	0.7273	16	1.3159	4	0	4	42.3515	26.3734	0.7652	9.7363	6.6819	0.7697	31.0901	16.0293	60	1	61.018	25.069	100	27	0.3514	1.0925	7	0	26.8876	14.4233	58	1	53	21.287	97	27	0.2584	1.0172	7	0	0.1659	8	49.8699	44.7931	108.1464	4.3171	857.723	3204.6558
24E_F2_4_FITC.tif	Positive	Positive	PathAnnotationObject	Polygon	554.27	515.61	26.6658	30.3421	0.364	8.1578	6.7404	0.583	49.6301	3623	7.9504	64	32	32	96.2192	7024	4.9644	111	84	27	0.411	30	1.2892	8	0	8	109.0159	44.569	0.6897	17.6716	10.1266	0.7779	38.3069	13.8798	65	8	83.4765	12.1898	111	51	0.4368	1.3964	10	0	34.2549	13.3004	65	8	78.9167	10.677	99	51	0.4461	1.4357	10	0	0.2552	6	10.793	9.1563	18.4551	5.3081	48.5804	95.4664
24E_F2_4_FITC.tif	Positive	Positive	PathAnnotationObject	Polygon	541.09	513.99	29.0186	28.6016	0.4458	9.5866	6.4445	0.8219	62.0256	4838	11.9902	84	32	52	108.1795	8438	6.7684	123	89	34	0.5513	43	1.1241	5	0	5	78.4287	42.5725	0.5438	14.3231	9.1937	0.8582	38.5343	25.0453	84	4	74.4363	35.2359	123	18	0.2794	0.8277	5	0	23.9921	19.3028	73	4	53.5476	28.9443	110	18	0.1111	0.5095	4	0	0.3677	4	5.3266	5.4873	6.0363	4.2954	11.8396	16.4496
24E_F2_4_FITC.tif	Positive	Positive	PathAnnotationObject	Polygon	546.68	513.79	14.9015	20.1426	0.4615	6.6357	4.1008	0.7282	57.3095	2407	8.3739	68	38	30	101.381	4258	3.6623	108	93	15	0.381	16	1.1252	5	0	5	41.5672	29.7117	0.5917	12.0633	5.7461	0.8841	48.2589	14.4638	69	10	88.6518	18.391	108	25	0.3393	1.0094	6	0	42.8286	14.6663	69	10	81.0143	19.4508	103	25	0.3143	0.9409	6	0	0.3629	5	7.5981	7.2582	9.4553	5.4388	16.2902	21.95
24E_F2_4_FITC.tif	Positive	Positive	PathAnnotationObject	Polygon	535.09	515.91	4.3136	7.7277	0.9077	2.7521	2.1311	0.7323	46.4286	650	10.368	65	31	34	98.5714	1380	8.5549	113	86	27	1.1429	16	2.1432	6	0	6	34.9008	22.4563	0.8697	7.748	6.2616	0.6088	24.25	15.8167	65	1	57.25	27.3261	113	21	0.337	1.2516	8	0	20.2692	13.1155	65	1	49.8333	22.449	106	21	0.1923	0.9678	8	0	0.1073	6	42.65	13.8602	122.1628	4.2954	1060.4357	5181.6484
24E_F2_4_FITC.tif	Positive	Positive	PathAnnotationObject	Polygon	537.27	523.71	13.725	17.0657	0.5922	6.3003	3.9063	0.7852	54.8095	2302	7.316	73	41	32	99.0476	4160	6.533	112	84	28	0.381	16	1.011	5	0	5	85.0951	35.9504	0.8274	13.6483	9.3282	0.7324	36.7557	15.3174	73	3	76.8959	16.4461	112	39	0.3937	1.3121	9	0	32.5196	13.5167	70	3	71.6983	13.4728	105	39	0.3966	1.3756	9	0	0.1628	5	31.4495	7.4412	122.2297	4.354	271.1786	1008.4547
24E_F2_4_FITC.tif	Positive	Positive	PathAnnotationObject	Polygon	394.92	519.43	16.8622	18.3028	0.6325	5.9767	4.8923	0.5894	42.4681	1996	9.6433	57	21	36	84.6383	3978	7.8253	98	63	35	0.2553	12	0.9661	6	0	6	79.6051	38.4353	0.6772	13.7485	10.1978	0.6323	26.3317	12.4524	57	5	58.8894	18.6903	98	24	0.2692	0.9852	8	0	21.6211	8.6638	55	5	51.3727	13.5175	86	24	0.2733	0.9937	8	0	0.2175	7	41.3204	6.0582	142.5906	3.7215	414.7748	2581.9658
24E_F2_4_FITC.tif	Positive	Positive	PathAnnotationObject	Polygon	571.18	520.07	5.8822	9.5028	0.8185	3.6097	2.2729	0.8448	34.8889	628	4.0277	43	29	14	80.3889	1447	6.0404	90	71	19	1.1111	20	1.5676	5	0	5	83.1344	34.7572	0.8648	12.7884	8.2656	0.7289	19.9306	11.5634	46	0	44.6574	21.3653	90	12	0.338	0.9938	6	0	18.5707	11.0556	46	0	41.4091	19.1775	90	12	0.2677	0.8979	6	0	0.0736	8	57.6192	72.5898	100.4656	11.9056	359.1181	1484.246
24E_F2_4_FITC.tif	Positive	Positive	PathAnnotationObject	Polygon	547.23	523.98	8.6272	12.5981	0.6831	4.1628	3.2326	0.5829	43.32	1083	7.647	52	28	24	94	2350	5.6421	105	81	24	0.32	8	1.1446	5	0	5	59.6058	29.2365	0.8763	10.2872	8.3162	0.5804	27.6456	12.743	55	5	72.7595	16.72	105	36	0.2215	1.0862	9	0	24.6992	11.2795	55	5	68.7669	15.007	104	36	0.203	1.0784	9	0	0.142	6	10.4899	9.2977	15.919	6.0363	50.4767	108.3746
24E_F2_4_FITC.tif	Positive	Positive	PathAnnotationObject	Polygon	388.39	521.43	4.7057	8.8951	0.7474	3.3226	1.9751	0.7738	33.2667	499	3.9364	41	26	15	79.2	1188	4.2962	86	71	15	1.6	24	2.4142	6	0	6	32.9401	23.1318	0.7736	9.0747	5.5099	0.798	26.9775	6.8407	41	14	62.236	13.3468	86	34	0.5843	1.5869	8	0	25.7027	6.6079	40	14	58.7973	11.8356	79	34	0.3784	1.2896	8	0	0.1222	4	79.3024	74.2021	165.084	3.7215	3090.5815	11859.0127
24E_F2_4_FITC.tif	Positive	Positive	PathAnnotationObject	Polygon	559.54	528.74	41.5672	41.9895	0.2963	19.735	2.8124	0.9925	41.4818	4563	8.7101	59	19	40	83.0455	9135	7.6846	102	67	35	2.1818	240	3.4831	16	0	16	251.7561	63.3685	0.7878	23.203	12.7446	0.8224	20.6988	15.0087	64	0	41.5078	24.0992	102	8	0.6025	1.9329	16	0	16.4176	12.1956	64	0	32.9513	16.0972	88	8	0.2772	1.1854	11	0	0.1603	5	34.5655	16.2752	112.2275	11.9056	92.5096	108.3746
24E_F2_4_FITC.tif	Positive	Positive	PathAnnotationObject	Polygon	399.81	523.68	9.0193	12.8459	0.6868	4.3457	3.2222	0.7427	45.48	1137	6.9109	59	33	26	87.76	2194	4.3901	96	77	19	0.16	4	0.6245	3	0	3	21.96	22.8434	0.5288	9.1948	4.1853	0.9224	37.0645	12.2352	59	10	73.9839	17.7658	96	34	0.0806	0.4168	3	0	31.3784	11.8071	57	10	64.6757	17.3526	89	34	0.027	0.1644	1	0	0.3713	3	3.9855	4.3097	4.4995	3.1474	5.4632	6.8888
24E_F2_4_FITC.tif	Positive	Positive	PathAnnotationObject	Polygon	403.55	523.27	2.3529	5.7666	0.8891	2.2249	1.3589	0.6325	24.375	195	2.6152	28	21	7	76.875	615	4.2237	83	71	12	0.5	4	1.4142	4	0	4	12.1564	15.3383	0.6493	6.2915	2.7148	0.9125	23.5	4.3987	31	14	56.6471	15.366	83	33	0.2353	0.9553	4	0	23.2308	4.8275	31	14	50.4231	11.6385	73	33	0.1538	0.7845	4	0	0.1624	7	21.9169	7.0359	114.317	3.2203	136.9855	576.6574
24E_F2_4_FITC.tif	Positive	Positive	PathAnnotationObject	Polygon	388.18	527.63	3.9214	7.3543	0.9111	2.8689	1.8192	0.7645	25.4167	305	7.833	36	14	22	74.4167	893	6.445	85	65	20	0.6667	8	1.4975	5	0	5	38.4301	23.5966	0.8673	8.1372	6.5764	0.5165	22.2745	7.3433	36	7	57.9706	13.5189	85	28	0.2647	0.964	6	0	21.8556	7.2182	36	7	55.7778	12.6862	75	28	0.2111	0.8676	6	0	0.0825	6	60.2764	6.8905	171.4216	3.7447	116.1854	274.4175
24E_F2_4_FITC.tif	Positive	Positive	PathAnnotationObject	Polygon	394.86	532.31	20.3915	24.3475	0.4323	9.1475	4.5388	0.8776	35.6167	2137	6.1481	48	15	33	77.7167	4663	6.8744	88	59	29	0.1833	11	0.6241	3	0	3	85.0951	36.0254	0.8239	12.8248	9.6137	0.5589	21.75	12.8836	49	0	52.4545	22.3313	88	10	0.2455	0.9763	9	0	16.55	10.7158	49	0	42.9813	18.3904	83	10	0.2688	1.08	9	0	0.2505	4	6.292	6.4671	9.2154	3.0184	10.2069	15.2809
24E_F2_4_FITC.tif	Positive	Positive	PathAnnotationObject	Polygon	403.83	527.25	22.3522	20.79	0.6499	7.4896	5.19	0.7513	39.4098	2404	6.1708	51	17	34	87.3771	5330	5.3297	98	70	28	0.4262	26	1.2578	6	0	6	45.0965	34.6902	0.4709	13.2863	5.904	0.9411	31.2727	12.9544	51	9	73.0992	19.8844	98	27	0.3388	1.1801	6	0	23	12.8274	51	9	58.5833	18.7149	91	27	0.25	1.0989	6	0	0.4946	5	4.9518	4.799	6.6349	3.2203	9.1294	15.2809
24E_F2_4_FITC.tif	Positive	Positive	PathAnnotationObject	Polygon	397.71	527.75	1.9607	4.1751	1	1.5398	0.982	0.7651	46.4	232	4.3359	52	42	10	89.6	448	1.9494	92	87	5	0.4	2	0.5477	1	0	1	1.1764	4.7029	0.6684	1.637	1.2174	0.7303	45.8333	4.1191	52	42	88.6667	2.8752	92	84	0.3333	0.5164	1	0	43	NaN	43	43	84	NaN	84	84	0	NaN	0	0	0.756	6	4.9605	5.0289	7.4816	3.0184	10.0208	17.3728
24E_F2_4_FITC.tif	Positive	Positive	PathAnnotationObject	Polygon	407.33	532.89	19.6072	22.4021	0.491	7.7423	4.4145	0.8601	34.3585	1821	6.3733	49	23	26	83.4717	4424	7.2207	98	70	28	0.5849	31	1.6459	8	0	8	51.3708	39.8328	0.4069	16.8129	5.4777	0.963	25.1324	11.9931	49	0	63.7941	22.3242	98	12	0.3088	1.1644	8	0	19.241	10.9951	48	0	51.2289	19.4255	90	12	0.1325	0.6584	5	0	0.3762	5	5.414	5.5135	7.0359	3.5307	10.2605	13.393
24E_F2_4_FITC.tif	Positive	Positive	PathAnnotationObject	Polygon	413.25	528.19	12.1564	13.8357	0.798	4.8516	3.848	0.4202	29.8	1043	6.6677	40	14	26	82.5714	2890	9.3283	103	64	39	0.7429	26	2.005	8	0	8	51.7629	28.3217	0.8109	10.0824	7.6107	0.626	21.6594	8.7425	41	7	51.4565	23.5822	103	22	0.1884	1.0502	8	0	18.8932	7.5744	41	7	40.8835	16.5181	84	22	0	0	0	0	0.2346	5	27.5471	5.9218	112.4635	4.3981	188.4616	576.6574
24E_F2_4_FITC.tif	Positive	Positive	PathAnnotationObject	Polygon	402.91	535.29	7.4507	10.1172	0.9147	3.8463	2.3712	0.8492	29.6	592	4.0704	37	22	15	82.35	1647	6.1067	91	69	22	0.1	2	0.4472	2	0	2	26.2736	20.9763	0.7504	8.3967	4.0891	0.8844	21.7183	9.4146	38	2	54.1127	24.5378	91	13	0.2817	1.3004	10	0	18.6275	9.1213	38	2	43.0392	19.6153	83	13	0.3529	1.5076	10	0	0.2563	4	6.4191	6.4651	9.2154	3.5307	11.4878	15.2809
24E_F2_4_FITC.tif	Positive	Positive	PathAnnotationObject	Polygon	418.82	535.06	14.1172	14.3829	0.8576	5.6348	3.2397	0.7759	26.2632	998	8.6296	39	8	31	81.3684	3092	8.6849	99	65	34	0.7632	29	1.6995	6	0	6	92.1537	36.3725	0.8753	13.4984	8.7722	0.7315	16.1429	8.8239	39	0	48.5756	20.1228	99	13	0.3193	1.0786	8	0	14.22	7.4572	35	0	42.345	14.9621	81	13	0.235	0.8965	8	0	0.1548	6	82.839	117.4899	129.6512	4.2515	1141.8147	5181.6484
24E_F2_4_FITC.tif	Positive	Positive	PathAnnotationObject	Polygon	411.78	537.47	5.49	9.1504	0.824	3.388	2.1392	0.7685	33.2941	566	5.5426	44	22	22	83.2353	1415	5.8044	90	69	21	0.0588	1	0.2425	1	0	1	34.5086	22.8518	0.8304	8.7091	5.2709	0.7863	21.3626	9.7588	44	3	56.7473	21.5286	91	16	0.3077	1.2355	7	0	18.6216	8.3612	36	3	50.6622	19.0553	91	16	0.3649	1.3606	7	0	0.1646	5	31.3989	6.3868	133.8268	4.2515	20.7399	52.6993
24E_F2_4_FITC.tif	Positive	Positive	PathAnnotationObject	Polygon	545.38	537.32	8.235	13.0302	0.6095	5.3148	2.402	0.8671	41.7037	1126	9.0418	59	26	33	80.3704	2170	9.4549	107	68	39	3.2963	89	5.0749	21	0	21	121.9566	40.9299	0.9148	13.7757	12.0422	0.1917	17.9521	12.828	62	0	38.4856	22.5914	107	8	0.6422	2.2814	21	0	15.7098	10.6864	62	0	34.5315	19.201	88	8	0.3916	1.618	14	0	0.0657	6	73.579	73.1825	133.8268	15.1306	260.3998	1008.4547
