Image	Name	Class	Parent	ROI	Centroid X µm	Centroid Y µm	Nucleus: Area	Nucleus: Perimeter	Nucleus: Circularity	Nucleus: Max caliper	Nucleus: Min caliper	Nucleus: Eccentricity	Nucleus: Red mean	Nucleus: Red sum	Nucleus: Red std dev	Nucleus: Red max	Nucleus: Red min	Nucleus: Red range	Nucleus: Green mean	Nucleus: Green sum	Nucleus: Green std dev	Nucleus: Green max	Nucleus: Green min	Nucleus: Green range	Nucleus: Blue mean	Nucleus: Blue sum	Nucleus: Blue std dev	Nucleus: Blue max	Nucleus: Blue min	Nucleus: Blue range	Cell: Area	Cell: Perimeter	Cell: Circularity	Cell: Max caliper	Cell: Min caliper	Cell: Eccentricity	Cell: Red mean	Cell: Red std dev	Cell: Red max	Cell: Red min	Cell: Green mean	Cell: Green std dev	Cell: Green max	Cell: Green min	Cell: Blue mean	Cell: Blue std dev	Cell: Blue max	Cell: Blue min	Cytoplasm: Red mean	Cytoplasm: Red std dev	Cytoplasm: Red max	Cytoplasm: Red min	Cytoplasm: Green mean	Cytoplasm: Green std dev	Cytoplasm: Green max	Cytoplasm: Green min	Cytoplasm: Blue mean	Cytoplasm: Blue std dev	Cytoplasm: Blue max	Cytoplasm: Blue min	Nucleus/Cell area ratio	Delaunay: Num neighbors	Delaunay: Mean distance	Delaunay: Median distance	Delaunay: Max distance	Delaunay: Min distance	Delaunay: Mean triangle area	Delaunay: Max triangle area
36D_4_FITC.tif	Positive	Positive	PathAnnotationObject	Polygon	147.17	125.06	9.8036	12.8075	0.751	5.4694	2.4041	0.8881	4.4074	119	3.9347	18	0	18	45.4444	1227	6.6756	64	33	31	1.2222	33	2.636	10	0	10	74.8994	33.4463	0.8414	12.6011	8.2854	0.7506	3.5464	4.5651	19	0	23.8918	14.753	64	0	0.3557	1.2012	10	0	3.4072	4.6545	19	0	20.4072	12.5819	45	0	0.2156	0.6687	4	0	0.1219	5	121.4033	56.0994	343.0551	4.9368	1658.4388	3852.5913
36D_4_FITC.tif	Positive	Positive	PathAnnotationObject	Polygon	141.92	131.7	24.3129	21.4657	0.6631	6.9927	5.5878	0.3861	4.0909	270	4.6599	18	0	18	55.4242	3658	13.5987	84	27	57	1.5606	103	2.8508	15	0	15	156.8574	51.0732	0.7557	17.1971	12.6697	0.6997	2.6575	3.4627	18	0	21.4575	18.2161	84	0	0.5225	1.5412	15	0	2.3743	3.1049	14	0	14.7455	9.3618	56	0	0.3174	1.002	6	0	0.1529	3	28.5655	26.4362	54.3237	4.9368	271.2628	685.2796
36D_4_FITC.tif	Positive	Positive	PathAnnotationObject	Polygon	124.5	150.02	14.9015	16.307	0.7042	5.9149	3.6611	0.7957	3.5227	155	4.1791	15	0	15	41.1591	1811	9.2935	64	25	39	1.6364	72	2.8374	10	0	10	168.2296	46.5977	0.9736	16.2081	13.7184	0.4758	2.4664	3.162	18	0	16.4269	11.0124	64	2	0.5406	1.5929	10	0	2.3463	3.0085	18	0	13.615	6.9154	48	2	0.416	1.3331	10	0	0.0905	5	38.5755	31.3719	52.8401	26.4362	492.7692	813.7884
36D_4_FITC.tif	Positive	Positive	PathAnnotationObject	Polygon	481.5	163.56	45.4886	30.692	0.6068	9.8831	6.9364	0.7783	3.3644	397	3.9606	18	0	18	71.4237	8428	17.1725	104	37	67	1.2712	150	2.3594	13	0	13	212.9339	61.7859	0.7009	20.1194	15.8558	0.712	2.3688	3.386	18	0	29.8991	26.3679	104	3	0.4826	1.4939	13	0	2.0937	3.1594	17	0	18.4239	14.0444	94	3	0.2646	1.0494	11	0	0.2134	4	52.5326	18.0661	168.9466	5.0515	196.7496	510.1172
36D_4_FITC.tif	Positive	Positive	PathAnnotationObject	Polygon	490.26	162.23	13.725	15.386	0.7286	6.0147	3.2472	0.8573	5.35	214	4.9591	18	0	18	70.9	2836	17.4324	95	37	58	2.675	107	4.88	23	0	23	79.6051	33.9342	0.8687	13.1248	8.4214	0.7508	2.024	3.1614	18	0	24.8798	26.2089	95	2	0.6779	2.5055	23	0	1.2321	1.8344	8	0	13.9226	12.3458	80	2	0.2024	1.0182	12	0	0.1679	8	92.8258	40.9229	343.0551	5.0515	627.1327	3497.3057
36D_4_FITC.tif	Positive	Positive	PathAnnotationObject	Polygon	313.66	165.28	12.9407	16.6146	0.5891	6.2348	3.0752	0.8888	10.1842	387	8.9559	34	0	34	61.6579	2343	14.389	93	33	60	5.0263	191	7.2912	25	0	25	170.9745	47.4765	0.9532	16.41	13.5396	0.5454	4.0069	4.9608	34	0	22.6468	15.8738	93	2	0.6789	2.6562	25	0	3.4171	3.9355	18	0	18.9221	9.8601	56	2	0.2638	0.8912	6	0	0.0743	7	142.3181	149.7885	173.9171	92.3245	3140.2051	7074.54
36D_4_FITC.tif	Positive	Positive	PathAnnotationObject	Polygon	463.26	169.66	7.8429	11.5173	0.743	4.9084	2.0664	0.8887	8	192	6.0217	20	0	20	60.9583	1463	12.6267	81	36	45	6.2917	151	7.0863	24	0	24	138.8188	42.2258	0.9784	15.0159	11.9071	0.6033	4.2113	4.4421	20	0	22.493	13.8103	81	5	0.707	2.5006	24	0	3.9366	4.1857	18	0	19.7039	8.836	52	5	0.3021	0.8804	6	0	0.0539	5	97.2766	117.2424	172.3412	20.2035	3629.6768	8948.0908
36D_4_FITC.tif	Positive	Positive	PathAnnotationObject	Polygon	594.12	175.42	7.0586	10.125	0.8652	3.9807	2.3364	0.7832	4.8	96	5.4445	20	0	20	45.55	911	13.4848	72	26	46	3.75	75	5.8748	20	0	20	127.0545	40.3477	0.9808	13.489	11.2718	0.5224	3.5292	3.8932	24	0	20.5538	11.8905	72	3	0.6769	2.5634	24	0	3.4459	3.7668	24	0	18.9148	9.7734	68	3	0.4754	2.0456	24	0	0.0508	4	122.7582	115.5798	193.2737	66.5996	2131.6672	3744.2617
36D_4_FITC.tif	Positive	Positive	PathAnnotationObject	Polygon	494.41	176.56	6.6664	10.0823	0.8241	3.8637	2.2404	0.7441	6.2857	132	6.9724	20	0	20	64.3333	1351	16.9243	91	37	54	6.1905	130	6.9182	20	0	20	83.5266	34.0256	0.9066	11.9607	8.7181	0.678	1.576	3.0845	20	0	15.977	18.2504	91	1	1.0184	2.8754	20	0	1.0714	1.7052	8	0	10.7959	7.7954	42	1	0.4643	1.0297	5	0	0.0802	3	14.6596	15.4658	24.5545	3.9584	69.7544	152.9318
36D_4_FITC.tif	Positive	Positive	PathAnnotationObject	Polygon	169.08	178.47	6.2743	9.3837	0.8954	3.7553	2.2391	0.7526	4.8333	87	5.9036	18	0	18	48.1667	867	13.2321	78	33	45	4.1111	74	6.0185	17	0	17	121.1723	39.2693	0.9874	13.6265	11.2718	0.5065	1.8129	2.7075	18	0	16.4258	10.552	78	1	0.5806	2.0028	17	0	1.6267	2.2691	12	0	14.4692	6.4687	37	1	0.363	1.151	8	0	0.0471	9	103.44	66.8208	182.5208	49.0147	3147.6599	11587.0566
36D_4_FITC.tif	Positive	Positive	PathAnnotationObject	Polygon	486.95	178.47	3.9214	7.4527	0.8872	2.5635	2.214	0.3988	3.0833	37	4.033	10	0	10	45.3333	544	10.4649	61	33	28	2.9167	35	4.1222	10	0	10	72.9387	32.6845	0.858	11.4763	7.8922	0.7158	2.4492	3.0199	15	0	21.7647	9.2008	61	3	0.5187	1.5635	10	0	2.4057	2.948	15	0	20.1486	6.5294	42	3	0.3543	1.056	10	0	0.0483	6	33.3877	21.3679	109.9685	3.9584	493.7761	1535.8518
36D_4_FITC.tif	Positive	Positive	PathAnnotationObject	Polygon	120.1	180.69	4.3136	7.7517	0.9021	3.0505	1.6723	0.7981	6.3077	82	5.5435	15	0	15	43.2308	562	11.8824	60	27	33	6.3077	82	5.8364	16	0	16	112.5452	37.7392	0.993	12.7853	11.202	0.4377	2.9343	3.8908	18	0	17.436	7.4557	60	6	0.4879	1.8913	16	0	2.7754	3.7349	18	0	16.221	4.3724	29	6	0.2138	0.7637	5	0	0.0331	5	30.9725	27.7878	49.0147	23.0844	296.6001	745.6436
36D_4_FITC.tif	Positive	Positive	PathAnnotationObject	Polygon	528.48	183.55	13.3329	15.2267	0.7226	5.4689	3.6878	0.7839	5.2162	193	7.4838	33	0	33	61.9189	2291	17.8316	113	29	84	3.9189	145	7.4176	33	0	33	151.7595	44.9011	0.9459	15.4901	12.5243	0.5549	3.7404	4.3247	33	0	23.09	17.2108	113	0	0.617	2.6369	33	0	3.5852	3.831	17	0	19.0085	10.9173	59	0	0.2699	0.8793	7	0	0.0844	5	81.1613	66.5996	162.876	12.2156	2953.936	9369.1289
36D_4_FITC.tif	Positive	Positive	PathAnnotationObject	Polygon	515.68	184.4	16.0779	15.0088	0.8969	5.547	3.5057	0.7429	2.0238	85	3.0161	13	0	13	56.9524	2392	13.2664	91	35	56	1.2619	53	2.8116	13	0	13	155.681	44.8325	0.9733	15.4445	13.1505	0.5058	3.1231	3.5796	18	0	22.4121	15.7285	91	0	0.4724	1.6085	13	0	3.2528	3.622	18	0	18.3371	9.9261	47	0	0.3792	1.3777	11	0	0.0982	6	54.2915	31.968	113.2843	12.2156	482.8286	1535.8518
36D_4_FITC.tif	Positive	Positive	PathAnnotationObject	Polygon	102.79	195.29	12.1564	14.721	0.7049	5.4124	3.2806	0.8473	2.8333	102	3.1758	11	0	11	44.4444	1600	10.6542	68	27	41	1.7222	62	2.7004	9	0	9	117.2509	42.4333	0.8183	15.3548	10.1717	0.7755	2.0662	3.0828	15	0	20.9901	12.2722	68	3	0.5166	1.4935	9	0	1.9624	3.0614	15	0	17.8158	8.4398	45	3	0.3534	1.1603	7	0	0.1026	5	62.6256	23.0844	224.7477	4.0511	221.9266	732.4641
36D_4_FITC.tif	Positive	Positive	PathAnnotationObject	Polygon	106.94	200.05	7.4507	10.2297	0.8947	3.3892	2.9429	0.5382	2.4091	53	2.2606	7	0	7	37	814	4.4078	43	26	17	0	0	0	0	0	0	37.2536	27.8324	0.6043	12.0688	4.302	0.9431	2.22	2.5129	12	0	24.11	11.3225	43	4	0.17	0.7661	5	0	2.1667	2.5908	12	0	20.4744	9.9332	39	4	0.2179	0.8626	5	0	0.1917	3	11.3606	6.0308	23.9998	4.0511	36.6419	60.3434
36D_4_FITC.tif	Positive	Positive	PathAnnotationObject	Polygon	108.45	207.19	15.6857	16.1612	0.7547	5.7944	3.9553	0.7156	3.6889	166	4.3736	13	0	13	65.0222	2926	16.8206	97	35	62	2.7111	122	3.9521	13	0	13	130.9759	43.5771	0.8667	14.7938	11.6274	0.5515	2.8512	3.4618	14	0	27.2113	18.832	97	5	0.9464	2.2784	13	0	2.7216	3.2887	14	0	21.3643	10.5166	55	5	0.6735	1.7518	12	0	0.1174	8	112.0501	121.0082	217.2732	6.0308	2472.5073	6589.6685
36D_4_FITC.tif	Positive	Positive	PathAnnotationObject	Polygon	307.94	254.37	29.0186	25.9875	0.54	9.9056	4.9268	0.8546	4.9518	411	5.8952	24	0	24	49.7952	4133	11.2117	75	27	48	1.9759	164	4.0303	21	0	21	143.1324	45.9798	0.8508	16.7291	11.473	0.6907	3.873	4.2122	24	0	29.8459	13.4596	75	10	0.7568	2.3981	21	0	3.561	3.5344	18	0	24.0767	6.9856	60	10	0.4042	1.4855	11	0	0.2117	4	67.1468	50.1981	160.5448	7.6462	1900.2759	6629.1562
36D_4_FITC.tif	Positive	Positive	PathAnnotationObject	Polygon	317.66	259.03	12.1564	16.3093	0.5743	7.0627	2.2385	0.9543	4.6111	166	5.9631	19	0	19	50.8333	1830	10.9375	74	35	39	4.2222	152	5.7971	19	0	19	103.918	39.7016	0.8285	15.6316	9.1994	0.7933	3.5963	4.2875	19	0	26.7037	12.824	74	3	1.1593	2.8909	19	0	3.4402	3.9621	15	0	22.9915	8.2519	51	3	0.688	1.7111	11	0	0.1045	7	67.05	17.166	172.3412	7.6462	2536.9673	8948.0908
36D_4_FITC.tif	Positive	Positive	PathAnnotationObject	Polygon	305.36	264.81	20.7836	21.0848	0.5875	7.5125	4.2616	0.8295	4.3103	250	5.1985	17	0	17	64.0862	3717	14.5582	102	34	68	1.8621	108	3.3111	17	0	17	92.5459	40.7788	0.6994	14.2591	10.1394	0.796	4.7437	4.2224	17	0	35.2227	20.9114	102	7	0.8319	2.2344	17	0	4.8833	3.8625	14	0	25.9222	12.4324	61	7	0.5	1.6324	11	0	0.2504	7	69.2084	10.0413	163.7277	6.1605	1955.4374	11587.0566
36D_4_FITC.tif	Positive	Positive	PathAnnotationObject	Polygon	316.76	269.38	14.1172	17.6856	0.5672	6.0308	4.4369	0.7531	4.4615	174	6.5287	29	0	29	54.5641	2128	12.713	94	37	57	3.359	131	6.4827	29	0	29	64.7037	31.1682	0.837	10.339	8.8663	0.4967	3.5976	4.5596	29	0	31.8284	16.9667	94	2	1.4911	3.7609	29	0	3.3385	3.7717	20	0	25.0077	11.1414	54	2	0.9308	2.1609	14	0	0.2011	4	7.9581	7.8468	10.4087	5.7303	23.7416	39.2872
36D_4_FITC.tif	Positive	Positive	PathAnnotationObject	Polygon	308.03	273.34	17.2543	20.0908	0.5372	7.9832	3.7016	0.8941	3.9608	202	5.4698	20	0	20	68.2941	3483	15.8016	109	41	68	3.1961	163	5.2384	20	0	20	91.7616	35.303	0.9252	12.7311	9.3711	0.6642	3.021	3.8544	21	0	39.3109	19.0983	109	10	1.0378	2.9098	20	0	2.7647	3.2525	21	0	31.4064	10.222	63	10	0.4492	1.3366	9	0	0.1913	4	39.2429	7.9785	135.2845	5.7303	261.8113	645.3189
36D_4_FITC.tif	Positive	Positive	PathAnnotationObject	Polygon	318.23	277.85	4.7057	7.3357	1	2.4701	2.1818	0	18.4615	240	16.7512	57	0	57	66.6923	867	22.2088	105	45	60	13	169	14.9388	44	0	44	78.8208	32.8707	0.9167	11.9602	8.4339	0.7006	4.2723	6.4731	57	0	21.3515	14.7938	105	3	1.4653	5.0933	44	0	3.2963	3.4652	19	0	18.2328	7.1115	58	3	0.672	1.9125	18	0	0.0438	7	99.611	137.8408	185.9467	7.2478	3819.4807	14231.585
36D_4_FITC.tif	Positive	Positive	PathAnnotationObject	Polygon	659.03	280.53	9.4114	12.8749	0.7135	4.7154	3.1016	0.7349	9.0345	262	4.3792	21	2	19	54.3448	1576	7.3206	75	46	29	0.8966	26	2.2889	10	0	10	146.2695	43.0136	0.9935	14.638	12.8823	0.4448	8.2139	6.1729	27	0	37.9037	9.2974	75	13	0.5321	1.3749	10	0	8.1449	6.3003	27	0	36.5217	8.0413	58	13	0.5014	1.2693	10	0	0.0686	6	118.3416	105.9227	177.8857	73.4521	4317.9419	9369.1289
36D_4_FITC.tif	Positive	Positive	PathAnnotationObject	Polygon	470.27	286.06	3.5293	7.3103	0.8299	2.8507	1.8522	0.6658	8.6667	104	4.7546	17	1	16	50.0833	601	8.118	66	43	23	2.6667	32	4.6384	14	0	14	90.193	34.4586	0.9545	11.9858	9.5685	0.5739	13.2586	8.0675	35	0	34.6293	11.2727	66	7	0.5474	1.6612	14	0	13.5091	8.1423	35	0	33.7864	10.8133	54	7	0.4318	1.2533	11	0	0.0395	8	112.2804	114.5006	228.9342	7.381	3624.6067	14231.585
36D_4_FITC.tif	Positive	Positive	PathAnnotationObject	Polygon	476.05	291.48	7.0586	9.7643	0.9303	3.6501	2.3614	0.7575	21	420	6.4645	31	12	19	51.75	1035	2.3368	56	47	9	0.1	2	0.4472	2	0	2	67.0565	32.9233	0.7774	12.5007	7.8665	0.8168	19.2343	6.76	34	3	41.3886	8.746	56	15	0.3429	1.1332	10	0	19.0065	6.7838	34	3	40.0516	8.3672	56	15	0.3742	1.1906	10	0	0.0895	4	100.7855	84.4548	229.4217	4.8106	4313.7222	16077.71
36D_4_FITC.tif	Positive	Positive	PathAnnotationObject	Polygon	482.99	292.48	4.3136	7.6439	0.9277	3.0235	1.7669	0.7981	29.5	354	6.9085	40	17	23	50.5	606	4.7386	64	46	18	1.1667	14	2.8551	10	0	10	77.2523	33.8298	0.8482	12.375	7.8163	0.7689	17.9109	8.7793	42	0	40.6881	6.4343	64	24	0.401	1.2187	10	0	17.1789	8.3742	42	0	40.0684	6.0185	57	24	0.3526	1.0322	6	0	0.0491	8	112.327	136.7203	177.8857	4.8106	3352.0405	9369.1289
36D_4_FITC.tif	Positive	Positive	PathAnnotationObject	Polygon	719.11	322.75	4.7057	8.8161	0.7608	3.2475	1.9765	0.8115	12.2941	209	6.0701	24	4	20	61.2353	1041	10.0532	84	49	35	2.7059	46	5.9975	17	0	17	119.6038	38.8855	0.994	13.2803	11.808	0.415	6.4788	5.4132	24	0	36.7264	9.1099	84	11	0.5375	1.9706	17	0	6.1379	5.1846	24	0	35.2897	6.6986	59	11	0.4103	1.3519	12	0	0.0401	4	82.9273	62.7273	193.2737	12.981	1335.4056	1908.3134
36D_4_FITC.tif	Positive	Positive	PathAnnotationObject	Polygon	725.79	333.91	3.5293	6.5647	1	2.4939	1.6053	0.7613	13.6	136	10.3193	38	2	36	57.2	572	17.0672	93	38	55	10.2	102	11.7644	38	0	38	106.663	36.6698	0.9968	12.3995	11.2021	0.3801	4.3663	4.4048	38	0	20.7509	10.4514	93	3	0.8462	3.0879	38	0	4.0152	3.6203	17	0	19.365	7.1246	39	3	0.4905	1.2955	7	0	0.0223	4	37.2966	42.8512	50.503	12.981	300.6976	499.5825
36D_4_FITC.tif	Positive	Positive	PathAnnotationObject	Polygon	622.96	356.31	5.49	7.6397	1	2.5926	2.3275	0.1964	10.6429	149	6.4164	20	2	18	49.5714	694	6.1733	64	40	24	1	14	2.9089	11	0	11	110.9766	37.4899	0.9922	12.3376	11.2718	0.1159	9.8521	5.5528	27	0	28.6373	9.8533	64	10	0.331	1.2981	11	0	9.8111	5.5149	27	0	27.5519	8.7354	61	10	0.2963	1.1573	8	0	0.0372	7	91.9563	78.5389	155.2225	64.9395	3574.5669	9044.6367
36D_4_FITC.tif	Positive	Positive	PathAnnotationObject	Polygon	191.29	359.3	9.4114	11.3573	0.9169	4.3674	2.7802	0.7473	7.8077	203	3.7312	20	1	19	52.1538	1356	6.8743	71	42	29	1.4231	37	2.564	12	0	12	121.5645	40.3599	0.9378	14.5234	10.5985	0.6778	4.4373	4.7228	27	0	26.7235	15.0524	80	4	0.6141	2.1535	20	0	4.1298	4.689	27	0	24.4035	13.3623	80	4	0.5404	2.102	20	0	0.074	8	78.2755	37.9726	182.5208	11.6547	2907.7317	11587.0566
36D_4_FITC.tif	Positive	Positive	PathAnnotationObject	Polygon	203.45	360.23	29.0186	22.2622	0.7358	7.1818	5.9083	0.6407	8.8987	703	6.5937	28	0	28	69.1013	5459	8.395	88	46	42	1.519	120	2.8504	14	0	14	103.918	40.2975	0.8042	14.3419	10.0852	0.6962	5.9407	5.3921	28	0	45.7407	19.9475	88	10	0.7963	2.0818	14	0	4.7173	4.2629	20	0	36.0785	14.6172	69	10	0.4974	1.5791	11	0	0.2806	4	8.6253	8.017	12.8609	5.6062	22.8373	38.0814
36D_4_FITC.tif	Positive	Positive	PathAnnotationObject	Polygon	211.91	363.12	18.0386	17.4945	0.7406	7.1221	3.5185	0.8656	7.62	381	5.9724	23	0	23	64.06	3203	6.1059	78	48	30	0.68	34	1.463	6	0	6	113.3295	41.5157	0.8263	16.1754	8.9771	0.8355	6.466	5.1659	23	0	47.4966	13.698	78	20	0.4218	1.3344	10	0	6.2295	4.9654	21	0	44.1025	12.2764	68	20	0.3689	1.3034	10	0	0.1711	8	82.0921	99.047	147.9666	5.6062	1939.3429	10066.8193
36D_4_FITC.tif	Positive	Positive	PathAnnotationObject	Polygon	687.52	363.99	7.0586	10.5428	0.798	4.1927	2.1995	0.8241	6.1	122	5.428	16	0	16	59.5	1190	4.478	67	53	14	0.25	5	0.7864	3	0	3	129.4073	40.5208	0.9904	14.1318	11.8079	0.5191	8.1511	5.6355	22	0	45.719	10.441	72	10	0.3625	1.2798	9	0	8.283	5.6314	22	0	44.8328	10.0885	72	10	0.3698	1.3057	9	0	0.0526	8	45.9658	45.393	88.2805	20.905	897.5416	2584.8154
36D_4_FITC.tif	Positive	Positive	PathAnnotationObject	Polygon	198.23	368.28	17.6465	20.264	0.54	8.1998	3.7529	0.9397	9.3878	460	7.271	31	0	31	95.3469	4672	17.0545	128	67	61	6.3673	312	7.6341	31	0	31	92.1537	37.9621	0.8036	14.2902	9.7306	0.7341	5.3849	5.4219	31	0	46.7071	29.7819	128	11	1.4393	4.2943	31	0	4.3526	4.2857	20	0	34.1632	16.4773	86	11	0.1684	0.7075	6	0	0.1842	4	12.1534	9.1076	24.0393	6.359	68.6699	139.6729
36D_4_FITC.tif	Positive	Positive	PathAnnotationObject	Polygon	715.34	367.8	7.4507	11.3299	0.7294	4.1323	2.3896	0.7786	11.75	282	4.4453	23	4	19	59.7083	1433	6.2726	71	48	23	0.9167	22	1.6129	5	0	5	98.428	37.9699	0.8579	12.9671	9.938	0.6501	14.0238	6.6793	37	1	41.4841	10.553	71	16	0.5079	1.4681	8	0	14.2632	6.8355	37	1	39.5658	8.9635	66	16	0.4649	1.4492	8	0	0.0787	5	17.9102	14.1857	36.9211	4.3804	119.8117	499.5825
36D_4_FITC.tif	Positive	Positive	PathAnnotationObject	Polygon	205.84	373.92	5.8822	9.1033	0.892	3.5072	2.2508	0.6125	7.2941	124	5.52	16	0	16	69.1765	1176	8.2933	83	59	24	3.2353	55	4.4375	16	0	16	69.4094	30.9573	0.9101	10.9065	8.3336	0.5805	8.7095	5.8927	26	0	46.6536	10.1429	83	23	1.1006	2.5198	16	0	8.858	5.927	26	0	44.2901	6.9082	70	23	0.8765	2.1287	16	0	0.0774	6	26.7417	17.9165	54.4871	6.359	181.8889	640.5771
36D_4_FITC.tif	Positive	Positive	PathAnnotationObject	Polygon	712.79	374.58	5.49	9.4991	0.7646	3.5581	1.9455	0.906	23.4375	375	4.7465	32	18	14	60.3125	965	4.1908	71	55	16	0.75	12	1.8797	7	0	7	34.5086	26.1221	0.6355	9.3344	6.5776	0.7642	19.7609	6.2536	32	4	45.7609	10.5958	71	23	0.5435	1.2874	7	0	18.9868	6.2812	31	4	42.6974	8.8333	56	23	0.5	1.1372	5	0	0.134	3	6.0608	4.3804	11.0589	2.7431	12.6476	19.0675
36D_4_FITC.tif	Positive	Positive	PathAnnotationObject	Polygon	707.4	372.38	3.1371	6.4485	0.948	2.4366	1.7391	0.5477	23.4	234	4.8808	30	17	13	58.4	584	3.8355	64	55	9	1.4	14	1.8974	5	0	5	38.4301	25.0564	0.7692	10.4212	5.2252	0.865	12.9	7.4257	30	0	52.88	4.3676	64	43	0.35	0.9679	5	0	11.7333	6.7204	26	0	52.2667	3.991	64	43	0.2333	0.7352	4	0	0.077	5	10.1559	6.7545	23.5037	2.7431	37.8827	70.2601
36D_4_FITC.tif	Positive	Positive	PathAnnotationObject	Polygon	702.9	377.46	3.1371	8.2055	0.5855	3.3233	1.6131	0.866	19.3077	251	4.6795	27	12	15	59.0769	768	5.469	75	54	21	1.6923	22	3.9662	14	0	14	94.5066	36.317	0.9004	13.1548	9.1726	0.6962	11.6516	6.2385	28	0	51.2254	6.6681	75	34	0.6066	1.6632	14	0	11.2208	6.0396	28	0	50.7836	6.4603	68	34	0.5455	1.4253	9	0	0.0409	4	20.2624	16.6852	41.2963	6.3827	190.4187	421.1769
36D_4_FITC.tif	Positive	Positive	PathAnnotationObject	Polygon	182.91	382.6	12.1564	15.1719	0.6636	5.3553	4.0755	0.6966	2.7179	106	3.5685	12	0	12	51.3846	2004	8.8366	70	37	33	1	39	2.1151	10	0	10	128.2309	41.8499	0.9201	14.5486	10.855	0.6596	3.5502	3.8845	17	0	31.1976	10.7008	70	13	0.5684	1.4782	11	0	3.6621	3.9173	17	0	28.4828	7.5698	52	13	0.5103	1.365	11	0	0.1089	6	27.1667	25.6549	50.6903	7.0478	232.7361	640.5771
36D_4_FITC.tif	Positive	Positive	PathAnnotationObject	Polygon	714.7	383.41	3.9214	7.1181	0.9726	2.438	2.1106	0.6575	20.6667	248	5.0692	28	12	16	61.8333	742	14.6525	86	45	41	7.4167	89	7.9023	23	0	23	103.918	36.4613	0.9823	12.3996	10.7294	0.4054	15.5281	7.713	33	0	28.9251	12.7171	86	4	0.7528	2.5069	23	0	15.2863	7.7384	33	0	27.3765	10.3197	57	4	0.4392	1.2963	9	0	0.0331	9	45.1823	47.2215	111.0365	11.0589	226.206	772.9819
36D_4_FITC.tif	Positive	Positive	PathAnnotationObject	Polygon	176.92	390.03	10.1957	12.0352	0.8846	4.3135	3.1839	0.6171	1.6333	49	2.2358	7	0	7	50.2667	1508	7.2964	66	35	31	0.6333	19	1.3515	5	0	5	109.8002	39.4396	0.887	14.1839	10.0368	0.7073	2.7057	3.0701	17	0	33.117	12.6411	66	9	0.6596	1.7447	14	0	2.8333	3.1338	17	0	31.0754	11.5503	62	9	0.6627	1.7879	14	0	0.0925	6	28.1047	22.5483	48.7768	7.0478	199.1793	424.0862
36D_4_FITC.tif	Positive	Positive	PathAnnotationObject	Polygon	153.45	391.52	9.8036	12.0302	0.8512	4.6417	2.9836	0.749	5.1852	140	6.4928	22	0	22	49.3704	1333	12.438	86	33	53	2.5556	69	4.7339	22	0	22	136.4659	41.8538	0.979	14.5187	12.4072	0.4614	2.6218	3.6318	22	0	21.1862	10.8993	86	3	0.3381	1.5849	22	0	2.4068	3.2071	15	0	18.823	6.6212	41	3	0.1522	0.678	6	0	0.0692	9	46.2716	29.9127	191.4102	12.8229	1027.8715	4298.7739
36D_4_FITC.tif	Positive	Positive	PathAnnotationObject	Polygon	162.89	400.63	3.1371	7.7277	0.6601	3.2422	1.5372	0.8295	7.6364	84	5.5186	16	0	16	44.0909	485	7.3547	59	35	24	2	22	3.6878	10	0	10	50.5865	27.4681	0.8425	9.8672	7.0315	0.7019	2.3258	3.6872	16	0	24.5227	10.6064	59	6	0.4697	1.6459	11	0	1.843	3.0795	13	0	22.7438	8.9448	53	6	0.3306	1.2609	11	0	0.0625	5	11.4394	11.0058	20.3178	3.4674	55.6784	149.0636
36D_4_FITC.tif	Positive	Positive	PathAnnotationObject	Polygon	155.42	406.3	20.7836	18.5528	0.7588	6.7767	4.4056	0.8357	3.3103	192	3.9657	14	0	14	62.7241	3638	13.454	95	30	65	1.5345	89	2.9748	12	0	12	91.7616	42.9698	0.6245	16.5979	8.4454	0.9024	2.1814	3.1036	14	0	33.8059	20.8858	95	4	0.5105	1.7746	12	0	1.8156	2.6805	13	0	24.4358	12.6336	60	4	0.1788	0.943	9	0	0.2322	5	8.7385	9.4482	12.4647	4.3702	22.7729	42.2121
36D_4_FITC.tif	Positive	Positive	PathAnnotationObject	Polygon	673.43	401.92	5.0979	8.98	0.7944	3.5573	1.6952	0.8473	5.4667	82	5.139	17	0	17	58.4	876	7.7257	72	47	25	2.8	42	4.0036	11	0	11	76.8601	33.7324	0.8488	12.3408	8.2656	0.7333	9.1005	6.9143	30	0	40.3216	10.6119	72	11	0.5829	1.7062	11	0	9.3967	6.9668	30	0	38.8478	9.3971	59	11	0.4022	1.2197	9	0	0.0474	7	38.4009	41.2963	67.6563	4.4694	418.1308	1317.9341
36D_4_FITC.tif	Positive	Positive	PathAnnotationObject	Polygon	150.31	403.17	5.49	8.2688	1	2.9407	2.2961	0.4503	1.7143	24	2.9464	10	0	10	47.5	665	5.5574	56	34	22	1.0714	15	1.3281	4	0	4	50.5865	28.0061	0.8105	11.0395	6.3591	0.8147	4.1298	4.7042	21	0	29.2366	13.1447	56	8	0.4046	0.9428	6	0	4.4188	4.7999	21	0	27.0513	12.0458	54	8	0.3248	0.8593	6	0	0.0824	4	9.3079	10.0192	12.8229	4.3702	36.7894	68.3582
36D_4_FITC.tif	Positive	Positive	PathAnnotationObject	Polygon	166.97	404.44	7.4507	10.6818	0.8206	4.1949	2.4833	0.7449	3.625	87	3.1734	10	0	10	52.25	1254	10.8838	70	30	40	2.9167	70	3.0491	10	0	10	39.6065	24.6439	0.8195	9.3271	4.9969	0.8276	2.7524	3.128	11	0	24.5048	17.6913	70	5	0.9048	2.0073	10	0	2.4938	3.0868	11	0	16.284	8.5706	44	5	0.3086	0.9955	5	0	0.1875	5	16.4121	9.4482	41.5884	3.4674	127.0967	424.0862
36D_4_FITC.tif	Positive	Positive	PathAnnotationObject	Polygon	667.39	407.09	7.8429	10.9246	0.8258	4.2772	2.4668	0.7665	14.5909	321	7.6697	28	3	25	71.6818	1577	13.318	101	49	52	4.2727	94	6.0646	21	0	21	96.8594	36.8447	0.8966	13.3592	9.4822	0.6934	8.4739	6.6296	28	0	39.2691	14.0903	101	6	0.7349	2.4017	21	0	7.8811	6.2265	26	0	36.1278	9.4446	61	6	0.3921	1.2553	9	0	0.0764	4	29.8137	23.7664	67.2528	4.4694	212.2005	598.0016
36D_4_FITC.tif	Positive	Positive	PathAnnotationObject	Polygon	114.4	407.42	13.725	14.151	0.8613	4.9526	3.8691	0.6125	3.0256	118	4.5101	19	0	19	52.7179	2056	14.4185	84	28	56	2.8205	110	4.0902	13	0	13	161.9552	45.6776	0.9754	15.4324	13.7225	0.4384	2.8551	3.5814	19	0	20.6425	13.4165	84	4	0.6715	1.8262	13	0	2.8373	3.4776	18	0	17.3067	7.6947	50	4	0.448	1.2046	7	0	0.0835	4	81.1673	53.9845	201.8912	14.8091	2740.9912	6589.6685
36D_4_FITC.tif	Positive	Positive	PathAnnotationObject	Polygon	142.76	407.89	9.4114	11.5828	0.8815	4.7519	2.4547	0.8316	2.24	56	3.4795	11	0	11	47.76	1194	9.3152	64	34	30	1.8	45	3.3912	11	0	11	117.2509	38.9903	0.9692	13.2146	11.2718	0.4092	1.7807	2.8645	13	0	21.6312	10.8989	64	1	0.6312	1.7721	11	0	1.7391	2.806	13	0	19.2645	7.3706	55	1	0.5254	1.5122	11	0	0.0734	5	15.2726	15.5521	20.5362	9.0326	56.2313	104.5867
36D_4_FITC.tif	Positive	Positive	PathAnnotationObject	Polygon	164.37	413.45	40.3908	29.7374	0.574	10.3527	7.0982	0.652	3.1389	339	3.639	15	0	15	57.7222	6234	12.5384	95	26	69	1.3981	151	2.805	14	0	14	185.0917	57.179	0.7114	20.3589	14.637	0.7424	3.3755	3.7358	16	0	30.0443	18.0209	95	5	0.5127	1.6492	14	0	3.4454	3.7659	16	0	21.877	9.011	59	5	0.2514	0.9578	7	0	0.2179	6	26.9436	27.8765	50.2321	7.1275	178.7756	594.1676
36D_4_FITC.tif	Positive	Positive	PathAnnotationObject	Polygon	128.35	411.13	7.0586	9.4368	0.996	3.3196	2.613	0.4761	5.2	104	5.7455	17	0	17	46.9	938	8.8609	65	34	31	2.3	46	4.2809	16	0	16	124.3095	39.5274	0.9998	13.1183	11.8981	0.3259	1.7075	3.0046	17	0	21.3585	9.9169	65	3	0.5346	1.529	16	0	1.4732	2.5783	12	0	19.6443	7.2846	48	3	0.4161	1.0483	7	0	0.0459	6	42.7826	33.4358	79.9024	14.8091	447.9097	1568.889
36D_4_FITC.tif	Positive	Positive	PathAnnotationObject	Polygon	48.85	415.08	18.0386	19.1438	0.6185	7.3061	3.5758	0.8431	4.3962	233	4.4477	18	0	18	60.7547	3220	19.2103	101	29	72	1.5283	81	2.991	11	0	11	189.7974	50.2624	0.9441	17.3779	13.3703	0.5952	3.5134	4.0649	18	0	27.1588	16.0144	101	7	0.4	1.4449	11	0	3.4051	4.0076	18	0	23.037	9.3622	56	7	0.2616	1.0436	9	0	0.0945	5	148.252	154.1809	224.7477	65.4978	2264.6174	6589.6685
36D_4_FITC.tif	Positive	Positive	PathAnnotationObject	Polygon	661.44	422.37	6.2743	10.9505	0.6575	4.1494	2.2335	0.8575	7.4	148	5.5668	17	0	17	59.95	1199	14.6269	91	36	55	2.15	43	3.5729	14	0	14	86.2716	34.9222	0.8889	13.2959	8.4328	0.7783	5.3408	5.0565	23	0	28.6861	13.9788	91	2	0.3946	1.4131	14	0	5.1379	4.9723	23	0	25.6059	9.3978	62	2	0.2217	0.8115	5	0	0.0765	8	46.3746	36.9013	131.7205	4.95	997.4843	4809.1089
36D_4_FITC.tif	Positive	Positive	PathAnnotationObject	Polygon	216.64	425.11	17.6465	18.4479	0.6516	6.842	4.0374	0.8206	5	255	4.7117	14	0	14	70.6863	3605	14.3826	101	46	55	2.2549	115	3.492	14	0	14	135.2895	45.4341	0.8236	16.7127	11.7394	0.7141	6.8876	6.406	30	0	33.1009	18.9076	101	8	0.6196	1.7715	14	0	7.2128	6.6065	30	0	26.625	9.8963	63	8	0.3378	1.0353	8	0	0.1305	6	43.2083	35.9165	110.7449	5.3131	750.3501	3174.3105
36D_4_FITC.tif	Positive	Positive	PathAnnotationObject	Polygon	208.64	424.37	7.8429	10.8427	0.8383	3.8908	2.9472	0.6687	8.7273	192	5.7585	25	3	22	70.7727	1557	14.8675	99	48	51	4.3182	95	5.727	23	0	23	43.5279	28.2376	0.686	11.8608	5.2641	0.9111	8.5043	6.594	28	0	41.6261	17.5951	99	19	1.1217	3.0324	23	0	8.4516	6.804	28	0	34.7312	9.0532	61	19	0.3656	0.9416	4	0	0.1682	6	29.6429	31.891	54.2976	3.7745	220.6425	640.5771
36D_4_FITC.tif	Positive	Positive	PathAnnotationObject	Polygon	663.43	428.81	20.3915	18.9067	0.7168	7.1284	3.6944	0.8789	7.7018	439	6.732	28	0	28	96.2105	5484	14.4417	122	63	59	2.0702	118	3.8723	17	0	17	76.0758	40.1044	0.5944	16.3888	6.4383	0.9436	7.56	6.8448	28	0	53.68	31.231	122	17	0.675	2.2727	17	0	7.5035	6.9118	25	0	36.7273	16.4056	93	17	0.1189	0.4819	3	0	0.2594	3	5.5135	4.95	7.451	4.1397	6.8281	10.0667
36D_4_FITC.tif	Positive	Positive	PathAnnotationObject	Polygon	206.39	429.74	3.9214	7.0557	0.9899	2.5137	1.7621	0.5923	12.9091	142	5.5219	25	6	19	54.5455	600	11.9864	77	39	38	6.8182	75	6.4159	21	0	21	58.8215	30.2192	0.8094	11.5467	6.6498	0.8263	9.6993	8.3225	36	0	23.6601	12.2174	77	4	0.6275	2.4492	21	0	9.4507	8.464	36	0	21.2676	8.3987	46	4	0.1479	0.5705	3	0	0.0562	4	8.9418	10.0346	11.9237	3.7745	31.4173	63.4226
36D_4_FITC.tif	Positive	Positive	PathAnnotationObject	Polygon	196	432.44	19.6072	20.5884	0.5813	7.51	4.855	0.8009	27.8727	1533	6.7551	39	13	26	52.2182	2872	9.3565	72	37	35	1.0909	60	2.093	8	0	8	168.6217	47.3941	0.9434	16.4553	13.4183	0.5685	11.706	10.1015	39	0	28.9699	12.3319	72	4	0.3958	1.3447	13	0	9.3475	8.1612	36	0	25.5782	8.4353	54	4	0.2944	1.1673	13	0	0.1219	7	26.0091	15.0053	47.3894	11.52	178.527	424.0862
36D_4_FITC.tif	Positive	Positive	PathAnnotationObject	Polygon	658.99	437.46	26.2736	26.2241	0.4801	10.4733	3.7861	0.9492	6.5135	482	6.4495	24	0	24	67.027	4960	6.8105	82	45	37	0.5946	44	1.4797	8	0	8	99.6044	38.2596	0.8551	13.4365	9.8524	0.6269	5.8516	5.2208	24	0	44.1484	19.8702	82	13	0.3633	1.15	8	0	5.5824	4.6229	21	0	34.8462	15.3795	76	13	0.2692	0.9743	8	0	0.2809	8	14.1202	9.7172	42.84	5.0911	40.9031	127.535
36D_4_FITC.tif	Positive	Positive	PathAnnotationObject	Polygon	666.07	433.11	5.0979	8.2331	0.9451	2.8797	2.2945	0.4867	4.4	66	3.019	8	0	8	76.6	1149	9.4778	89	61	28	1.6	24	2.5014	7	0	7	12.1564	17.5217	0.4976	7.6318	2.8216	0.9383	4.6	4.4735	17	0	52.3429	26.1094	89	15	0.6857	1.795	7	0	4.75	5.3888	17	0	34.15	18.4598	80	15	0	0	0	0	0.3484	6	13.6775	7.2204	30.9046	4.1397	28.7795	58.7977
36D_4_FITC.tif	Positive	Positive	PathAnnotationObject	Polygon	669.8	437.92	14.1172	14.798	0.8101	5.4465	3.7177	0.7257	13.3488	574	5.6056	25	2	23	73.5116	3161	13.3619	97	45	52	1.8837	81	4.0427	18	0	18	70.978	32.4319	0.848	11.0258	8.9214	0.6145	8.0214	6.1232	25	0	35.5294	26.1	97	3	0.5455	2.1281	18	0	6.4306	5.3345	23	0	24.1875	16.4397	69	3	0.1458	0.6254	5	0	0.2043	5	24.8465	6.0125	72.5648	4.951	181.5066	701.3663
36D_4_FITC.tif	Positive	Positive	PathAnnotationObject	Polygon	207.92	440.9	18.0386	18.7198	0.6469	7.531	3.5054	0.9251	4.2745	218	3.5104	13	0	13	54.9412	2802	11.2542	76	35	41	1.1176	57	2.1508	9	0	9	149.0145	45.1932	0.9168	15.8029	12.2757	0.6204	5.8168	5.2063	22	0	28.7277	13.4707	76	7	0.6047	1.5295	9	0	6.0544	5.3855	22	0	24.6888	8.2313	49	7	0.5257	1.3975	9	0	0.1219	6	47.3092	15.1819	117.0195	9.688	304.6053	947.5934
36D_4_FITC.tif	Positive	Positive	PathAnnotationObject	Polygon	532.69	441.41	3.9214	7.7047	0.8301	3.0153	1.6477	0.8924	7.75	93	4.7122	17	0	17	50.5833	607	7.0641	64	41	23	2.5	30	2.8123	7	0	7	64.3115	31.6322	0.8077	12.7012	6.6855	0.8414	7.3593	5.2034	20	0	29.6707	8.3547	64	12	0.521	1.405	8	0	7.329	5.2522	20	0	28.0516	5.9126	42	12	0.3677	1.1109	8	0	0.0526	9	98.9713	99.2681	158.2571	3.1003	2349.0842	9044.6367
36D_4_FITC.tif	Positive	Positive	PathAnnotationObject	Polygon	661.41	449.2	37.6458	33.4371	0.4231	12.29	4.795	0.9294	6.96	696	5.3218	27	0	27	90.76	9076	23.3425	148	45	103	2.39	239	3.4638	13	0	13	159.2103	51.0468	0.7678	17.2614	14.2922	0.553	5.6765	5.0504	27	0	50.637	28.3933	148	15	0.7407	2.0379	13	0	5.2557	4.8943	24	0	37.482	13.811	92	15	0.2	0.6509	4	0	0.2364	4	15.5622	10.6927	33.7804	7.0831	68.0882	111.8672
36D_4_FITC.tif	Positive	Positive	PathAnnotationObject	Polygon	526.99	445.1	8.235	11.3951	0.797	4.0218	3.157	0.6548	4.92	123	3.5814	11	0	11	55.4	1385	6.5574	66	42	24	0.96	24	1.8138	7	0	7	96.8594	38.6561	0.8145	14.0671	9.0239	0.7608	8.5304	5.5559	23	0	31.4858	11.004	66	13	0.5142	1.3964	9	0	8.9369	5.597	23	0	28.7928	7.6248	52	13	0.464	1.3373	9	0	0.0872	7	113.009	93.0619	204.6549	3.1003	4025.4092	16077.71
36D_4_FITC.tif	Positive	Positive	PathAnnotationObject	Polygon	669.42	444.5	3.1371	5.71	1	2.1478	1.476	0.5809	16.25	130	6.3415	30	10	20	61.375	491	9.5459	78	47	31	3.25	26	4.7132	14	0	14	26.6658	19.2806	0.9014	7.1324	4.6858	0.7757	4.4225	5.5874	30	0	29.4648	15.7705	78	12	0.9155	2.377	14	0	2.9206	3.2194	12	0	25.4127	11.0653	58	12	0.619	1.7545	7	0	0.0764	5	27.1204	8.6574	76.2093	4.951	206.8919	772.9819
36D_4_FITC.tif	Positive	Positive	PathAnnotationObject	Polygon	199.19	447.86	9.8036	13.386	0.6875	5.6356	2.1846	0.9209	31.2963	845	12.0665	55	9	46	52.4815	1417	10.664	76	39	37	2.3704	64	3.9433	12	0	12	124.7016	40.5127	0.9548	14.2981	11.1991	0.6429	13.1672	10.6424	55	0	30.0883	10.2968	76	10	0.5678	1.719	12	0	11.4793	8.7851	43	0	28.0034	7.3816	49	10	0.4	1.2249	9	0	0.0671	8	106.5416	101.396	293.7121	9.688	698.7422	1971.8964
36D_4_FITC.tif	Positive	Positive	PathAnnotationObject	Polygon	654.78	456.91	5.49	8.6521	0.9216	3.1855	2.207	0.7988	20.4	306	16.1015	54	0	54	95.4	1431	26.5082	145	60	85	13.1333	197	16.5048	50	0	50	89.4087	35.0522	0.9145	12.9779	8.9606	0.715	7.6826	7.5257	54	0	38.9391	19.3033	145	14	1.2391	5.3235	50	0	6.7953	5.6141	25	0	35	10.6644	66	14	0.4093	1.3774	10	0	0.0512	5	20.94	23.761	26.3399	10.6083	107.3079	244.5997
36D_4_FITC.tif	Positive	Positive	PathAnnotationObject	Polygon	326.05	460.33	14.5093	20.0245	0.4547	5.8827	4.4609	0.5786	40.814	1755	7.3363	54	28	26	68.1163	2929	2.6745	74	62	12	0.3023	13	0.8873	4	0	4	93.7223	37.8763	0.8209	14.5012	9.8178	0.706	32.1434	9.9588	55	1	57.9631	8.8937	75	27	0.332	1.1113	9	0	30.2886	9.4645	55	1	55.791	8.2278	75	27	0.3383	1.1554	9	0	0.1503	8	129.3552	178.0872	229.4217	4.8351	4984.3472	16077.71
36D_4_FITC.tif	Positive	Positive	PathAnnotationObject	Polygon	317.31	460.65	8.6272	13.4573	0.5986	5.0193	2.7305	0.8325	36.4231	947	8.2519	56	22	34	68.1154	1771	3.011	78	63	15	0.9231	24	2.3987	9	0	9	68.6251	30.7802	0.9102	10.7443	8.474	0.5637	31.1061	8.1733	56	7	56.8436	12.6401	78	22	0.257	1.147	9	0	30.2026	7.8341	53	7	54.9281	12.6564	75	22	0.1438	0.711	6	0	0.1305	6	94.7635	112.8024	185.4035	4.7711	2482.0203	10066.8193
36D_4_FITC.tif	Positive	Positive	PathAnnotationObject	Polygon	318.63	468.67	7.8429	10.5528	0.885	3.5822	2.9152	0.4482	37.6364	828	14.1675	68	19	49	69.6364	1532	4.6756	80	59	21	0.5	11	1.3715	6	0	6	45.4886	26.0849	0.8401	8.7483	7.2564	0.5606	23.437	13.9482	69	0	50.2857	13.0671	80	27	0.3445	1.153	8	0	20.2165	11.7706	69	0	45.8969	9.9911	70	27	0.3093	1.1027	8	0	0.1706	5	50.8729	5.5003	122.8896	4.1841	151.6322	461.8757
36D_4_FITC.tif	Positive	Positive	PathAnnotationObject	Polygon	326.13	469.76	5.49	8.2013	1	3.0955	2.1792	0.6521	42.9333	644	8.022	59	35	24	71.7333	1076	8.4808	88	63	25	2.1333	32	3.9073	12	0	12	54.5079	27.4761	0.9073	10.743	7.3337	0.7079	25.3592	11.4522	59	3	52.6408	9.7452	88	35	0.6127	1.7253	12	0	23.2835	9.925	48	3	50.3858	7.0543	67	35	0.4331	1.1519	7	0	0.0863	4	76.1167	66.1851	167.9125	4.1841	603.9421	1971.8964
36D_4_FITC.tif	Positive	Positive	PathAnnotationObject	Polygon	639.51	470.88	5.49	9.5686	0.7535	3.6122	2.3969	0.7106	27.7059	471	5.8605	35	14	21	61.8235	1051	6.4054	77	54	23	1.0588	18	2.3041	9	0	9	45.4886	27.3815	0.7624	10.0026	7.506	0.6385	10.4262	9.4343	35	0	35.3197	17.6833	77	6	0.3607	1.0762	9	0	7.6286	6.4469	27	0	31.0286	14.9695	65	6	0.2476	0.6619	3	0	0.1198	6	22.5171	16.0354	53.7588	2.9858	56.7019	127.535
36D_4_FITC.tif	Positive	Positive	PathAnnotationObject	Polygon	644	476.11	6.2743	9.8554	0.8118	3.3761	2.6856	0.6017	21.4737	408	2.9509	25	15	10	58.8947	1119	3.23	64	54	10	0.1579	3	0.6882	3	0	3	65.488	30.868	0.8637	12.2973	7.38	0.7688	13.2529	5.5864	25	0	46.7706	8.0008	74	26	0.3176	1.3342	15	0	12.2185	4.9476	25	0	45.245	7.0644	74	26	0.3377	1.3947	15	0	0.1005	7	14.0959	14.3183	23.761	2.9858	73.2261	244.5997
36D_4_FITC.tif	Positive	Positive	PathAnnotationObject	Polygon	635.89	474.91	5.0979	9.0698	0.7788	3.5521	1.9602	0.802	16.375	262	4.5589	27	11	16	59.5625	953	7.0235	79	51	28	1.25	20	3.5496	14	0	14	25.8815	26.0151	0.4806	11.9215	2.8934	0.9719	11.4058	6.2056	27	1	40.1594	17.7744	79	9	0.4493	1.7949	14	0	9.9057	5.8713	26	1	34.3019	15.7512	56	9	0.2075	0.567	2	0	0.1791	3	4.4059	4.6394	5.1314	3.447	3.7616	5.162
36D_4_FITC.tif	Positive	Positive	PathAnnotationObject	Polygon	631.07	479.24	16.47	16.8908	0.7254	6.7283	3.5261	0.8663	5.8261	268	3.7965	13	0	13	59.2826	2727	5.8714	70	41	29	0.8478	39	1.897	9	0	9	123.9173	42.7062	0.8538	16.0724	11.3539	0.6921	6.4451	4.9299	20	0	40.4702	13.0482	70	10	0.373	1.0998	9	0	6.5495	5.0945	20	0	37.3004	11.109	65	10	0.293	0.8798	5	0	0.1374	8	32.1258	15.1066	107.8708	4.6394	590.5916	3243.0889
36D_4_FITC.tif	Positive	Positive	PathAnnotationObject	Polygon	664.1	480.19	6.2743	8.9258	0.9896	3.2416	2.2124	0.7251	2.6471	45	2.0899	7	0	7	60.1176	1022	3.7564	65	53	12	0.9412	16	1.676	6	0	6	80.7816	33.354	0.9125	11.9079	8.57	0.6847	6.9904	6.5342	32	0	35.3846	14.0886	67	8	0.5144	1.4039	8	0	7.377	6.6566	32	0	33.1832	12.4682	67	8	0.4764	1.3758	8	0	0.0667	7	35.3562	26.3399	111.0365	4.6794	217.3961	772.9819
36D_4_FITC.tif	Positive	Positive	PathAnnotationObject	Polygon	651.07	484.76	24.705	24.4343	0.52	8.6398	5.4553	0.8412	6.0615	394	4.8214	19	0	19	77.1692	5016	16.5535	118	51	67	1	65	2.6634	15	0	15	172.5431	52.7412	0.7795	18.5249	13.0091	0.7719	8.0948	5.4137	25	0	49.2641	17.4295	118	10	0.3341	1.239	15	0	8.4444	5.4387	25	0	44.4656	12.3411	75	10	0.2196	0.7114	4	0	0.1344	5	12.0364	11.1013	22.8635	4.4863	53.6054	147.6225
36D_4_FITC.tif	Positive	Positive	PathAnnotationObject	Polygon	661.24	486.75	7.8429	12.7335	0.6078	4.5996	3.0267	0.8436	6.3478	146	3.7732	12	0	12	60.6522	1395	8.5685	78	51	27	3.8261	88	4.2066	11	0	11	47.4494	29.9059	0.6667	11.1375	6.3617	0.8748	3.8346	4.2906	14	0	29.2835	21.5362	78	1	0.937	2.4291	11	0	3.2788	4.2138	14	0	22.3462	16.8337	57	1	0.2981	1.0783	6	0	0.1681	3	5.1793	4.6794	7.4124	3.446	9.0374	12.8927
36D_4_FITC.tif	Positive	Positive	PathAnnotationObject	Polygon	657.13	488.74	4.7057	8.0189	0.9196	3.0444	1.9159	0.7738	15.6429	219	15.0108	46	2	44	80.4286	1126	22.3149	123	54	69	9.9286	139	15.608	40	0	40	22.7443	18.6097	0.8253	7.4249	3.8107	0.8626	6.8065	8.9824	46	0	37.129	27.604	123	4	2.4032	8.3164	40	0	4.2292	3.5143	13	0	24.5	11.3962	64	4	0.2083	0.7707	4	0	0.1771	4	16.7808	15.4967	32.6837	3.446	30.4651	54.0378
36D_4_FITC.tif	Positive	Positive	PathAnnotationObject	Polygon	623.28	490.15	15.2936	15.8872	0.7614	6.3654	3.7736	0.8232	19.875	795	5.7253	30	10	20	58.85	2354	6.9929	68	41	27	0.325	13	0.9167	4	0	4	101.5652	39.1465	0.8329	15.3072	9.0237	0.8023	13.8855	7.2605	30	0	40.1565	12.4603	68	19	0.6374	1.4707	7	0	12.8063	6.9863	29	0	36.7883	10.0043	63	19	0.6937	1.5445	7	0	0.1458	4	12.7272	11.4805	21.5074	6.4404	50.3267	75.814
36D_4_FITC.tif	Positive	Positive	PathAnnotationObject	Polygon	633.93	493.35	52.5472	40.5333	0.4019	10.4101	8.3519	0.6973	22.9275	3164	7.0934	40	7	33	67.2754	9284	6.0337	84	53	31	0.6304	87	1.5849	7	0	7	195.2874	51.9073	0.9108	18.0828	14.4035	0.5914	13.501	9.1384	40	0	47.4515	16.3658	84	15	0.4515	1.2922	8	0	9.7522	6.8819	30	0	39.5677	11.8818	68	15	0.3804	1.1503	8	0	0.2658	6	16.5685	18.2053	26.507	6.4404	61.647	147.6225
36D_4_FITC.tif	Positive	Positive	PathAnnotationObject	Polygon	625.6	501.17	4.7057	8.6832	0.7843	2.898	2.4867	0.7136	19	285	6.7929	31	6	25	60.6	909	6.674	74	53	21	1.3333	20	2.9196	9	0	9	63.1351	30.6779	0.843	11.6633	7.9489	0.7113	11.9568	6.1345	31	0	43.0247	13.1739	74	12	0.5494	1.6942	9	0	11.2381	5.6086	26	0	41.2313	12.3344	69	12	0.4694	1.5094	9	0	0.0699	5	18.1997	18.9503	32.6837	7.1893	41.5654	75.814
36D_4_FITC.tif	Positive	Positive	PathAnnotationObject	Polygon	609.95	503.48	8.235	11.3898	0.7977	4.3849	2.2815	0.8482	7.0833	170	6.0427	18	0	18	61.9167	1486	4.1902	68	53	15	1.0417	25	1.5458	5	0	5	91.3694	35.8543	0.8932	12.7873	9.7061	0.6178	8.8305	5.4065	26	0	43.3178	10.6502	68	18	0.5636	1.3622	7	0	9.0283	5.3093	26	0	41.2123	8.9785	66	18	0.5094	1.3331	7	0	0.0782	5	36.1802	21.5074	99.2681	5.3318	434.5974	1774.6998
36D_4_FITC.tif	Positive	Positive	PathAnnotationObject	Polygon	602.56	508.38	15.2936	17.3321	0.6398	6.2561	3.7803	0.791	12.2273	538	7.655	26	0	26	59.2955	2609	8.4841	77	46	31	0.7727	34	1.903	10	0	10	131.7602	44.6246	0.8315	16.5173	10.5779	0.7846	8.0799	6.5479	26	0	38.2515	13.56	77	4	0.4734	1.3501	10	0	7.4592	6.1436	26	0	35.102	11.1565	58	4	0.4286	1.2448	7	0	0.113	6	44.1183	38.3469	97.7792	5.3318	331.996	1278.6156
36D_4_FITC.tif	Positive	Positive	PathAnnotationObject	Polygon	574.3	514.81	9.0193	12.2363	0.757	4.5745	2.7769	0.8182	5.8519	158	7.1237	24	0	24	70.7778	1911	18.3876	105	46	59	4.2222	114	6.5182	23	0	23	107.0552	37.5989	0.9516	12.6136	10.6456	0.4499	5.8058	4.9216	25	0	35.4281	15.1228	105	15	0.6187	2.4536	23	0	5.8008	4.6433	25	0	31.6255	8.2924	58	15	0.2311	0.8357	8	0	0.0868	4	34.591	22.687	83.9401	9.0501	432.2514	1278.6156
36D_4_FITC.tif	Positive	Positive	PathAnnotationObject	Polygon	564.46	517.52	37.2536	26.5681	0.6632	8.7661	6.7126	0.6523	9.0882	927	5.1667	22	0	22	74.6765	7617	17.0045	124	42	82	2.0588	210	3.6119	17	0	17	165.0924	54.7592	0.6919	18.8618	13.4415	0.8147	6.4458	4.8881	23	0	38.1462	24.4121	124	5	0.7005	2.131	17	0	5.6087	4.4905	23	0	26.5745	11.6612	65	5	0.2702	1.0524	9	0	0.2278	5	39.9935	20.7043	82.7125	5.11	275.4319	846.619
36D_4_FITC.tif	Positive	Positive	PathAnnotationObject	Polygon	559.76	524.04	8.235	12.1223	0.7042	4.6695	2.4355	0.8779	11.6087	267	6.2504	27	1	26	64.5217	1484	12.0938	84	44	40	3.2609	75	5.5039	18	0	18	73.3308	33.4586	0.8232	13.7747	7.7207	0.8162	11.0106	6.7925	28	0	38.1323	15.1432	84	9	0.6138	2.2934	18	0	10.9277	6.8778	28	0	34.4759	11.4567	64	9	0.247	0.9174	6	0	0.102	4	19.9091	14.7957	44.9352	5.11	36.2924	64.6977
36D_4_FITC.tif	Positive	Positive	PathAnnotationObject	Polygon	482.63	525.29	6.2743	9.8384	0.8146	3.5409	2.4648	0.7157	17.5263	333	5.3786	28	8	20	65.3684	1242	3.3034	73	60	13	0.4211	8	1.3045	5	0	5	125.8781	39.9733	0.99	13.2886	11.8981	0.3933	17.0373	7.8704	36	0	52.4627	8.937	73	24	0.3292	1.101	8	0	17.0066	8.0062	36	0	51.6535	8.5503	70	24	0.3234	1.0892	8	0	0.0523	5	157.9097	167.9125	293.7121	64.6342	3234.3569	7849.418
36D_4_FITC.tif	Positive	Positive	PathAnnotationObject	Polygon	547.14	529.43	5.49	8.4071	0.9761	3.0558	2.1468	0.7104	13.875	222	7.719	22	0	22	66.0625	1057	13.0867	84	48	36	5	80	5.808	18	0	18	117.2509	38.6255	0.9876	12.7831	11.2718	0.3271	8.37	6.1044	24	0	33.6733	13.9799	84	8	0.7233	2.0675	18	0	8.0599	5.8654	24	0	31.8486	11.6085	62	8	0.4824	1.279	7	0	0.0412	5	49.8927	60.7952	87.354	15.9759	906.3857	2711.1257
