Image	Name	Class	Parent	ROI	Centroid X µm	Centroid Y µm	Nucleus: Area	Nucleus: Perimeter	Nucleus: Circularity	Nucleus: Max caliper	Nucleus: Min caliper	Nucleus: Eccentricity	Nucleus: Red mean	Nucleus: Red sum	Nucleus: Red std dev	Nucleus: Red max	Nucleus: Red min	Nucleus: Red range	Nucleus: Green mean	Nucleus: Green sum	Nucleus: Green std dev	Nucleus: Green max	Nucleus: Green min	Nucleus: Green range	Nucleus: Blue mean	Nucleus: Blue sum	Nucleus: Blue std dev	Nucleus: Blue max	Nucleus: Blue min	Nucleus: Blue range	Cell: Area	Cell: Perimeter	Cell: Circularity	Cell: Max caliper	Cell: Min caliper	Cell: Eccentricity	Cell: Red mean	Cell: Red std dev	Cell: Red max	Cell: Red min	Cell: Green mean	Cell: Green std dev	Cell: Green max	Cell: Green min	Cell: Blue mean	Cell: Blue std dev	Cell: Blue max	Cell: Blue min	Cytoplasm: Red mean	Cytoplasm: Red std dev	Cytoplasm: Red max	Cytoplasm: Red min	Cytoplasm: Green mean	Cytoplasm: Green std dev	Cytoplasm: Green max	Cytoplasm: Green min	Cytoplasm: Blue mean	Cytoplasm: Blue std dev	Cytoplasm: Blue max	Cytoplasm: Blue min	Nucleus/Cell area ratio	Delaunay: Num neighbors	Delaunay: Mean distance	Delaunay: Median distance	Delaunay: Max distance	Delaunay: Min distance	Delaunay: Mean triangle area	Delaunay: Max triangle area
36E_3_FITC.tif	Positive	Positive	PathAnnotationObject	Polygon	385.03	113.64	7.0586	10.8793	0.7494	3.9952	2.6568	0.7871	4.25	102	5.6434	16	0	16	51.5417	1237	15.6316	83	34	49	3.7917	91	5.733	16	0	16	134.5052	41.3407	0.989	13.7679	12.5147	0.3757	2.1043	2.9621	16	0	17.2087	11.8585	83	2	0.6464	2.0804	16	0	1.9439	2.6023	12	0	14.6417	6.2123	37	2	0.4112	1.2218	8	0	0.0574	5	208.1594	209.0588	218.3114	195.5638	12875.0039	18953.7168
36E_3_FITC.tif	Positive	Positive	PathAnnotationObject	Polygon	173.28	124.62	6.6664	9.6532	0.899	3.75	2.6001	0.611	4.2105	80	4.8025	19	0	19	46.9474	892	13.4927	74	27	47	2.8947	55	4.9988	19	0	19	90.193	37.1057	0.8232	13.7996	8.5969	0.8039	1.7296	2.6958	19	0	12.7854	13.3983	74	0	0.5279	1.8242	19	0	1.5093	2.317	9	0	9.7523	8.173	64	0	0.3178	0.9844	6	0	0.0628	4	110.8174	113.2633	213.1695	3.5736	5464.6187	16106.1113
36E_3_FITC.tif	Positive	Positive	PathAnnotationObject	Polygon	167.66	128.83	6.2743	8.6013	1	3.0212	2.4231	0.562	7.2941	124	7.4897	27	0	27	61.8235	1051	15.1873	91	39	52	6.2353	106	7.4794	26	0	26	70.1937	32.227	0.8493	12.5382	7.6631	0.7849	2.9006	3.789	27	0	16.8729	16.661	91	2	0.884	2.9312	26	0	2.4451	2.8506	12	0	12.2134	7.164	44	2	0.3293	0.8371	4	0	0.0673	4	67.5878	53.2468	160.2841	3.5736	966.8254	3509.6836
36E_3_FITC.tif	Positive	Positive	PathAnnotationObject	Polygon	132.63	153.59	20.3915	21.267	0.5666	8.9334	3.5019	0.9401	2.4107	135	2.9895	11	0	11	49.2857	2760	15.7592	87	21	66	1.4643	82	2.7566	11	0	11	196.0717	51.7241	0.921	19.5221	13.1412	0.7307	2.0319	2.9365	13	0	17.5449	14.3148	87	1	0.3573	1.335	12	0	1.9843	2.9297	13	0	13.5506	7.5454	43	1	0.218	0.9442	12	0	0.1092	4	95.336	101.4138	160.9248	17.5917	2403.0459	4623.7808
36E_3_FITC.tif	Positive	Positive	PathAnnotationObject	Polygon	117.03	160.96	10.5879	14.5189	0.6312	5.8735	2.9465	0.8836	5.1875	166	5.2329	22	0	22	56.0312	1793	13.6771	83	30	53	4.6875	150	5.9754	25	0	25	154.1124	44.9507	0.9585	16.2362	12.9948	0.5833	2.3823	3.0897	22	0	16.9494	14.1596	83	3	0.719	2.2854	25	0	2.135	2.6997	14	0	13.5041	7.4349	43	3	0.3691	1.0545	6	0	0.0731	5	101.3554	65.5085	201.5506	17.5917	629.0149	1408.8464
36E_3_FITC.tif	Positive	Positive	PathAnnotationObject	Polygon	575.4	183.86	10.5879	11.3455	1	3.8437	3.4145	0.4009	2.8621	83	3.9616	14	0	14	44.3103	1285	8.557	63	31	32	0.931	27	2.8149	14	0	14	91.7616	37.1673	0.8347	13.6374	8.7483	0.764	2.5966	3.1363	14	0	18.584	12.6831	63	3	0.479	1.517	14	0	2.5598	3.014	12	0	15.0144	8.2675	49	3	0.4163	1.2341	10	0	0.1005	4	64.1388	23.8582	204.6937	4.1449	1330.6744	3827.9294
36E_3_FITC.tif	Positive	Positive	PathAnnotationObject	Polygon	582.14	185.84	7.4507	12.0695	0.6427	4.8871	2.7879	0.7804	4.4583	107	6.3655	23	0	23	65.2083	1565	18.9254	104	32	72	4.6667	112	6.4449	23	0	23	59.998	36.4595	0.5672	14.8662	6.4267	0.9292	3.0577	4.2552	23	0	27.4423	20.9119	104	3	1.2436	3.4648	23	0	2.803	3.7262	14	0	20.5758	12.0717	76	3	0.6212	2.0915	12	0	0.1333	4	20.2143	15.2717	46.1689	4.1449	21.962	55.3031
36E_3_FITC.tif	Positive	Positive	PathAnnotationObject	Polygon	585.07	190.97	5.49	8.9959	0.8525	3.4838	2.2404	0.7333	6.6111	119	5.293	16	0	16	43.5556	784	8.9589	60	29	31	2.5	45	4.2322	11	0	11	72.9387	32.0952	0.8898	11.965	8.1596	0.7303	3.2128	3.3809	16	0	19.9096	9.9064	60	4	0.5319	1.6911	11	0	2.8529	2.9102	11	0	17.4059	5.887	38	4	0.3235	0.9521	8	0	0.0711	4	18.9712	15.1956	41.2926	4.2012	152.4742	438.3576
36E_3_FITC.tif	Positive	Positive	PathAnnotationObject	Polygon	602.47	201.56	10.1957	13.2319	0.7318	4.7947	3.2002	0.7628	3.7586	109	4.1889	16	0	16	51.1379	1483	12.552	76	33	43	2.4828	72	3.6803	14	0	14	149.7988	43.9265	0.9756	15.2748	12.5243	0.5278	1.7812	2.6223	16	0	19.3359	14.5589	76	1	0.5938	1.6562	14	0	1.6197	2.3886	11	0	16.738	11.2803	52	1	0.4394	1.2571	12	0	0.065	5	28.6914	22.6094	52.2399	20.0793	191.3566	438.3576
36E_3_FITC.tif	Positive	Positive	PathAnnotationObject	Polygon	620.5	207.1	7.0586	9.7984	0.9239	3.5549	2.4596	0.7405	3.7	74	4.6578	14	0	14	50.65	1013	11.3289	70	34	36	3.2	64	4.6521	14	0	14	75.2915	32.039	0.9217	11.6998	8.1408	0.6936	1.398	2.4568	14	0	13.8163	14.7595	70	0	0.6939	2.1551	14	0	1.1364	1.9224	9	0	9.6307	7.4921	42	0	0.4091	1.4234	10	0	0.077	5	57.4089	46.1689	124.9159	3.7878	95.5114	197.3868
36E_3_FITC.tif	Positive	Positive	PathAnnotationObject	Polygon	622.23	214.41	7.8429	11.6188	0.7301	4.7175	2.0412	0.9046	4.4545	98	4.9254	18	0	18	42.9545	945	11.6311	64	26	38	1.6818	37	2.8181	10	0	10	95.2909	39.2877	0.7758	14.0136	8.6962	0.8308	2.3415	3.2092	18	0	17.9919	10.8285	64	4	0.4187	1.2419	10	0	2.1339	2.9235	16	0	15.5402	6.9694	45	4	0.2946	0.8796	5	0	0.0768	6	70.5341	78.0448	151.7115	3.7878	1918.3116	5660.6597
36E_3_FITC.tif	Positive	Positive	PathAnnotationObject	Polygon	551.89	215.15	5.0979	8.2306	0.9457	3.1358	2.1039	0.7146	4.8667	73	5.2762	13	0	13	48.4667	727	11.4322	67	29	38	4.2667	64	5.3381	13	0	13	118.8195	38.9277	0.9853	13.2924	11.7044	0.4187	4.8684	4.127	16	0	23.0888	9.5783	67	4	0.6579	2.1282	14	0	4.8685	4.0701	16	0	21.7716	7.4085	61	4	0.4706	1.633	14	0	0.0347	7	111.0599	69.8383	226.54	39.5117	6555.2739	18953.7168
36E_3_FITC.tif	Positive	Positive	PathAnnotationObject	Polygon	692.27	269.4	20.3915	19.4608	0.6766	7.6617	3.8799	0.8638	5.1296	277	5.4808	19	0	19	64.8704	3503	17.5274	104	33	71	1.7037	92	3.6787	19	0	19	144.7009	49.3234	0.7474	17.5572	12.6882	0.734	4.3477	4.4492	21	0	25.2183	19.0092	104	2	0.4555	1.644	19	0	4.2145	4.2447	21	0	18.4637	7.558	57	2	0.2429	0.7637	6	0	0.131	5	50.0129	33.0291	92.0926	3.9843	187.6938	452.6277
36E_3_FITC.tif	Positive	Positive	PathAnnotationObject	Polygon	236.59	273.03	16.0779	22.626	0.3947	9.776	3.0151	0.9666	3.375	162	3.8572	11	0	11	51.9167	2492	7.879	75	37	38	1.7708	85	3.0404	11	0	11	202.7382	53.0282	0.906	19.9859	12.8824	0.765	4.6236	5.0109	27	0	31.1448	12.4506	75	2	0.6274	1.6356	11	0	4.7511	5.1002	27	0	29.0234	10.77	55	2	0.5106	1.3694	8	0	0.0846	9	121.5893	123.6679	218.3114	54.4462	4810.9614	16106.1113
36E_3_FITC.tif	Positive	Positive	PathAnnotationObject	Polygon	684.63	269.04	4.7057	8.1669	0.8866	3.0513	1.916	0.7606	3.4286	48	5.9835	18	0	18	58.2143	815	14.105	85	38	47	3.4286	48	5.9318	17	0	17	56.0765	28.3472	0.8769	11.4793	6.7457	0.8083	3.3819	3.4882	18	0	25.5347	13.0876	85	10	0.4861	2.171	17	0	3.3769	3.1433	12	0	22.0154	6.4375	50	10	0.1692	0.7986	6	0	0.0766	4	63.3779	58.9368	131.6537	3.9843	1863.8561	5660.6597
36E_3_FITC.tif	Positive	Positive	PathAnnotationObject	Polygon	718.8	286.9	3.9214	7.2526	0.9369	2.7214	1.6871	0.5923	14	168	11.8629	43	0	43	52.25	627	18.7235	93	27	66	10.5	126	12.9439	42	0	42	109.0159	37.1521	0.9925	12.6941	11.2718	0.4105	4.4158	4.4937	43	0	12.5735	10.4266	93	4	0.8029	3.4245	42	0	3.985	3.3098	18	0	10.7903	4.9911	29	4	0.367	0.946	6	0	0.0241	5	48.0691	33.0291	124.9159	15.3705	242.8488	452.6277
36E_3_FITC.tif	Positive	Positive	PathAnnotationObject	Polygon	689.02	299.27	11.7643	15.3111	0.6306	5.8526	3.6946	0.7546	1.6286	57	2.4744	8	0	8	51.6	1806	6.1558	67	37	30	0.3429	12	1.2821	7	0	7	114.5059	40.7787	0.8653	14.9297	10.2701	0.7436	2.8401	3.1974	14	0	36.3707	10.3146	67	10	0.2959	1.0601	10	0	3.0039	3.2523	14	0	34.3127	8.9507	50	10	0.2896	1.0292	10	0	0.0963	6	40.7621	31.7873	114.1662	4.7012	446.5692	1605.701
36E_3_FITC.tif	Positive	Positive	PathAnnotationObject	Polygon	720.05	302.19	14.9015	15.8248	0.7478	6.4733	3.4101	0.819	3.6889	166	4.0329	17	0	17	50.7556	2284	8.2328	70	37	33	1.6444	74	2.8775	12	0	12	170.1903	47.0697	0.9653	16.6621	13.4079	0.5781	2.8664	3.6619	17	0	24.3894	12.7981	70	2	0.5253	1.4387	12	0	2.7712	3.6101	16	0	21.3393	9.2275	48	2	0.3959	1.0995	9	0	0.089	6	23.8712	24.1406	30.0852	15.3705	150.0996	383.6178
36E_3_FITC.tif	Positive	Positive	PathAnnotationObject	Polygon	192.34	304.04	17.6465	17.3459	0.737	5.9965	4.6236	0.5342	11.4314	583	5.742	24	0	24	58.902	3004	9.8392	78	41	37	0.7843	40	1.8365	7	0	7	143.1324	48.0557	0.7789	15.8845	12.3902	0.6626	7.2616	6.2382	32	0	31.7221	15.6702	78	4	0.4142	1.3661	15	0	6.5886	6.0591	32	0	27.3354	11.4471	60	4	0.3544	1.2678	15	0	0.1318	4	43.1397	45.6086	76.3878	4.9539	777.0497	1955.7278
36E_3_FITC.tif	Positive	Positive	PathAnnotationObject	Polygon	184.42	305.22	3.5293	6.8642	0.9413	2.6568	1.6916	0.504	4.3636	48	3.1392	10	0	10	46.3636	510	5.2588	56	39	17	1.4545	16	2.0671	6	0	6	60.3901	28.7916	0.9155	11.2108	7.3035	0.7558	3.4522	3.7833	14	0	25.0191	12.1895	56	6	0.3885	1.2942	7	0	3.3836	3.8278	14	0	23.411	10.9901	52	6	0.3082	1.1894	7	0	0.0454	6	77.4854	50.9732	160.9248	4.9539	1219.7633	4623.7808
36E_3_FITC.tif	Positive	Positive	PathAnnotationObject	Polygon	692.38	306.86	8.235	12.5605	0.6559	5.2807	2.363	0.888	1.875	45	2.2901	8	0	8	51.8333	1244	4.5556	66	45	21	0.8333	20	1.7611	8	0	8	97.6437	39.2863	0.795	14.8612	8.2934	0.8441	3.604	3.9747	19	0	40.752	7.2778	66	19	0.788	1.6716	9	0	3.7876	4.0737	19	0	39.5752	6.4812	53	19	0.7832	1.6658	9	0	0.0837	6	48.7143	44.2015	113.5278	4.7012	711.3886	3228.0044
36E_3_FITC.tif	Positive	Positive	PathAnnotationObject	Polygon	734.17	316.78	6.2743	10.4649	0.72	4.0004	2.2501	0.7853	5.4211	103	5.7765	19	0	19	54.6842	1039	11.8559	77	36	41	5.8947	112	6.2707	22	0	22	81.5658	33.8473	0.8947	12.6967	8.9435	0.6973	2.8967	3.5327	19	0	16.1033	15.3044	77	0	0.9718	2.7947	22	0	2.6495	3.1476	19	0	12.3247	9.1262	47	0	0.4897	1.5141	12	0	0.0815	6	14.2334	9.2398	34.9849	3.9528	37.7605	91.9464
36E_3_FITC.tif	Positive	Positive	PathAnnotationObject	Polygon	350.76	319.72	17.6465	17.7219	0.7061	6.0565	4.4308	0.7598	2	98	2.9861	10	0	10	38.8367	1903	11.9728	68	21	47	1.102	54	2.3474	9	0	9	182.3467	48.846	0.9604	16.3632	13.7767	0.4794	2.6831	2.9918	13	0	15.8308	10.0769	68	0	0.6167	1.601	10	0	2.7632	2.9858	13	0	13.134	5.2434	35	0	0.5598	1.4829	10	0	0.0977	8	145.1012	134.5597	246.2618	55.8032	8989.3516	18953.7168
36E_3_FITC.tif	Positive	Positive	PathAnnotationObject	Polygon	725.26	320.46	10.98	13.914	0.7127	5.7179	3.0219	0.8539	2.2424	74	3.1921	11	0	11	50.3939	1663	8.4296	66	35	31	1.9091	63	3.156	11	0	11	80.3894	33.9607	0.8759	12.0685	9.5857	0.632	2.0769	3.2473	17	0	29.2356	12.9435	66	1	0.8654	2.207	12	0	2.0457	3.2657	17	0	25.2457	9.2371	53	1	0.6686	1.928	12	0	0.1407	5	9.4123	7.4328	21.1439	5.435	34.4222	77.4647
36E_3_FITC.tif	Positive	Positive	PathAnnotationObject	Polygon	732.58	322.63	5.49	8.0222	1	2.8112	2.1769	0.6114	9	135	11.8442	38	0	38	73.1333	1097	22.1678	118	48	70	8.8667	133	11.5627	38	0	38	13.725	16.9978	0.5969	6.9075	3.3696	0.8522	3.5385	8.4225	38	0	45.4872	28.7593	118	5	3.4359	8.2583	38	0	0.125	0.4484	2	0	28.2083	16.0434	58	5	0.0417	0.2041	1	0	0.3025	4	4.2029	4.0495	5.5537	3.1587	7.435	10.7549
36E_3_FITC.tif	Positive	Positive	PathAnnotationObject	Polygon	734.17	325.33	2.3529	6.0579	0.8057	2.1993	1.7391	0.6325	6.2222	56	6.0162	18	0	18	76.1111	685	11.5806	94	59	35	5.1111	46	6.1936	17	0	17	8.6272	12.5173	0.6919	5.1095	2.3719	0.9082	3.2609	4.5748	18	0	54.2609	25.7545	94	8	2.0435	4.5073	17	0	1.3571	1.7805	5	0	40.2143	22.2924	79	8	0.0714	0.2673	1	0	0.2909	4	4.3598	3.7907	6.78	3.0779	5.0567	6.7619
36E_3_FITC.tif	Positive	Positive	PathAnnotationObject	Polygon	730.26	326.65	1.1764	4.1652	0.8521	1.4629	1.1229	0.7303	17	85	7.2457	23	5	18	46.2	231	3.4928	52	43	9	0.4	2	0.8944	2	0	2	9.0193	11.569	0.8468	4.1176	3.3364	0.4669	10.72	6.6741	23	0	44.64	4.7774	56	39	0.12	0.4397	2	0	9.15	5.678	19	0	44.25	5.0458	56	39	0.05	0.2236	1	0	0.1084	6	5.3091	5.5518	7.379	3.0779	11.6178	18.8095
36E_3_FITC.tif	Positive	Positive	PathAnnotationObject	Polygon	721.28	329.08	10.98	13.7725	0.7274	5.8005	2.8885	0.8787	22.8065	707	7.7778	39	5	34	48.129	1492	6.4329	62	32	30	1.2258	38	2.2761	8	0	8	70.1937	31.8274	0.8708	11.7243	8.1475	0.7309	11.0879	8.5043	39	0	31.2473	10.1311	62	15	0.8297	1.8384	9	0	8.6821	6.4004	27	0	27.7815	6.6772	48	15	0.7483	1.7329	9	0	0.1624	7	14.8714	7.8483	39.7723	3.6967	89.0796	383.6178
36E_3_FITC.tif	Positive	Positive	PathAnnotationObject	Polygon	737.19	330.12	17.2543	16.1585	0.8304	6.0621	3.7247	0.774	6.2653	307	5.7799	17	0	17	104.6735	5129	29.0276	160	48	112	6.0204	295	6.6599	22	0	22	101.5652	38.3513	0.8677	13.5846	9.7204	0.7176	3.3092	4.2236	17	0	32.5229	40.3678	160	0	1.3206	3.6948	22	0	2.6291	3.4516	17	0	15.9249	18.3147	95	0	0.2394	0.6963	4	0	0.1682	7	9.2113	9.5989	14.6674	4.4226	15.8652	34.9809
36E_3_FITC.tif	Positive	Positive	PathAnnotationObject	Polygon	727.73	330.88	11.7643	16.4426	0.5468	5.436	3.6332	0.7994	27.1111	976	5.8348	36	13	23	49.1389	1769	4.6669	59	39	20	0.6667	24	1.5306	6	0	6	28.6265	21.3828	0.7868	7.7585	5.8344	0.5951	22.4684	7.2498	36	7	42.5823	8.2751	59	20	0.3924	1.3148	7	0	18.5814	5.9411	31	7	37.093	6.4284	50	20	0.1628	1.0675	7	0	0.3862	4	5.7636	5.4635	8.4304	3.6967	13.7801	20.139
36E_3_FITC.tif	Positive	Positive	PathAnnotationObject	Polygon	728.3	335.94	9.8036	13.2892	0.6976	5.715	2.441	0.913	19.7586	573	7.3856	35	8	27	47.9655	1391	4.9963	59	39	20	0.4138	12	1.2397	6	0	6	30.195	23.5625	0.6834	9.7799	5.0097	0.8399	15.4878	7.9493	35	0	39.7439	9.2587	59	20	0.1829	0.7877	6	0	13.1509	7.3023	31	0	35.2453	7.8591	50	20	0.0566	0.3048	2	0	0.2874	5	6.7557	7.5174	9.5989	4.0353	17.6768	34.9809
36E_3_FITC.tif	Positive	Positive	PathAnnotationObject	Polygon	196.86	338.4	31.3715	24.8146	0.6402	8.1251	5.7583	0.7103	3.3293	273	4.2019	19	0	19	66.1098	5421	13.7823	103	40	63	1.2927	106	2.6735	11	0	11	142.7402	45.0645	0.8833	16.2477	11.7832	0.6785	3.0492	3.8723	19	0	37.459	19.677	103	10	0.4399	1.5208	11	0	2.9683	3.7758	18	0	29.1866	11.7679	76	10	0.1937	0.8158	10	0	0.2179	5	28.9067	36.771	57.2104	5.4504	267.4902	1007.4093
36E_3_FITC.tif	Positive	Positive	PathAnnotationObject	Polygon	723.66	339.47	12.5486	14.6309	0.7367	5.6549	3.0346	0.8502	17.2432	638	9.6073	33	0	33	55.8378	2066	5.5803	66	44	22	0.9189	34	1.8912	7	0	7	51.7629	30.5633	0.6963	11.0059	7.7732	0.7782	11.0074	8.1609	33	0	37.4412	14.4221	66	16	0.3162	1.1069	7	0	8.6768	6.1376	26	0	30.5657	9.9777	60	16	0.0909	0.4307	3	0	0.2386	6	14.6069	9.1906	48.6308	4.0353	64.5056	191.4063
36E_3_FITC.tif	Positive	Positive	PathAnnotationObject	Polygon	735.8	339	3.9214	7.771	0.816	2.9808	1.9912	0.5874	3.3846	44	3.8197	12	0	12	47.6923	620	10.6879	67	29	38	2.2308	29	3.655	12	0	12	34.1165	22.5221	0.8452	8.5791	5.3504	0.8116	2.5326	3.456	14	0	20.1522	18.4991	67	0	0.8261	1.7264	12	0	2.3924	3.3984	14	0	15.6203	15.3124	45	0	0.5949	1.0193	3	0	0.1209	5	7.1886	7.5174	10.6448	4.3839	17.6028	34.9809
36E_3_FITC.tif	Positive	Positive	PathAnnotationObject	Polygon	727.7	344.37	20.3915	21.1769	0.5714	7.1421	5.566	0.5842	5.9138	343	6.5702	28	0	28	87.6034	5081	18.4267	127	51	76	4.3448	252	5.5616	22	0	22	52.5472	31.4134	0.6692	12.3599	6.5032	0.8798	3.7464	5.0862	28	0	57.6884	31.0939	127	12	1.9928	4.202	22	0	2.175	2.7868	13	0	36	17.2715	81	12	0.2875	1.1384	7	0	0.3901	5	6.19	6.0997	7.5262	5.2748	15.6268	18.0455
36E_3_FITC.tif	Positive	Positive	PathAnnotationObject	Polygon	738.16	345.28	8.6272	12.6015	0.6827	4.7734	2.7618	0.8558	4.0833	98	5.5866	18	0	18	52.5417	1261	15.6871	79	28	51	4.0417	97	5.4492	17	0	17	55.6844	27.9558	0.8954	9.893	7.6882	0.6039	1.2587	2.8352	18	0	16.035	19.6068	79	0	1.1259	2.8206	17	0	0.6891	1.2805	6	0	8.6723	9.4296	43	0	0.5378	1.307	6	0	0.1406	4	7.7709	6.0161	14.6674	4.3839	13.0013	15.9841
36E_3_FITC.tif	Positive	Positive	PathAnnotationObject	Polygon	202.65	343.93	6.2743	8.9949	0.9745	3.5722	2.2795	0.6657	6.3333	114	7.7763	24	0	24	60.6667	1092	9.4184	83	46	37	2.1667	39	4.1903	14	0	14	32.1558	22.6102	0.7904	8.9207	4.7329	0.8612	5.2857	5.254	24	0	37.0833	15.1635	83	17	0.7857	2.3236	14	0	5	4.3642	20	0	30.6515	8.6246	54	17	0.4091	1.2767	6	0	0.1657	5	24.7231	8.0266	53.4074	5.4504	77.8185	151.1852
36E_3_FITC.tif	Positive	Positive	PathAnnotationObject	Polygon	190.94	348.54	16.47	15.4468	0.8674	5.4069	4.2721	0.6794	4.6957	216	4.371	18	0	18	66.8043	3073	13.2172	96	44	52	1.7174	79	2.6387	11	0	11	97.6437	35.9916	0.9472	12.5374	10.4265	0.4567	3.7143	3.6661	18	0	31.881	20.2341	96	3	0.5198	1.5369	11	0	3.4951	3.4637	12	0	24.0825	11.3205	60	3	0.2524	0.9849	7	0	0.1663	6	48.0488	13.794	201.5506	8.0266	247.8459	1030.506
36E_3_FITC.tif	Positive	Positive	PathAnnotationObject	Polygon	252.98	346.09	13.725	15.6127	0.7076	6.4784	3.2197	0.8897	15.5	620	8.4974	35	4	31	95.05	3802	21.3601	137	53	84	4.425	177	4.9141	16	0	16	72.9387	32.4346	0.8713	11.8181	8.4533	0.6687	8.4263	7.1619	35	0	44.7474	31.4123	137	4	1.1737	2.9594	16	0	6.54	5.399	30	0	31.3333	16.4854	103	4	0.3067	1.0927	9	0	0.1939	6	46.4428	55.3089	77.2817	4.3764	587.2616	1955.7278
36E_3_FITC.tif	Positive	Positive	PathAnnotationObject	Polygon	201.78	352.34	21.1757	22.8435	0.5099	7.5146	5.6392	0.6849	2.661	157	3.8846	21	0	21	73.4237	4332	17.909	110	39	71	1.7288	102	3.6333	21	0	21	130.1916	45.481	0.7909	16.6309	11.6039	0.7025	2.8899	3.5956	21	0	40.0923	19.5058	110	13	0.5863	1.9436	21	0	2.9386	3.5365	17	0	32.9928	10.3118	65	13	0.343	1.2135	10	0	0.1612	4	19.3041	10.9331	49.1123	6.2381	135.3158	312.5536
36E_3_FITC.tif	Positive	Positive	PathAnnotationObject	Polygon	733.93	351.52	14.9015	15.7912	0.7509	5.925	3.9834	0.6233	2.2093	95	3.2773	13	0	13	60.4884	2601	15.2493	93	32	61	2.1395	92	3.0982	13	0	13	70.1937	31.4429	0.8922	10.6554	9.4302	0.363	0.7956	2.0213	13	0	27.1602	22.0608	93	3	0.8895	2.0787	13	0	0.3551	1.1192	7	0	16.7754	10.5298	66	3	0.5	1.4461	7	0	0.2263	6	89.5947	64.3979	202.3099	5.9326	212.3202	723.6212
36E_3_FITC.tif	Positive	Positive	PathAnnotationObject	Polygon	265.08	351	49.8022	37.8732	0.4363	13.069	6.5322	0.8538	15.0153	1967	10.2866	36	0	36	61.855	8103	14.644	104	34	70	0.9695	127	2.2082	14	0	14	240.7761	57.7647	0.9068	21.0826	16.1433	0.6689	9.5138	8.6201	36	0	33.8671	18.6139	104	4	0.4489	1.4928	14	0	8.0309	7.4588	31	0	26.323	10.6758	68	4	0.3086	1.196	9	0	0.2049	7	50.0257	43.9757	92.83	9.9931	1114.7645	3806.0493
36E_3_FITC.tif	Positive	Positive	PathAnnotationObject	Polygon	724.76	352.35	12.1564	12.8282	0.9283	5.0289	3.1997	0.7233	4	124	5.7096	18	0	18	76.6774	2377	19.7491	116	43	73	4.2903	133	6.0674	18	0	18	87.0558	33.8415	0.9552	12.0372	9.3932	0.5405	2.3244	3.3309	18	0	29.4089	23.766	116	2	0.7378	2.735	18	0	2.0567	2.6994	12	0	21.8557	13.3677	61	2	0.1701	0.7799	7	0	0.1251	6	55.492	34.3134	133.3523	5.9904	1476.9629	5222.7144
36E_3_FITC.tif	Positive	Positive	PathAnnotationObject	Polygon	248.56	353.01	17.2543	19.9463	0.545	7.6763	4.3955	0.9138	16.34	817	8.5872	31	0	31	63.04	3152	14.0552	87	36	51	0.7	35	1.488	6	0	6	117.2509	41.5962	0.8516	15.0638	10.2299	0.7526	7.3278	7.1306	32	0	33.6954	16.8746	87	9	0.4603	1.3894	8	0	5.5397	5.2144	32	0	27.873	9.866	82	9	0.4127	1.3671	8	0	0.1482	6	35.3939	47.1898	50.4931	4.3764	330.5987	1131.0634
36E_3_FITC.tif	Positive	Positive	PathAnnotationObject	Polygon	593.85	362.19	17.6465	17.3523	0.7365	5.9854	4.3578	0.5261	4.28	214	4.3474	18	0	18	43.1	2155	4.5457	60	35	25	1.02	51	2.0946	11	0	11	176.4646	47.4607	0.9845	15.8721	14.0026	0.4269	4.0267	4.1022	18	0	28.0711	10.1602	60	2	0.3756	1.1575	11	0	3.995	4.0751	17	0	26.1925	9.0435	49	2	0.295	0.9541	7	0	0.1042	12	144.5892	132.503	246.2618	90.7509	5947.9561	16912.1816
36E_3_FITC.tif	Positive	Positive	PathAnnotationObject	Polygon	202.12	364.12	15.2936	22.3569	0.3845	6.9035	4.0459	0.8891	6.2273	274	7.7486	39	0	39	56	2464	15.5039	108	34	74	4	176	7.5483	39	0	39	172.151	47.617	0.9541	16.9221	12.9044	0.6359	2.9796	4.1151	39	0	27.5147	14.12	108	4	0.6825	2.7484	39	0	2.6196	3.3157	18	0	24.3577	9.7609	55	4	0.3149	0.9206	7	0	0.0853	6	82.9464	59.8739	215.8589	12.7461	884.2946	1872.6608
36E_3_FITC.tif	Positive	Positive	PathAnnotationObject	Polygon	339.79	374.53	6.6664	10.9769	0.6953	4.2818	2.5653	0.8333	13.2381	278	5.3095	23	6	17	56.2381	1181	3.0644	65	52	13	0.619	13	1.5645	6	0	6	133.3288	41.1883	0.9876	13.8024	12.2353	0.4416	12.5689	6.4866	32	0	44.3783	10.0645	65	14	0.3636	1.1567	8	0	12.525	6.561	32	0	43.6	9.8746	62	14	0.3469	1.1261	8	0	0.0522	8	83.1536	96.9735	105.1295	15.3277	609.3376	2355.9338
36E_3_FITC.tif	Positive	Positive	PathAnnotationObject	Polygon	324.51	374.96	5.8822	10.0686	0.7291	4.1325	2.1874	0.8946	12.2632	233	4.3185	20	5	15	56.2632	1069	5.1299	69	50	19	0.7368	14	1.9391	7	0	7	126.2702	40.2567	0.9791	14.0168	11.8981	0.4758	10.2623	6.3943	33	0	43.0864	9.1563	69	17	0.2593	0.9512	7	0	10.1377	6.4864	33	0	42.2656	8.7173	63	17	0.2295	0.8506	7	0	0.051	6	67.074	63.5189	104.6752	15.3277	1786.8586	4316.9023
36E_3_FITC.tif	Positive	Positive	PathAnnotationObject	Polygon	271.38	392.18	2.3529	5.3759	1	1.9002	1.5283	0.7454	14.5	116	11.0712	33	1	32	47.375	379	15.5466	72	28	44	11.25	90	10.5526	30	0	30	72.5465	31.571	0.9146	11.4914	7.9317	0.7211	6.3439	7.1028	33	0	19.0952	8.4772	72	3	0.6138	3.0915	30	0	5.9834	6.6962	21	0	17.8453	5.3425	30	3	0.1436	0.6336	6	0	0.0279	4	44.9156	49.8238	73.6887	6.326	913.9982	2091.7002
36E_3_FITC.tif	Positive	Positive	PathAnnotationObject	Polygon	263.47	395.26	9.8036	12.7626	0.7563	4.1929	3.5047	0.2201	8.2692	215	11.2234	38	0	38	71.5	1859	26.97	130	37	93	8.1923	213	11.2322	38	0	38	117.643	40.545	0.8993	13.948	10.7452	0.6392	3.1533	4.8651	38	0	26.8767	19.382	130	2	0.99	4.0979	38	0	2.6679	3.4145	22	0	22.6423	11.7128	58	2	0.3066	1.1956	12	0	0.0774	5	47.6815	45.2674	73.1706	6.326	730.7841	1872.6608
36E_3_FITC.tif	Positive	Positive	PathAnnotationObject	Polygon	645.73	436.59	6.6664	11.0172	0.6902	4.412	2.5314	0.7447	5.4762	115	6.1043	24	0	24	49.8571	1047	11.9929	78	33	45	2.9048	61	5.4213	22	0	22	132.9366	41.431	0.9732	14.5022	11.8833	0.5128	3.651	4.3194	24	0	26.8182	14.2761	78	3	0.8563	2.2202	22	0	3.5312	4.1612	21	0	25.3062	13.0756	55	3	0.7219	1.7654	10	0	0.0509	5	86.3288	90.7509	122.592	28.2892	1557.4768	5222.7144
36E_3_FITC.tif	Positive	Positive	PathAnnotationObject	Polygon	622.33	451.46	23.1365	24.3325	0.4911	7.83	5.3646	0.7407	2.7937	176	3.7638	13	0	13	46.0635	2902	5.8774	60	33	27	0.6032	38	1.6317	9	0	9	198.4246	51.7889	0.9297	17.271	15.4389	0.3734	4.9603	4.8923	23	0	31.3512	10.572	60	6	0.5516	1.5295	11	0	5.2698	4.9596	23	0	29.2494	9.3532	55	6	0.5442	1.5161	11	0	0.1204	4	45.2425	37.8112	94.1431	11.2045	550.9562	1282.9041
36E_3_FITC.tif	Positive	Positive	PathAnnotationObject	Polygon	412.33	452.02	30.195	31.1361	0.3914	11.2711	5.4665	0.9314	12.5062	1013	4.8916	24	1	23	42.8395	3470	5.3279	58	32	26	0.4198	34	1.4306	9	0	9	205.4832	57.0969	0.7921	20.2938	14.4029	0.5745	8.221	6.6079	28	0	29.0076	10.3579	58	5	0.2667	1.0251	9	0	7.4392	6.5846	28	0	26.4842	8.9673	44	5	0.2387	0.9319	8	0	0.1503	6	94.3394	97.5273	204.3181	7.7221	4517.2646	14848.4795
36E_3_FITC.tif	Positive	Positive	PathAnnotationObject	Polygon	401.79	453.72	10.98	12.9798	0.819	4.9079	3.2023	0.7704	17.4688	559	5.5937	27	6	21	42.1562	1349	4.1822	52	34	18	0.2812	9	0.8126	4	0	4	59.2137	29.5976	0.8494	11.9198	7.0816	0.8118	11.3725	6.2837	27	0	30.2288	10.3857	52	10	0.4052	1.0094	4	0	9.7603	5.4222	22	0	27.0744	9.1726	43	10	0.438	1.0559	4	0	0.1826	4	31.5208	8.7371	101.6032	7.006	210.0322	439.3847
36E_3_FITC.tif	Positive	Positive	PathAnnotationObject	Polygon	393.44	454.24	8.6272	12.1147	0.7387	4.3745	3.1181	0.6832	4.8462	126	5.1513	18	0	18	41.7308	1085	4.5918	51	34	17	0.9231	24	1.9375	7	0	7	68.233	31.9134	0.8419	10.9409	8.3221	0.613	5.661	5.0687	20	0	26.7175	10.1197	51	8	0.4181	1.2038	7	0	5.8013	5.0584	20	0	24.1325	8.4172	38	8	0.3311	1.0114	6	0	0.1297	6	22.672	7.8917	97.4825	6.0949	133.8654	439.3847
36E_3_FITC.tif	Positive	Positive	PathAnnotationObject	Polygon	385.8	455.37	9.0193	13.7673	0.598	5.0838	3.2667	0.7869	6.5714	184	4.5658	15	0	15	42.75	1197	4.8045	56	34	22	1	28	1.8459	8	0	8	56.4687	29.7129	0.8038	11.4123	6.9218	0.8043	5.0616	3.9987	16	0	28.9452	10.1593	56	11	0.5205	1.1932	8	0	4.7034	3.7855	16	0	25.6695	8.1336	50	11	0.4068	0.954	4	0	0.1594	4	27.4212	5.4672	95.8052	2.9455	110.5747	283.0064
36E_3_FITC.tif	Positive	Positive	PathAnnotationObject	Polygon	400.56	461.62	9.4114	12.8534	0.7159	4.754	3.1753	0.6292	8.9259	241	3.441	14	0	14	41.1852	1112	4.8121	53	35	18	0.6296	17	1.6675	7	0	7	65.8801	31.0818	0.8569	11.3421	7.9704	0.7079	9.314	5.5033	25	0	30.0291	9.2644	53	6	0.8314	1.8608	8	0	9.3862	5.8133	25	0	27.9517	8.3702	47	6	0.869	1.8976	8	0	0.1359	5	25.4819	7.4628	92.0098	7.006	201.1832	604.5519
36E_3_FITC.tif	Positive	Positive	PathAnnotationObject	Polygon	384.04	459.06	3.5293	6.9284	0.9239	2.7715	1.5962	0.7602	7.3636	81	5.6262	17	0	17	43.1818	475	4.3776	51	36	15	1.2727	14	2.2843	7	0	7	12.5486	17.0227	0.5442	7.5564	2.2657	0.9502	6.4444	5.2123	17	0	35.1944	7.5963	51	20	1.25	2.1696	7	0	6.04	5.0866	17	0	31.68	5.8361	41	20	1.24	2.1656	6	0	0.1899	5	22.6288	4.3972	96.4646	2.9455	72.5475	201.5554
36E_3_FITC.tif	Positive	Positive	PathAnnotationObject	Polygon	614.18	460.35	4.7057	8.2966	0.8591	2.8673	2.1183	0.6252	4.7143	66	4.2864	11	0	11	44.2857	620	7.8684	59	37	22	2.6429	37	4.1251	11	0	11	105.8787	37.1304	0.9651	12.4556	10.8068	0.4466	4.7148	4.55	22	0	31.5111	8.707	59	13	0.4481	1.5361	11	0	4.7148	4.5719	22	0	30.8125	8.2078	57	13	0.3281	1.1588	8	0	0.0417	5	68.8701	37.4532	158.5472	11.2045	2089.4258	7803.541
36E_3_FITC.tif	Positive	Positive	PathAnnotationObject	Polygon	284.91	464.38	9.4114	13.1217	0.6869	5.3955	2.5944	0.8612	8.5517	248	14.2217	63	0	63	85.9655	2493	34.2162	166	32	134	8.4828	246	14.2243	63	0	63	152.9359	44.728	0.9606	15.8299	11.8981	0.6574	3.2072	5.1426	63	0	29.046	20.8471	166	5	0.8824	4.4706	63	0	2.779	3.2257	18	0	24.4862	9.8791	72	5	0.2735	0.9414	8	0	0.0577	6	93.1694	91.5197	130.8578	73.1706	2212.3721	4316.9023
36E_3_FITC.tif	Positive	Positive	PathAnnotationObject	Polygon	379.65	463.25	12.1564	14.4502	0.7316	5.1403	3.958	0.6597	9.7647	332	5.2052	23	2	21	39.7647	1352	4.2216	47	31	16	0.5588	19	1.4395	6	0	6	87.8401	35.9041	0.8563	13.38	9.5238	0.744	5.0444	5.0936	26	0	26.9911	9.0829	47	8	0.3733	1.1814	8	0	4.2042	4.6027	26	0	24.7173	7.7313	45	8	0.3403	1.1306	8	0	0.1375	6	67.3885	96.4541	104.6752	4.3108	1523.1364	4316.9023
36E_3_FITC.tif	Positive	Positive	PathAnnotationObject	Polygon	390.38	461.76	4.7057	7.1116	1	2.8815	1.6236	0.7958	9.25	111	6.6486	22	1	21	40.9167	491	3.2879	49	37	12	1	12	2.2156	7	0	7	9.8036	12.0583	0.8473	4.435	3.2306	0.6306	13.9655	8.0644	30	1	37.1724	4.0714	49	30	0.4138	1.4764	7	0	17.2941	7.4142	30	6	34.5294	1.9078	38	30	0	0	0	0	0.3457	5	4.9071	4.8394	6.9189	3.5103	10.0661	14.6487
36E_3_FITC.tif	Positive	Positive	PathAnnotationObject	Polygon	386.71	466.13	7.8429	10.7439	0.8538	4.0203	2.7713	0.8197	8.0909	178	5.5713	21	1	20	42.4545	934	3.2766	49	37	12	0.6818	15	1.2492	4	0	4	37.6458	22.9247	0.9002	8.2354	5.6359	0.6516	9.7	5.7111	22	0	33.55	7.6255	49	15	0.47	1.1233	5	0	10.1538	5.7028	22	0	31.0385	6.5415	43	15	0.4103	1.0863	5	0	0.198	5	23.3674	4.8242	97.5988	3.5103	100.9783	265.6695
36E_3_FITC.tif	Positive	Positive	PathAnnotationObject	Polygon	394.36	466.23	8.6272	12.1594	0.7333	5.3172	2.2866	0.8978	15.72	393	5.3582	24	5	19	42.8	1070	7.6376	60	29	31	2.8	70	4.7258	15	0	15	61.5665	30.0219	0.8584	10.0244	8.8094	0.3908	5.8951	6.4899	24	0	20.2593	13.8472	60	3	0.642	2.2197	15	0	4.1022	4.8799	21	0	16.146	10.3081	43	3	0.2482	0.9376	8	0	0.128	6	37.0167	7.8806	101.3086	4.2415	900.7559	4761.9761
36E_3_FITC.tif	Positive	Positive	PathAnnotationObject	Polygon	596.91	493.01	8.235	12.7574	0.6358	4.5183	3.21	0.728	3.88	97	3.1927	10	0	10	47.64	1191	5.2906	58	39	19	0.52	13	1.0847	4	0	4	81.1737	34.2955	0.8673	12.6755	9.0211	0.6457	6.033	4.1379	17	0	35.2689	8.2266	58	20	0.2736	1.0214	8	0	6.3209	4.1716	17	0	33.615	7.0598	58	20	0.2406	1.0112	8	0	0.103	5	43.431	33.2575	133.2961	5.102	718.3088	2001.4731
36E_3_FITC.tif	Positive	Positive	PathAnnotationObject	Polygon	605.23	494.54	11.7643	14.8732	0.6683	6.3327	2.4118	0.9217	14	462	10.1704	33	0	33	93.1515	3074	26.1989	139	45	94	7.0909	234	8.9769	29	0	29	97.2516	39.2634	0.7927	15.5429	8.123	0.848	4.502	6.3039	33	0	34.9123	27.5639	139	2	1.1992	4.089	29	0	3.0642	3.8384	19	0	26.0963	13.4241	77	2	0.3073	1.1408	10	0	0.1162	6	60.729	42.1573	194.5392	5.102	236.4572	723.6212
36E_3_FITC.tif	Positive	Positive	PathAnnotationObject	Polygon	598.81	503.42	10.5879	12.5197	0.8488	4.6648	3.0805	0.6966	2.1667	65	2.8658	9	0	9	47	1410	4.4334	60	38	22	0.3	9	1.1492	6	0	6	105.0945	37.8404	0.9223	14.0264	10.0194	0.7019	5.1144	4.6902	21	0	32.2177	9.1692	60	12	0.3838	1.3307	9	0	5.4813	4.747	21	0	30.3776	7.8418	51	12	0.3942	1.3533	9	0	0.0922	4	61.5791	18.072	202.3099	7.8626	77.338	118.9235
36E_3_FITC.tif	Positive	Positive	PathAnnotationObject	Polygon	577.42	519.77	5.8822	10.313	0.695	4.1621	1.8998	0.902	5.7647	98	6.8514	22	0	22	46	782	10.834	73	34	39	3.3529	57	6.3141	22	0	22	127.4466	40.4615	0.9783	14.4676	11.4518	0.5905	4.2362	4.1483	22	0	28.5153	9.7114	73	7	0.4663	1.8869	22	0	4.1521	3.9476	15	0	27.5534	8.6959	57	7	0.3074	1.0957	12	0	0.0353	5	56.8714	33.2575	109.2896	28.098	733.1356	1382.6682
36E_3_FITC.tif	Positive	Positive	PathAnnotationObject	Polygon	468.39	521.03	16.0779	17.8881	0.6314	7.1333	3.1563	0.8957	16.3864	721	4.8667	23	4	19	58.0909	2556	4.108	68	49	19	0.3182	14	1.0292	5	0	5	179.9939	48.6149	0.957	16.9566	13.1379	0.6214	13.8715	7.6634	35	0	44.6383	9.0087	68	23	0.3922	1.3228	16	0	13.6048	7.8591	35	0	43.212	8.1705	64	23	0.4	1.351	16	0	0.0896	9	117.6075	109.2896	202.5872	34.9865	3139.7456	8919.9092
36E_3_FITC.tif	Positive	Positive	PathAnnotationObject	Polygon	498.84	538.31	5.0979	8.2664	0.9375	3.0441	1.8786	0.7873	15.1429	212	12.2025	37	2	35	73.5	1029	20.0796	109	47	62	11.0714	155	12.338	33	0	33	112.153	37.8587	0.9833	12.7531	10.6456	0.4364	3.9408	5.1202	37	0	23.7979	15.3587	109	4	1.1672	3.9912	33	0	3.3663	3.6959	15	0	21.2491	9.7515	46	4	0.6593	2.0412	14	0	0.039	5	74.0148	51.985	172.8731	29.3497	715.6276	1499.691
36E_3_FITC.tif	Positive	Positive	PathAnnotationObject	Polygon	550.66	538.81	7.4507	10.8788	0.7911	4.1138	2.4939	0.7052	4.6957	108	5.1649	18	0	18	44.6522	1027	12.4704	75	31	44	2.6522	61	5.4239	18	0	18	133.7209	41.4132	0.9798	13.9929	11.8981	0.4513	4.5848	3.8227	18	0	24.3947	8.8969	75	6	0.5175	1.8037	18	0	4.5768	3.718	15	0	22.9342	6.5039	42	6	0.3636	1.0488	6	0	0.0539	3	36.1518	32.8324	51.985	23.6379	317.1637	501.8034
36E_3_FITC.tif	Positive	Positive	PathAnnotationObject	Polygon	325.8	540.34	6.2743	10.582	0.7041	4.2959	2.1907	0.8881	18.0526	343	21.1882	70	0	70	90.4211	1718	42.6567	170	26	144	17.8947	340	24.0783	77	0	77	130.5838	41.0243	0.975	14.4192	11.9973	0.5525	3.3713	6.6793	70	0	20.1407	21.9366	170	4	1.2066	6.9888	77	0	2.4857	2.7834	13	0	15.9016	9.4404	63	4	0.2	0.834	6	0	0.0482	8	139.3302	122.4263	215.8589	85.9196	1713.5847	4761.9761
36E_3_FITC.tif	Positive	Positive	PathAnnotationObject	Polygon	527.85	543.59	5.0979	8.2301	0.9458	3.0832	2.1798	0.6475	5.5333	83	7.7078	25	0	25	44.5333	668	8.1141	67	35	32	2.5333	38	4.8087	18	0	18	118.0352	38.623	0.9943	12.7427	11.2718	0.4338	3.5482	3.8212	25	0	25.9502	10.9454	67	5	0.5349	1.8302	18	0	3.4441	3.4977	14	0	24.9755	10.1854	60	5	0.4301	1.4727	13	0	0.038	3	84.9125	29.3497	201.7499	23.6379	311.2279	489.9319
