Image	Name	Class	Parent	ROI	Centroid X µm	Centroid Y µm	Nucleus: Area	Nucleus: Perimeter	Nucleus: Circularity	Nucleus: Max caliper	Nucleus: Min caliper	Nucleus: Eccentricity	Nucleus: Red mean	Nucleus: Red sum	Nucleus: Red std dev	Nucleus: Red max	Nucleus: Red min	Nucleus: Red range	Nucleus: Green mean	Nucleus: Green sum	Nucleus: Green std dev	Nucleus: Green max	Nucleus: Green min	Nucleus: Green range	Nucleus: Blue mean	Nucleus: Blue sum	Nucleus: Blue std dev	Nucleus: Blue max	Nucleus: Blue min	Nucleus: Blue range	Cell: Area	Cell: Perimeter	Cell: Circularity	Cell: Max caliper	Cell: Min caliper	Cell: Eccentricity	Cell: Red mean	Cell: Red std dev	Cell: Red max	Cell: Red min	Cell: Green mean	Cell: Green std dev	Cell: Green max	Cell: Green min	Cell: Blue mean	Cell: Blue std dev	Cell: Blue max	Cell: Blue min	Cytoplasm: Red mean	Cytoplasm: Red std dev	Cytoplasm: Red max	Cytoplasm: Red min	Cytoplasm: Green mean	Cytoplasm: Green std dev	Cytoplasm: Green max	Cytoplasm: Green min	Cytoplasm: Blue mean	Cytoplasm: Blue std dev	Cytoplasm: Blue max	Cytoplasm: Blue min	Nucleus/Cell area ratio	Delaunay: Num neighbors	Delaunay: Mean distance	Delaunay: Median distance	Delaunay: Max distance	Delaunay: Min distance	Delaunay: Mean triangle area	Delaunay: Max triangle area
72D_2_FITC.tif	Positive	Positive	PathAnnotationObject	Polygon	469.8	92.01	4.7057	7.8046	0.9708	2.9418	2.1445	0.4729	12.3077	160	13.3316	37	0	37	41.4615	539	20.0275	77	17	60	9.6923	126	12.0096	31	0	31	112.9373	37.8207	0.9922	12.8347	11.2718	0.3954	1.5621	3.7846	37	0	7.4724	8.8725	77	1	0.6655	3.2211	31	0	1.0578	1.2555	6	0	5.8773	2.8322	21	1	0.2419	0.7585	5	0	0.0299	5	79.6266	46.7805	157.1265	33.1418	513.6605	733.8421
72D_2_FITC.tif	Positive	Positive	PathAnnotationObject	Polygon	312.66	92.95	7.0586	10.652	0.7817	4.2439	2.2223	0.8098	5.5238	116	6.9686	20	0	20	34.381	722	13.1548	57	15	42	5.2857	111	7.1214	20	0	20	130.5838	40.8077	0.9854	14.1045	11.6537	0.5435	1.3574	2.4718	20	0	7.7357	8.1457	57	1	0.4655	2.2014	20	0	1.0769	1.4657	6	0	5.9423	2.9218	21	1	0.141	0.4871	3	0	0.0527	5	133.4632	149.4624	202.1165	41.2412	5303.6118	11499.1562
72D_2_FITC.tif	Positive	Positive	PathAnnotationObject	Polygon	514.41	95.95	3.1371	6.1794	1	2.2112	1.7194	0.5477	16.6	166	16.2836	56	0	56	57	570	23.4994	107	24	83	15.7	157	16.5331	56	0	56	103.918	36.2574	0.9934	12.0315	10.6456	0.309	1.6955	4.4992	56	0	9.4474	11.0811	107	1	0.6541	4.2729	56	0	1.1133	1.6206	6	0	7.5898	3.997	24	1	0.0664	0.3185	2	0	0.0257	6	57.0627	52.4784	95.7599	34.1819	700.6583	1283.0453
72D_2_FITC.tif	Positive	Positive	PathAnnotationObject	Polygon	353.57	96.83	2.745	5.7529	1	1.8917	1.7656	0.3531	15.125	121	16.3133	34	0	34	46.5	372	24.0832	75	20	55	15.125	121	16.3133	34	0	34	98.8202	35.3538	0.9935	11.813	10.6456	0.2046	0.8419	3.8512	34	0	12.0672	7.7802	75	4	0.6047	3.8206	34	0	0.3755	0.8812	5	0	10.9429	2.3947	17	4	0.1306	0.55	4	0	0.0247	4	80.5898	82.4682	116.1815	41.2412	1391.3116	3148.0037
72D_2_FITC.tif	Positive	Positive	PathAnnotationObject	Polygon	423.41	98.56	3.9214	7.0117	1	2.5646	1.8786	0.5874	23.5455	259	29.344	91	0	91	91.5455	1007	37.914	165	47	118	24	264	29.7422	92	0	92	105.0945	36.585	0.9867	12.3205	10.6456	0.3676	1.8333	7.3408	91	0	20.5333	17.0703	165	5	0.9963	7.4472	92	0	0.9112	1.3625	6	0	17.5174	4.8961	36	5	0.0193	0.1379	1	0	0.0286	4	65.1659	58.2892	98.4946	45.5905	1588.734	3148.0037
72D_2_FITC.tif	Positive	Positive	PathAnnotationObject	Polygon	608.57	113.67	5.49	8.1837	1	2.8909	2.2404	0.6114	6.8667	103	10.6628	32	0	32	40.4667	607	18.5429	77	23	54	7	105	10.3303	31	0	31	114.5059	37.9834	0.9974	12.7546	11.2718	0.3615	0.7406	2.8873	32	0	7.8362	8.9627	77	2	0.4608	2.7516	31	0	0.4101	0.9486	5	0	6.0755	2.5558	19	2	0.1079	0.3836	2	0	0.0359	5	74.2991	79.0946	95.7599	32.8245	1094.4146	3025.5249
72D_2_FITC.tif	Positive	Positive	PathAnnotationObject	Polygon	543.43	113.97	1.9607	4.7828	1	1.9266	1.1132	0.7651	14	84	11.0815	25	0	25	38.6667	232	16.5972	53	17	36	14	84	11.0815	25	0	25	96.8594	34.9851	0.9945	11.541	10.0194	0.4399	1.7097	2.9838	25	0	12.0161	8.3146	53	3	0.4919	2.704	25	0	1.405	1.6502	7	0	11.3554	6.857	29	3	0.157	0.5391	4	0	0.0118	3	30.9464	32.3323	34.1819	26.3249	363.0169	449.916
72D_2_FITC.tif	Positive	Positive	PathAnnotationObject	Polygon	575.77	115.62	3.5293	6.7576	0.9712	2.5607	1.7193	0	10.9091	120	13.2397	43	0	43	49	539	20.035	92	25	67	10.8182	119	13.1668	43	0	43	108.2316	36.9931	0.9939	12.3979	10.6456	0.4313	0.7978	3.399	43	0	13.0469	9.4873	92	3	0.4838	3.2865	43	0	0.3797	0.9993	7	0	11.5602	4.7668	27	3	0.0564	0.3019	2	0	0.0286	5	48.3118	50.6691	64.4053	32.3323	702.8047	1165.8953
72D_2_FITC.tif	Positive	Positive	PathAnnotationObject	Polygon	461.19	124	3.5293	6.1369	1	2.3022	1.5551	0.6658	11.3	113	13.5076	43	0	43	46.3	463	18.5176	86	25	61	11.3	113	13.4334	43	0	43	103.918	36.2589	0.9933	12.332	10.6456	0.3881	0.7895	3.3434	43	0	10.4135	8.2459	86	3	0.6128	3.3064	43	0	0.3789	0.8219	5	0	9.0117	2.4662	23	3	0.1953	0.5815	3	0	0.0213	6	71.3721	64.7064	118.0037	33.1418	2125.2136	5870.9761
72D_2_FITC.tif	Positive	Positive	PathAnnotationObject	Polygon	529.53	136.27	1.1764	4.4604	0.7431	1.554	1.2517	0.7303	24.6667	148	19.6638	46	0	46	65.5	393	26.0979	92	32	60	24.6667	148	19.6638	46	0	46	95.683	34.646	1	11.5312	10.6456	0.2705	1.2571	4.7765	46	0	14.5143	9.5988	92	6	0.6857	4.7567	46	0	0.6695	1.051	5	0	13.2343	3.6014	25	6	0.0837	0.4598	4	0	0.0137	7	49.861	47.1221	69.3584	26.3249	830.9703	1930.1313
72D_2_FITC.tif	Positive	Positive	PathAnnotationObject	Polygon	172.2	144.33	4.3136	7.3594	1	2.6302	1.8786	0.6847	6.75	81	9.7433	29	0	29	41.25	495	16.1196	74	25	49	6.9167	83	9.5104	29	0	29	107.0552	36.9573	0.985	12.3476	10.6456	0.3254	2.4708	4.3198	29	0	12.3285	9.3723	74	2	0.4161	2.3924	29	0	2.2748	3.8258	17	0	11.0038	6.3803	31	2	0.1183	0.3782	2	0	0.0352	4	96.1886	103.8581	149.4624	27.5757	2904.9707	7571.6919
72D_2_FITC.tif	Positive	Positive	PathAnnotationObject	Polygon	668.36	161.02	5.8822	9.1133	0.89	3.249	2.3329	0.708	25.3333	456	27.7531	95	0	95	123.7778	2228	44.9778	205	55	150	24.7222	445	28.4931	95	0	95	115.2902	38.5999	0.9724	13.2845	11.4864	0.488	4.1751	9.5335	95	0	19.3131	30.7732	205	1	1.8552	9.2241	95	0	2.81	4.3378	45	0	12.5735	11.5076	73	1	0.3799	2.2148	31	0	0.0499	4	78.7635	94.1127	116.0637	10.7649	1147.5795	3025.5249
72D_2_FITC.tif	Positive	Positive	PathAnnotationObject	Polygon	157.73	167.71	9.0193	11.6254	0.8386	4.4554	2.9629	0.6566	3.037	82	5.1551	18	0	18	40.2963	1088	13.129	69	23	46	2.963	80	5.0572	17	0	17	139.9952	42.0613	0.9944	14.1377	12.5243	0.4347	0.595	1.8759	18	0	15.5251	9.3971	69	4	0.3715	1.6966	17	0	0.3958	1.0887	8	0	13.5045	5.2584	39	4	0.1601	0.7103	8	0	0.0653	4	60.3639	64.7001	84.4799	27.5757	844.1767	1194.6294
72D_2_FITC.tif	Positive	Positive	PathAnnotationObject	Polygon	677.6	167.34	5.49	8.045	1	2.8656	2.1634	0.6114	19.6667	295	22.1832	66	0	66	78.0667	1171	33.7077	139	33	106	18.2667	274	20.6102	64	0	64	109.408	37.4344	0.9811	12.141	11.2718	0.2646	2.225	6.832	66	0	10.8393	18.2686	139	1	1.1393	6.2002	64	0	1.2377	2.2293	11	0	7.034	4.5961	31	1	0.1698	0.7	5	0	0.0399	6	126.8277	139.9661	209.5502	10.7649	4030.1907	10439.3906
72D_2_FITC.tif	Positive	Positive	PathAnnotationObject	Polygon	559.03	172.52	18.4307	19.0629	0.6373	8.0768	3.2147	0.9181	19.9184	976	6.0856	33	4	29	54.8776	2689	3.4498	62	45	17	0.0816	4	0.4489	3	0	3	122.3488	43.1837	0.8245	16.8334	9.299	0.8295	11.8471	7.3798	33	0	41.3439	11.6032	62	13	0.1083	0.7201	8	0	10.3547	6.5962	27	0	38.8415	10.8249	60	13	0.1132	0.7603	8	0	0.1447	6	53.7805	54.2249	111.6876	4.357	1054.1937	3025.5249
72D_2_FITC.tif	Positive	Positive	PathAnnotationObject	Polygon	552.38	177.12	12.5486	15.7292	0.6374	6.5414	2.8209	0.9143	16.8649	624	2.6787	27	13	14	52.6486	1948	2.7408	58	48	10	0.0811	3	0.4932	3	0	3	114.1137	43.7418	0.7495	16.6601	9.0432	0.8583	8.2945	7.0581	30	0	35.8356	12.7673	58	6	0.0925	0.6488	9	0	7.051	6.6185	30	0	33.3961	11.7699	54	6	0.0941	0.6692	9	0	0.1116	4	22.3108	18.9957	46.8946	4.357	106.6144	255.8643
72D_2_FITC.tif	Positive	Positive	PathAnnotationObject	Polygon	381.59	187.8	2.745	5.8956	0.9924	2.1525	1.6133	0.3531	12.8889	116	15.5599	34	0	34	45.1111	406	21.8943	75	24	51	12.6667	114	15.3704	34	0	34	102.3494	35.9022	0.9978	11.8333	10.6456	0.3412	0.5992	3.6087	34	0	9.4618	8.191	75	4	0.5267	3.5543	34	0	0.1621	0.4644	2	0	8.1937	2.6959	21	4	0.0949	0.3658	2	0	0.0235	11	161.9818	175.7769	218.1127	95.1385	6969.8687	11975.0352
72D_2_FITC.tif	Positive	Positive	PathAnnotationObject	Polygon	558.64	192.22	29.8029	25.9235	0.5573	9.7166	4.8561	0.9011	20.8519	1689	5.4339	32	6	26	53.4938	4333	6.9049	64	35	29	0.1852	15	0.6729	4	0	4	162.7395	51.645	0.7667	20.3291	10.2628	0.8691	11.5659	8.0519	32	0	34.4269	12.8377	64	8	0.1703	0.7547	10	0	9.3274	6.898	27	0	29.8304	9.1748	63	8	0.1667	0.774	10	0	0.187	6	57.5875	41.9823	123.2139	5.1501	912.3828	3781.6191
72D_2_FITC.tif	Positive	Positive	PathAnnotationObject	Polygon	552.45	198.07	17.6465	21.1624	0.4951	8.4718	3.7939	0.9062	17.6471	900	5.8577	30	7	23	52.2353	2664	5.1013	63	40	23	0.2353	12	0.7096	3	0	3	129.7995	47.3939	0.7262	19.0184	9.2405	0.8641	9.5181	7.9147	30	0	38.5512	9.8447	63	18	0.1657	0.6639	5	0	8.0427	7.3284	28	0	36.0676	8.3443	57	18	0.153	0.6558	5	0	0.1427	6	73.7641	63.0781	172.4159	5.1501	2233.3738	5870.9761
72D_2_FITC.tif	Positive	Positive	PathAnnotationObject	Polygon	102.45	220.79	18.0386	18.8645	0.637	7.8518	3.1191	0.9303	2.7115	141	4.599	17	0	17	48.3077	2512	13.9811	87	28	59	2.8269	147	4.6049	17	0	17	184.3074	49.6273	0.9404	18.2194	12.8827	0.7073	0.8047	1.9915	17	0	15.6624	14.5218	87	1	0.4459	1.8383	17	0	0.568	1.1706	7	0	11.611	8.0149	41	1	0.1504	0.648	7	0	0.0997	5	60.382	45.7798	103.2558	37.002	620.4736	1194.6294
72D_2_FITC.tif	Positive	Positive	PathAnnotationObject	Polygon	148.45	219.92	6.2743	9.3102	0.9096	3.4902	1.9508	0.8555	5.3889	97	7.2122	27	0	27	42.1667	759	11.8632	72	22	50	5.4444	98	7.1226	27	0	27	122.3488	39.5799	0.9814	13.356	11.2718	0.4657	0.6955	2.2469	27	0	11.4808	9.8979	72	2	0.4744	2.2077	27	0	0.4082	0.9511	10	0	9.602	5.8678	46	2	0.1701	0.787	11	0	0.0437	4	42.5589	45.2724	53.1135	26.577	829.6942	1194.6294
72D_2_FITC.tif	Positive	Positive	PathAnnotationObject	Polygon	133.02	241.6	18.0386	18.9634	0.6303	8.0515	3.7097	0.8771	2.098	107	3.7216	13	0	13	48.098	2453	18.1254	88	13	75	2.3333	119	3.7506	13	0	13	190.1896	50.5233	0.9363	18.2924	13.1183	0.7198	0.4774	1.8317	16	0	15.9362	14.5971	88	2	0.4609	1.8516	16	0	0.2874	1.345	16	0	12.1655	8.0288	56	2	0.2414	1.323	16	0	0.0927	6	36.7523	34.4144	50.5594	26.577	533.6491	1101.5985
72D_2_FITC.tif	Positive	Positive	PathAnnotationObject	Polygon	183.16	248.27	5.49	9.0731	0.8381	3.5941	1.8733	0.8132	15.1176	257	17.4638	56	0	56	69.3529	1179	29.3278	130	37	93	15.1176	257	17.6277	56	0	56	119.9959	39.0889	0.9869	13.646	11.6513	0.4879	1.4156	5.2942	56	0	9.6948	16.4597	130	0	0.9448	5.3026	56	0	0.6151	1.0937	5	0	6.2096	4.3041	34	0	0.1168	0.3984	2	0	0.0438	10	100.3543	75.5763	207.352	44.765	3864.0598	11975.0352
72D_2_FITC.tif	Positive	Positive	PathAnnotationObject	Polygon	107.24	259.43	17.6465	18.8595	0.6235	6.4928	3.934	0.8021	2.375	114	3.381	14	0	14	48.4375	2325	14.3822	81	21	60	1.7083	82	3.4515	14	0	14	153.7202	46.8608	0.8797	15.8278	13.2258	0.5103	3.5671	4.1302	18	0	19	14.918	81	1	0.2962	1.4846	14	0	3.732	4.2009	18	0	14.928	9.4062	50	1	0.1009	0.7593	11	0	0.1132	5	63.8799	30.9719	214.1214	12.3109	247.1354	540.4729
72D_2_FITC.tif	Positive	Positive	PathAnnotationObject	Polygon	549.5	257.68	4.3136	7.6448	0.9275	3.0352	1.8521	0.7323	6.6923	87	9.1048	32	0	32	47.2308	614	16.0839	84	30	54	6.6923	87	9.1048	32	0	32	110.5845	37.5044	0.988	12.8087	10.6456	0.4659	1.4382	2.7313	32	0	16.7102	9.4562	84	4	0.3534	2.3555	32	0	1.1852	1.6504	8	0	15.2407	5.9174	31	4	0.0481	0.2884	3	0	0.0346	7	118.7392	140.834	181.8039	60.5708	5279.002	10439.3906
72D_2_FITC.tif	Positive	Positive	PathAnnotationObject	Polygon	117.1	269.15	26.6658	27.1072	0.456	11.1146	5.3184	0.9284	2.5143	176	4.4713	19	0	19	44.5429	3118	11.588	73	20	53	2.4714	173	4.4809	19	0	19	196.4639	52.4964	0.8958	17.8261	14.7835	0.5704	1.0517	2.2935	19	0	17.503	13.6979	73	2	0.5189	1.9828	19	0	0.8152	1.5864	9	0	13.1316	7.6787	41	2	0.2032	0.8024	8	0	0.1327	5	18.2818	15.2647	31.8267	12.3109	114.6255	285.4643
72D_2_FITC.tif	Positive	Positive	PathAnnotationObject	Polygon	113.75	281.03	6.2743	9.8638	0.8104	4.1178	1.9363	0.8444	1.8421	35	3.1138	9	0	9	36.3684	691	8.8457	52	25	27	1.7368	33	3.0156	9	0	9	98.0359	36.871	0.9062	12.6497	10.547	0.3752	0.4822	1.3499	9	0	19.5257	13.5294	57	2	0.3281	1.2081	9	0	0.3718	1.0289	6	0	18.1581	12.9196	57	2	0.2137	0.8372	5	0	0.0584	7	56.3408	22.4097	191.7993	8.1707	425.8707	1752.7764
72D_2_FITC.tif	Positive	Positive	PathAnnotationObject	Polygon	122.83	281.62	10.1957	12.1796	0.8637	4.6967	3.0837	0.7452	3.069	89	4.1051	17	0	17	41.1724	1194	9.6882	66	27	39	2.6897	78	4.4889	18	0	18	73.723	34.9735	0.7574	13.9067	7.8872	0.8344	1.3264	2.3144	17	0	18.8705	12.3714	66	5	0.6062	2.0818	18	0	1.0183	1.667	7	0	14.9268	7.7472	42	5	0.2378	0.857	6	0	0.1336	3	9.5215	8.1707	15.2647	5.1292	26.8107	50.6121
72D_2_FITC.tif	Positive	Positive	PathAnnotationObject	Polygon	128.92	286.19	10.5879	12.5325	0.8471	4.6646	2.9867	0.7631	1.7	51	3.5052	14	0	14	38.3333	1150	8.5675	62	21	41	1.6333	49	3.3885	13	0	13	100.3887	38.3537	0.8576	13.2566	9.696	0.6418	0.8726	1.8287	14	0	13.1313	11.8072	62	2	0.3205	1.4419	13	0	0.7642	1.4559	9	0	9.8297	7.3414	45	2	0.1485	0.7973	9	0	0.1027	6	29.5687	24.4362	66.6727	5.1292	361.058	1101.5985
72D_2_FITC.tif	Positive	Positive	PathAnnotationObject	Polygon	179.7	299.76	16.47	16.4071	0.7688	6.9888	3.4226	0.8686	0.9362	44	1.8226	8	0	8	35.2766	1658	9.8416	58	17	41	1.3404	63	1.9921	9	0	9	170.5824	47.1859	0.9628	16.6569	12.5243	0.6451	0.6216	1.1493	8	0	10.8532	9.8854	58	2	0.2041	0.8092	9	0	0.5835	1.0361	5	0	7.9023	4.1338	25	2	0.0668	0.2972	2	0	0.0989	5	70.8492	81.7622	95.4797	30.9166	1778.551	3417.387
72D_2_FITC.tif	Positive	Positive	PathAnnotationObject	Polygon	149.21	304.65	9.0193	10.5041	1	3.7557	3.0327	0.5333	4	92	5.0452	20	0	20	42.1739	970	14.9899	78	20	58	3.2174	74	5.4352	21	0	21	128.6231	40.3709	0.9917	13.6379	11.8981	0.3562	0.7781	2.0188	20	0	14.2584	12.0746	78	1	0.4894	1.9586	21	0	0.5359	1.3059	13	0	12.1601	8.7978	49	1	0.2843	1.1794	13	0	0.0579	5	48.2192	41.5278	73.4266	29.2767	822.4706	1174.3644
72D_2_FITC.tif	Positive	Positive	PathAnnotationObject	Polygon	501.65	316.16	3.9214	7.156	0.9623	2.4307	1.9798	0.6913	9	108	5.5759	19	3	16	52.1667	626	12.0139	70	39	31	4.5833	55	6.8285	16	0	16	108.6237	37.0761	0.993	12.4014	11.2718	0.2522	6.7986	5.5077	19	0	32.8309	10.2976	70	14	0.277	1.7033	16	0	6.6992	5.4944	19	0	31.9586	9.3358	53	14	0.0827	0.4686	5	0	0.0314	5	125.9468	129.8277	175.7769	75.4386	6526.3286	9558
72D_2_FITC.tif	Positive	Positive	PathAnnotationObject	Polygon	663.63	340.03	3.5293	6.4554	1	2.4015	1.6529	0.6658	16.8	168	15.5263	52	0	52	72	720	21.0449	115	47	68	16.1	161	15.6095	52	0	52	103.918	36.2509	0.9937	11.8728	10.6456	0.3176	1.0714	4.3235	52	0	21.3421	11.9953	115	10	0.6128	4.2056	52	0	0.457	0.9151	5	0	19.3633	5.4157	38	10	0.0078	0.0882	1	0	0.0262	4	117.0528	113.4299	173.4404	67.911	6144.624	10439.3906
72D_2_FITC.tif	Positive	Positive	PathAnnotationObject	Polygon	264.11	344.4	6.6664	9.3394	0.9604	3.6229	2.2377	0.7651	6.5556	118	7.9055	28	0	28	52.2778	941	16.8097	87	32	55	6.7778	122	7.5347	27	0	27	120.7802	39.1476	0.9904	13.2456	11.2718	0.4605	0.7638	2.4862	28	0	17.2621	10.5091	87	3	0.4951	2.394	27	0	0.4055	0.8308	4	0	15.0962	4.4634	33	3	0.1065	0.397	3	0	0.0434	6	106.7086	102.2443	195.7111	28.0602	4818.54	11975.0352
72D_2_FITC.tif	Positive	Positive	PathAnnotationObject	Polygon	246.75	366.33	4.7057	7.1041	1	2.3099	2.1902	0	18.75	225	19.1127	58	0	58	75	900	27.0555	124	49	75	19	228	18.6548	58	1	57	107.8395	36.7448	1	11.8852	11.2718	0.1195	1.2138	5.4253	58	0	9.6232	15.4535	124	2	0.8659	5.3821	58	0	0.4167	0.9108	5	0	6.6515	3.8999	31	2	0.0417	0.2184	2	0	0.0306	6	73.0073	86.0859	94.508	28.0602	1968.9329	3417.387
72D_2_FITC.tif	Positive	Positive	PathAnnotationObject	Polygon	723.76	371.6	7.0586	9.2738	1	3.281	2.3275	0.7179	17.3889	313	19.6593	61	0	61	100.6667	1812	34.5271	164	62	102	19.1667	345	21.6856	69	0	69	120.7802	39.1419	0.9907	13.285	11.8981	0.3777	4.0194	6.4309	61	0	34.3689	19.6394	164	6	1.2654	6.802	69	0	3.1924	3.0801	11	0	30.268	7.0762	53	6	0.1581	0.6714	7	0	0.0476	4	147.9401	157.1495	209.5502	67.911	4824.4224	6288.6997
72D_2_FITC.tif	Positive	Positive	PathAnnotationObject	Polygon	155.63	377.76	17.6465	17.5872	0.7169	7.1841	3.851	0.8495	1.6923	88	2.2188	7	0	7	56.3846	2932	18.2232	88	22	66	2.3269	121	2.6915	8	0	8	178.8174	47.9685	0.9766	16.9206	13.6606	0.5935	0.3443	1.0109	7	0	16.0329	18.3059	88	1	0.4474	1.2725	8	0	0.1708	0.5158	3	0	10.8391	9.9588	48	1	0.2054	0.63	4	0	0.1091	6	83.2964	86.0641	104.9055	57.6282	1858.9603	3417.387
72D_2_FITC.tif	Positive	Positive	PathAnnotationObject	Polygon	601.26	399.46	3.9214	7.1322	0.9687	2.4322	2.1119	0.6913	21.8333	262	20.1757	64	0	64	95.8333	1150	31.605	151	55	96	21.5	258	20.778	64	0	64	108.6237	37.0654	0.9936	12.3454	11.2718	0.1518	1.1871	5.9868	64	0	18.8777	18.6348	151	8	1.0612	6.0228	64	0	0.2556	0.6283	4	0	15.406	6.4223	47	8	0.1391	0.4752	3	0	0.0302	7	113.4855	106.0063	150.9384	86.0257	4183.1763	6288.6997
72D_2_FITC.tif	Positive	Positive	PathAnnotationObject	Polygon	431.46	400.15	5.49	7.7429	1	2.8867	2.1124	0.6521	15.7143	220	21.8084	69	0	69	89.8571	1258	32.7129	155	50	105	16.7143	234	21.5814	69	0	69	110.9766	37.4895	0.9923	12.845	11.2718	0.3382	0.993	5.7951	69	0	21.8944	18.7123	155	6	0.9296	5.8836	69	0	0.2296	0.6945	4	0	18.3704	7.9877	46	6	0.1111	0.5197	4	0	0.038	9	101.1405	100.3096	218.1127	53.7666	3354.2007	9558
72D_2_FITC.tif	Positive	Positive	PathAnnotationObject	Polygon	355.65	403.75	23.1365	20.3038	0.7053	8.052	4.0899	0.8593	0.4615	30	1.3702	7	0	7	44.5385	2895	7.8304	62	29	33	0.5077	33	1.3821	7	0	7	196.4639	50.5654	0.9656	17.6937	13.6886	0.6374	0.4462	1.0573	9	0	21.1275	12.395	62	5	0.251	0.8713	9	0	0.4439	1.0044	9	0	17.6453	8.5836	56	5	0.2128	0.7621	9	0	0.1244	5	92.4516	76.0223	217.5404	20.1799	4233.6372	10643.1094
72D_2_FITC.tif	Positive	Positive	PathAnnotationObject	Polygon	316.91	412.62	6.2743	8.9782	0.9781	3.5401	2.0555	0.7526	9.3529	159	12.6636	42	0	42	66.9412	1138	24.074	115	37	78	9.1765	156	12.4611	41	0	41	119.2116	38.9055	0.9897	13.3218	11.2718	0.4679	0.8333	3.6469	42	0	16.5915	14.7286	115	5	0.6046	3.5497	41	0	0.3322	0.7995	4	0	13.6298	6.2526	44	5	0.1003	0.354	2	0	0.044	7	68.5626	63.8788	88.8143	39.5062	1493.8141	2340.6118
72D_2_FITC.tif	Positive	Positive	PathAnnotationObject	Polygon	371.05	416.5	19.6072	17.8612	0.7723	7.4507	3.5424	0.881	1.7273	95	2.8117	11	0	11	50.4182	2773	12.3028	71	25	46	1.9455	107	2.9276	12	0	12	172.9353	47.735	0.9537	17.3082	13.284	0.6124	0.6072	1.4075	11	0	18.5982	13.5885	71	6	0.2596	1.2137	12	0	0.4485	0.9777	6	0	14.0876	5.0473	38	6	0.0206	0.1594	2	0	0.1131	6	42.6446	44.0396	72.3759	12.8339	705.7239	1656.2485
72D_2_FITC.tif	Positive	Positive	PathAnnotationObject	Polygon	253.33	417.39	21.5679	18.3324	0.8065	6.7291	4.8665	0.7163	1.9298	110	3.7505	21	0	21	53.193	3032	14.3159	91	27	64	2.0526	117	3.7579	21	0	21	183.131	48.774	0.9674	16.3458	13.7767	0.4691	0.5525	1.7661	21	0	20.3747	14.8913	91	4	0.4475	1.7685	21	0	0.361	1.1518	10	0	15.8122	7.3229	49	4	0.2244	1.105	11	0	0.1166	5	57.9039	55.8153	70.1127	48.0986	1422.7302	1808.9169
72D_2_FITC.tif	Positive	Positive	PathAnnotationObject	Polygon	382.94	422.57	12.5486	14.4675	0.7534	5.0759	3.8643	0.5939	5.1389	185	6.0576	27	0	27	65.6667	2364	20.8231	105	31	74	5.3889	194	6.0817	28	0	28	146.2695	44.0882	0.9456	14.6489	12.2503	0.5314	0.8747	2.4359	27	0	18.0907	17.8448	105	3	0.5707	2.4494	28	0	0.4218	0.7895	3	0	13.0383	6.3852	46	3	0.059	0.271	2	0	0.0898	3	30.9716	26.3143	53.7666	12.8339	350.7787	624.7101
72D_2_FITC.tif	Positive	Positive	PathAnnotationObject	Polygon	183.91	428.08	13.3329	13.3808	0.9358	5.2352	3.1311	0.7634	3.0556	110	3.7259	11	0	11	56.8333	2046	14.9102	88	32	56	3.0556	110	3.7336	11	0	11	148.2302	43.6924	0.9757	14.7219	11.8981	0.5523	0.6755	1.6833	11	0	14.3747	16.2688	88	1	0.4433	1.5999	11	0	0.4257	1.0258	8	0	9.9184	7.7527	52	1	0.1691	0.7802	8	0	0.0799	6	56.2529	52.8312	88.0117	35.6812	1237.5671	2447.2339
72D_2_FITC.tif	Positive	Positive	PathAnnotationObject	Polygon	216.23	447.97	9.0193	12.8079	0.6909	5.4009	2.3656	0.8679	6.7037	181	10.4064	36	0	36	60.0741	1622	26.1371	109	22	87	6.7778	183	10.2669	36	0	36	147.4459	43.9348	0.9599	15.9917	11.9904	0.651	0.8753	3.2784	36	0	14.7321	15.7054	109	2	0.557	3.2219	36	0	0.4257	0.8251	4	0	11.2343	6.5975	43	2	0.0771	0.3252	2	0	0.0632	5	32.4193	38.0494	48.0986	15.9423	508.4578	1015.7524
72D_2_FITC.tif	Positive	Positive	PathAnnotationObject	Polygon	380.95	448.79	21.96	20.781	0.639	7.9325	4.6642	0.8621	1.1613	72	1.9094	7	0	7	49.2903	3056	12.3678	78	25	53	1.2742	79	2.0014	7	0	7	198.0325	50.7626	0.9657	17.9282	14.4029	0.6064	0.496	1.2901	11	0	20.7016	13.9356	78	5	0.3755	1.2289	11	0	0.4032	1.1509	11	0	16.7095	8.3641	49	5	0.25	1.0204	11	0	0.1125	6	50.9861	52.2889	71.2024	26.3143	1057.6284	2494.7905
72D_2_FITC.tif	Positive	Positive	PathAnnotationObject	Polygon	529.72	451.47	3.9214	6.7556	1	2.4265	1.6236	0.5923	26.8182	295	27.3087	83	0	83	97.7273	1075	32.4348	159	57	102	23.8182	262	26.0876	80	0	80	69.0173	32.5483	0.8187	12.3615	7.2957	0.7996	2.3833	9.0851	83	0	24.1611	21.6847	159	7	1.5222	8.4075	80	0	0.7929	1.3839	6	0	19.3728	7.8085	56	7	0.071	0.3712	4	0	0.044	6	79.2461	82.2443	139.1301	2.4943	2651.5352	5925.7339
72D_2_FITC.tif	Positive	Positive	PathAnnotationObject	Polygon	525.41	455.58	1.5686	4.5074	0.9702	1.8094	1.0518	0.7319	11	55	9.5917	26	2	24	50.6	253	13.1073	68	32	36	10.8	54	9.9348	26	0	26	52.9394	28.589	0.8139	11.3857	6.1725	0.8277	1.6131	2.8882	26	0	22.5036	7.0545	68	14	0.4307	2.6563	26	0	1.2576	1.5364	6	0	21.4394	3.8922	38	14	0.0379	0.228	2	0	0.0193	4	69.3988	82.7421	109.6166	2.4943	2035.4495	4819.8311
72D_2_FITC.tif	Positive	Positive	PathAnnotationObject	Polygon	202.39	456.58	3.5293	6.452	1	2.2115	1.7424	0.6658	3.2	32	3.5214	12	0	12	40.7	407	9.8212	59	28	31	2.5	25	3.8658	12	0	12	67.4487	31.5223	0.853	11.8962	7.0848	0.7853	1.3864	1.7916	12	0	20.4091	8.4652	59	5	0.1818	1.1166	12	0	1.2771	1.5864	5	0	19.1867	6.6548	53	5	0.0422	0.4023	5	0	0.0395	4	25.4088	25.8118	47.1669	2.8449	288.6312	787.0867
72D_2_FITC.tif	Positive	Positive	PathAnnotationObject	Polygon	206.48	461.49	4.3136	7.3073	1	2.7815	1.7747	0.7243	7.1667	86	8.0547	20	0	20	54.5833	655	14.8658	77	38	39	6.25	75	8.4329	20	0	20	69.0173	32.5795	0.8171	12.6734	6.9713	0.8305	0.9096	3.0494	20	0	19.2542	12.3444	77	8	0.6497	2.8745	20	0	0.4545	1.5982	14	0	16.6848	7.1233	52	8	0.2424	1.2791	10	0	0.0518	5	37.8551	48.4174	73.1458	2.8449	375.8494	1072.8007
72D_2_FITC.tif	Positive	Positive	PathAnnotationObject	Polygon	157.67	468.16	14.9015	15.8743	0.7431	5.4767	4.1475	0.5064	0.7561	31	1.7433	7	0	7	34.6829	1422	10.287	57	18	39	0.6585	27	1.6675	6	0	6	167.4453	46.6082	0.9686	15.6204	13.7767	0.2391	0.5316	1.6404	16	0	15.2904	8.8275	57	4	0.2974	1.5068	16	0	0.5078	1.6297	16	0	13.2306	5.5611	43	4	0.2591	1.4859	16	0	0.0878	7	107.9085	90.3659	214.1214	47.1669	850.7181	1752.7764
72D_2_FITC.tif	Positive	Positive	PathAnnotationObject	Polygon	252.2	473.36	10.1957	11.365	0.9919	4.0477	3.1026	0.5679	9.8148	265	8.8754	35	0	35	97.3333	2628	26.037	142	59	83	9.5556	258	9.0398	35	0	35	132.1523	41.1533	0.9806	13.6198	11.8981	0.2966	1.5266	3.7378	35	0	28.2959	22.7651	142	11	0.8136	3.6106	35	0	0.8071	1.4418	7	0	22.3022	7.4413	59	11	0.0547	0.29	2	0	0.0637	6	56.7413	52.2396	88.8143	27.4901	1105.7047	2340.6118
72D_2_FITC.tif	Positive	Positive	PathAnnotationObject	Polygon	327.99	474.66	8.6272	11.3018	0.8488	4.3355	2.8251	0.7428	3.7083	89	5.4172	19	0	19	47.25	1134	14.1675	81	30	51	3.4167	82	5.6485	19	0	19	134.5052	41.6282	0.9754	14.1314	11.8981	0.4737	0.4797	1.8021	19	0	18.3052	10.0562	81	7	0.2471	1.704	19	0	0.2375	0.7299	5	0	16.1344	5.1483	35	7	0.0094	0.0965	1	0	0.0637	7	68.4711	67.2633	80.853	58.8749	1295.9639	2340.6118
72D_2_FITC.tif	Positive	Positive	PathAnnotationObject	Polygon	269.88	494.22	16.8622	15.794	0.8494	6.1778	3.7877	0.7872	5.1915	244	7.9636	28	0	28	93.8511	4411	29.1368	154	38	116	5.1702	243	8.028	29	0	29	167.0531	46.4456	0.9731	16.3548	13.5418	0.5431	1.1612	3.1741	28	0	32.1565	25.4038	154	8	0.6752	3.1092	29	0	0.664	1.1776	6	0	24.5459	9.6729	64	8	0.1207	0.5038	5	0	0.0991	5	82.0355	73.1458	132.8788	27.4901	968.85	1650.8159
72D_2_FITC.tif	Positive	Positive	PathAnnotationObject	Polygon	392.86	492.93	1.5686	4.1031	1	1.6477	1.0195	0.7319	38	190	21.3542	51	0	51	82.8	414	31.3241	101	27	74	38	190	21.3542	51	0	51	91.7616	34.0795	0.9929	11.4291	10.0194	0.3817	1.4237	6.1622	51	0	17.8983	12.5491	101	4	0.9534	6.1549	51	0	0.632	1.0749	5	0	16.4935	7.0912	34	4	0.1515	0.5425	3	0	0.0098	4	41.8455	41.8265	67.2633	16.4657	662.7381	1320.4731
72D_2_FITC.tif	Positive	Positive	PathAnnotationObject	Polygon	429.93	500.42	13.3329	12.6818	1	4.2994	3.6843	0.5016	3.2286	113	2.9614	13	0	13	61.6857	2159	13.1949	89	41	48	2.8286	99	3.502	16	0	16	142.7402	42.5401	0.9912	14.1475	12.5243	0.289	1.1781	1.8107	13	0	25.4	15.8821	89	4	0.3096	1.3947	16	0	0.9606	1.4921	7	0	21.5515	10.3032	51	4	0.0424	0.3715	6	0	0.0821	6	78.079	85.756	123.6561	28.1246	1976.6857	4819.8311
72D_2_FITC.tif	Positive	Positive	PathAnnotationObject	Polygon	581.31	503.83	11.7643	13.0852	0.8634	4.9412	3.271	0.7098	8.4688	271	2.4755	12	1	11	54	1728	4.6973	61	41	20	0.2812	9	0.6832	3	0	3	116.4666	40.8471	0.8772	14.6153	9.7603	0.7308	4.0101	3.5023	14	0	39.3658	9.0838	61	19	0.1678	0.6451	6	0	3.4737	3.2157	14	0	37.6053	7.8056	58	19	0.1541	0.6404	6	0	0.0964	4	54.2818	51.769	106.0063	7.5828	1131.5192	3295.9688
72D_2_FITC.tif	Positive	Positive	PathAnnotationObject	Polygon	591.33	504.99	16.47	16.3196	0.7771	6.8078	3.2513	0.8469	3.8298	180	2.5987	12	0	12	53.2553	2503	4.5705	63	42	21	0.3617	17	0.9874	4	0	4	139.9952	43.6911	0.9216	15.9865	11.5937	0.6783	2.9387	2.5196	12	0	39.4875	9.6875	63	13	0.2061	0.7745	7	0	2.8045	2.4841	10	0	37.4135	8.4841	55	13	0.1827	0.7363	7	0	0.1098	4	84.6867	71.2445	188.6752	7.5828	2237.2827	6288.6997
72D_2_FITC.tif	Positive	Positive	PathAnnotationObject	Polygon	402.51	506.29	20.3915	19.9244	0.6455	7.5461	4.5134	0.8345	2.1724	126	2.4071	11	0	11	46.5517	2700	6.3967	59	34	25	0.3448	20	1.085	5	0	5	191.366	50.1882	0.9547	17.3748	14.1251	0.5609	2.2229	2.5239	11	0	27.8957	10.1058	59	7	0.1636	0.6667	7	0	2.2297	2.5419	11	0	25.3852	7.564	45	7	0.1392	0.586	7	0	0.1086	5	81.8742	80.853	151.0487	16.4657	659.9496	1650.8159
72D_2_FITC.tif	Positive	Positive	PathAnnotationObject	Polygon	553.52	505.94	10.98	14.6413	0.6437	5.0402	3.5154	0.7707	2.9091	96	2.8871	11	0	11	52.0606	1718	5.4368	67	44	23	0.6667	22	1.6708	7	0	7	157.2495	44.9515	0.9779	15.3671	13.4011	0.3764	3.7811	2.9241	13	0	34.7264	11.2118	67	5	0.1468	0.6631	7	0	3.8591	2.9186	13	0	33.1762	10.2495	53	5	0.1003	0.4583	4	0	0.0733	6	76.2958	58.6084	151.0487	29.195	891.2172	3121.6753
