Image	Name	Class	Parent	ROI	Centroid X µm	Centroid Y µm	Nucleus: Area	Nucleus: Perimeter	Nucleus: Circularity	Nucleus: Max caliper	Nucleus: Min caliper	Nucleus: Eccentricity	Nucleus: Red mean	Nucleus: Red sum	Nucleus: Red std dev	Nucleus: Red max	Nucleus: Red min	Nucleus: Red range	Nucleus: Green mean	Nucleus: Green sum	Nucleus: Green std dev	Nucleus: Green max	Nucleus: Green min	Nucleus: Green range	Nucleus: Blue mean	Nucleus: Blue sum	Nucleus: Blue std dev	Nucleus: Blue max	Nucleus: Blue min	Nucleus: Blue range	Cell: Area	Cell: Perimeter	Cell: Circularity	Cell: Max caliper	Cell: Min caliper	Cell: Eccentricity	Cell: Red mean	Cell: Red std dev	Cell: Red max	Cell: Red min	Cell: Green mean	Cell: Green std dev	Cell: Green max	Cell: Green min	Cell: Blue mean	Cell: Blue std dev	Cell: Blue max	Cell: Blue min	Cytoplasm: Red mean	Cytoplasm: Red std dev	Cytoplasm: Red max	Cytoplasm: Red min	Cytoplasm: Green mean	Cytoplasm: Green std dev	Cytoplasm: Green max	Cytoplasm: Green min	Cytoplasm: Blue mean	Cytoplasm: Blue std dev	Cytoplasm: Blue max	Cytoplasm: Blue min	Nucleus/Cell area ratio	Delaunay: Num neighbors	Delaunay: Mean distance	Delaunay: Median distance	Delaunay: Max distance	Delaunay: Min distance	Delaunay: Mean triangle area	Delaunay: Max triangle area
85G_2_FITC.tif	Positive	Positive	PathAnnotationObject	Polygon	340.61	86.07	15.6857	16.9401	0.6869	5.4924	4.7211	0.6212	6.6818	294	9.1417	35	0	35	71.9773	3167	17.8697	110	40	70	6.75	297	9.0223	34	0	34	77.2523	36.5318	0.7274	13.4745	9.8107	0.5528	1.8308	5.0161	35	0	25.5274	28.332	110	1	1.4826	5.032	34	0	0.4713	0.8515	3	0	12.5096	12.7272	74	1	0.0064	0.0798	1	0	0.1999	4	25.4992	6.358	84.9764	4.3043	67.8886	176.4036
85G_2_FITC.tif	Positive	Positive	PathAnnotationObject	Polygon	333.47	85.64	4.3136	7.3594	1	2.6302	1.8786	0.6847	2.75	33	3.1945	8	0	8	48.9167	587	8.5223	62	32	30	2.5833	31	2.9375	7	0	7	27.0579	20.1012	0.8415	7.8172	3.9714	0.8761	0.7857	1.7928	8	0	21.1429	17.5345	62	3	0.5	1.5299	7	0	0.3793	0.9702	4	0	15.3966	12.7347	51	3	0.069	0.2556	1	0	0.1451	4	50.0476	48.8849	98.2925	4.128	59.7354	151.7677
85G_2_FITC.tif	Positive	Positive	PathAnnotationObject	Polygon	243.17	91.24	12.9407	13.4513	0.8988	4.655	3.9678	0.3399	6.3429	222	6.3196	20	0	20	91.6286	3207	28.5514	136	39	97	6.3714	223	6.4675	21	0	21	111.7609	41.7637	0.8052	14.2558	10.4102	0.708	1.1638	3.1218	20	0	21.561	29.0207	136	3	0.8885	3.0637	21	0	0.4444	1.198	8	0	11.8294	8.3393	64	3	0.127	0.5047	3	0	0.1118	5	69.3832	89.8986	93.4656	4.8446	832.2607	3394.6562
85G_2_FITC.tif	Positive	Positive	PathAnnotationObject	Polygon	330.98	92.08	13.725	16.5984	0.626	6.2761	3.6842	0.8481	8.8462	345	8.2543	38	0	38	81.0256	3160	19.9611	111	44	67	8	312	8.6054	38	0	38	108.6237	39.6196	0.8696	13.5512	10.9054	0.5721	4.6237	4.7489	38	0	29.595	23.3227	111	4	1.147	4.2218	38	0	3.9375	3.4666	15	0	21.2375	8.2212	65	4	0.0333	0.2216	2	0	0.1196	6	85.0155	50.2123	238.5766	4.128	2215.9272	8694.293
85G_2_FITC.tif	Positive	Positive	PathAnnotationObject	Polygon	234.5	90.89	9.8036	12.9137	0.7387	4.9649	2.7532	0.8822	4.1429	116	5.6353	23	0	23	65.2143	1826	16.3398	95	27	68	4.2857	120	5.5635	23	0	23	90.193	34.5416	0.9499	12.491	9.3932	0.6316	0.9483	2.5272	23	0	17.9267	20.1522	95	4	0.5474	2.3627	23	0	0.5098	1.2014	7	0	11.4363	8.7094	64	4	0.0343	0.2077	2	0	0.1054	4	73.9759	81.5164	128.026	4.8446	148.6945	300.1377
85G_2_FITC.tif	Positive	Positive	PathAnnotationObject	Polygon	343.04	93.88	3.1371	6.1927	1	2.2889	1.585	0.5477	5.8	58	7.3907	24	0	24	41.8	418	11.9889	67	28	39	5.8	58	7.1149	23	0	23	62.743	29.3923	0.9127	11.1987	7.5614	0.7265	2.8642	3.3297	24	0	19.537	8.3347	67	4	0.4012	2.1967	23	0	2.6711	2.8209	9	0	18.0724	5.5243	27	4	0.0461	0.2659	2	0	0.0376	7	177.299	242.6134	320.1269	5.3713	8956.9189	21248.25
85G_2_FITC.tif	Positive	Positive	PathAnnotationObject	Polygon	422.9	103.22	13.3329	15.0046	0.7442	6.1303	2.9583	0.8934	7.1944	259	6.3011	25	0	25	56.9722	2051	16.4638	93	31	62	3.4722	125	5.542	23	0	23	155.681	45.1397	0.9601	16.0447	12.4651	0.6429	3.3734	3.5321	25	0	23.0351	13.6902	93	4	0.3258	1.9242	23	0	2.9945	2.8778	10	0	19.6694	7.3455	45	4	0.0138	0.1384	2	0	0.079	8	92.161	72.1109	232.1551	60.9394	2132.0449	8380.9248
85G_2_FITC.tif	Positive	Positive	PathAnnotationObject	Polygon	487.53	113.63	6.6664	12.7864	0.5124	4.2005	3.6655	0.5456	9.0909	200	9.7781	29	0	29	110.2727	2426	23.1562	145	72	73	8.9545	197	9.6633	29	0	29	39.2143	28.934	0.5886	10.5928	5.0773	0.9184	2.4231	5.8121	29	0	44.6538	41.3458	145	6	2.1442	5.7983	29	0	0.6341	1.6888	13	0	27.0488	23.4841	95	6	0.3171	1.6015	13	0	0.1896	5	6.1253	5.638	11.334	3.1767	14.6544	32.7003
85G_2_FITC.tif	Positive	Positive	PathAnnotationObject	Polygon	491.66	112.46	5.0979	8.5583	0.8746	2.9965	2.383	0.4033	15.6	234	14.8362	46	0	46	117.1333	1757	24.5818	155	70	85	17.5333	263	14.8654	48	0	48	24.705	19.8025	0.7917	7.9891	3.7573	0.8673	3.7273	9.4829	46	0	44.8939	44.8646	155	7	3.9848	10.12	48	0	0.2353	0.7372	4	0	23.6471	20.5298	82	7	0	0	0	0	0.2097	5	17.9366	4.8802	70.1574	3.1484	22.0539	68.991
85G_2_FITC.tif	Positive	Positive	PathAnnotationObject	Polygon	497.29	113.95	4.3136	7.3715	0.9976	2.6727	1.9114	0.4784	15.0769	196	20.1638	54	0	54	97.1538	1263	30.5173	147	56	91	14.7692	192	20.4579	54	0	54	57.6451	28.1655	0.9131	10.4491	6.8875	0.7416	2.4503	7.1756	54	0	27.6093	26.3343	147	4	1.4305	7.1633	54	0	1.2609	2.0515	9	0	21.058	13.2499	64	4	0.1739	1.0246	9	0	0.0673	5	21.602	10.5952	73.2475	3.1484	28.868	60.9351
85G_2_FITC.tif	Positive	Positive	PathAnnotationObject	Polygon	483.32	113.64	3.9214	7.1631	0.9604	2.7268	1.8704	0.5874	18.5	222	22.7216	65	0	65	144.3333	1732	28.519	195	93	102	18.6667	224	22.4634	65	0	65	21.1757	19.1375	0.7266	7.8555	3.238	0.9121	4.5172	12.6619	65	0	51.6552	58.6726	195	3	4.4655	12.6674	65	0	0.8696	3.3374	22	0	27.4783	35.6886	141	3	0.7609	3.4781	23	0	0.169	4	19.2979	5.4258	63.1635	3.1767	40.2265	86.084
85G_2_FITC.tif	Positive	Positive	PathAnnotationObject	Polygon	479.91	118.39	10.1957	13.3391	0.7201	5.5915	2.4394	0.9074	4	116	6.0828	24	0	24	73.3103	2126	20.3314	106	43	63	3.7931	110	6.1666	24	0	24	89.0166	35.8012	0.8727	12.5069	9.4999	0.6173	2.4105	2.9494	24	0	32.9083	20.9658	106	2	0.5502	2.5155	24	0	2.18	2.0831	8	0	27.05	13.1565	77	2	0.08	0.3799	4	0	0.104	5	19.6157	10.5794	60.9394	3.5568	115.6577	437.7892
85G_2_FITC.tif	Positive	Positive	PathAnnotationObject	Polygon	510.33	119.17	11.7643	15.5132	0.6143	5.9345	3.238	0.8869	7.3056	263	8.1199	25	0	25	71.4722	2573	24.5071	114	28	86	7.5556	272	8.2443	26	0	26	147.4459	44.624	0.9305	16.0407	12.0242	0.6892	1.0741	3.3361	25	0	18.4709	20.6924	114	1	0.8122	3.4061	26	0	0.4181	1.0032	9	0	12.8918	9.1624	58	1	0.1023	0.7374	9	0	0.0845	6	22.7681	18.9819	50.4869	9.386	62.5504	105.824
85G_2_FITC.tif	Positive	Positive	PathAnnotationObject	Polygon	492.16	120.67	7.0586	9.8644	0.9116	3.8464	2.3049	0.8098	4.2	84	4.8623	16	0	16	59.65	1193	13.3032	86	39	47	2.6	52	4.6272	16	0	16	35.2929	22.4001	0.8839	7.74	6.2948	0.5265	2.4891	3.5066	16	0	39.4239	14.3345	86	20	0.5978	2.3769	16	0	2.0139	2.8948	11	0	33.8056	8.2916	60	20	0.0417	0.262	2	0	0.1845	6	7.3089	7.2321	9.9513	4.8802	20.5092	39.6835
85G_2_FITC.tif	Positive	Positive	PathAnnotationObject	Polygon	498.29	123.87	8.6272	12.4345	0.7012	4.9936	2.4709	0.8937	3.2083	77	3.4764	12	0	12	56.9167	1366	18.1537	96	32	64	1.7083	41	3.3813	12	0	12	61.9587	29.3502	0.9038	10.5231	7.2813	0.6872	5.35	3.6844	19	0	37.4125	13.3649	96	21	0.5562	1.9707	12	0	5.7279	3.6014	19	0	33.9706	8.6409	88	21	0.3529	1.5325	12	0	0.143	6	9.088	9.9053	11.5279	4.0193	31.1356	60.9351
85G_2_FITC.tif	Positive	Positive	PathAnnotationObject	Polygon	485.78	126.59	13.3329	16.5833	0.6092	7.2938	2.7645	0.9309	9.0278	325	11.3452	40	0	40	90.0278	3241	21.4429	132	56	76	9.0833	327	11.4577	40	0	40	70.978	33.2229	0.8081	11.1586	8.8211	0.6912	2.1452	6.0588	40	0	36.1559	31.5417	132	3	1.9086	6.1263	40	0	0.4933	1.0728	5	0	23.2267	16.0549	80	3	0.1867	0.5837	3	0	0.1692	5	8.2191	8.9194	11.334	3.5464	20.0844	32.7003
85G_2_FITC.tif	Positive	Positive	PathAnnotationObject	Polygon	504.01	127.68	6.2743	8.7474	1	3.3244	2.1785	0.6842	6.1176	104	7.6312	25	0	25	73.1765	1244	18.7158	106	49	57	5.2941	90	7.6792	24	0	24	61.9587	32.3004	0.7463	11.4902	7.7446	0.7041	3.5337	3.5543	25	0	31.1288	16.4344	106	15	0.6135	2.9341	24	0	3.2329	2.6104	11	0	26.2329	5.6288	51	15	0.0685	0.4935	5	0	0.084	4	11.8433	10.0369	23.2801	4.0193	64.209	115.0204
85G_2_FITC.tif	Positive	Positive	PathAnnotationObject	Polygon	491.55	128.27	4.7057	8.0058	0.9226	3.0025	1.8339	0.7836	7	91	6.9642	23	1	22	74.4615	968	15.1196	105	51	54	2.6923	35	5.089	17	0	17	19.215	16.799	0.8556	6.5721	3.8922	0.7861	5.9038	4.1646	23	0	46.1538	20.5954	105	27	0.6731	2.7348	17	0	5.5385	2.7227	9	0	36.7179	11.4707	73	27	0	0	0	0	0.2169	6	6.5321	5.3314	10.4823	3.5464	17.7583	39.6835
85G_2_FITC.tif	Positive	Positive	PathAnnotationObject	Polygon	491.65	136.74	11.7643	13.6985	0.7878	5.7016	2.4145	0.8909	12.8788	425	13.948	41	0	41	125.7576	4150	31.3259	170	67	103	13.3333	440	14.5917	45	0	45	56.8608	30.9195	0.7474	10.6572	8.4006	0.6879	5.4762	8.1563	41	0	49.8163	45.0773	170	18	2.9932	8.8221	45	0	3.3333	3.1975	14	0	27.8333	13.2571	90	18	0	0	0	0	0.1884	7	49.1515	32.2213	171.3094	3.6689	813.3908	4770.9678
85G_2_FITC.tif	Positive	Positive	PathAnnotationObject	Polygon	496.3	132.62	1.5686	4.6406	0.9153	1.6144	1.3365	0.7319	9.3333	56	5.785	18	2	16	50.8333	305	12.5605	68	33	35	7.5	45	7.0356	18	0	18	39.9986	23.0489	0.9461	8.5396	5.904	0.6841	6.4135	2.8408	18	1	27.8942	8.1132	68	18	0.4615	2.3562	18	0	6.2347	2.5069	11	1	26.4898	5.2174	48	18	0.0306	0.303	3	0	0.0302	5	11.6264	9.3283	29.0832	3.6689	39.1704	115.0204
85G_2_FITC.tif	Positive	Positive	PathAnnotationObject	Polygon	484.68	135.25	4.7057	7.6623	1	2.9959	1.7193	0.7738	7.9231	103	10.3397	32	0	32	67.8462	882	21.2008	100	36	64	8.5385	111	10.1867	32	0	32	45.0965	25.6476	0.8615	8.9121	7.0018	0.4819	2.6471	4.1896	32	0	22.0588	20.7231	100	5	0.9664	4.2064	32	0	2	1.9074	6	0	16.4434	11.8258	74	5	0.0377	0.236	2	0	0.0859	7	66.3497	16.7274	187.9969	3.8738	1692.134	5752.4941
85G_2_FITC.tif	Positive	Positive	PathAnnotationObject	Polygon	530.89	137.9	14.9015	15.131	0.8179	5.964	3.4607	0.804	9.881	415	10.8363	42	0	42	110.119	4625	26.9391	154	60	94	10.5238	442	10.7346	42	0	42	115.2902	41.6136	0.8366	15.1042	10.2385	0.7317	1.7297	5.3363	42	0	35.3311	34.2229	154	2	1.5574	5.4403	42	0	0.3819	1.1489	7	0	22.9646	12.883	77	2	0.0748	0.5319	6	0	0.1232	4	15.4208	15.0089	27.2438	4.4218	45.7873	69.7288
85G_2_FITC.tif	Positive	Positive	PathAnnotationObject	Polygon	520.67	137.41	2.3529	5.3535	1	1.8829	1.476	0.6325	18	126	17.4642	41	0	41	59.8571	419	24.5658	89	32	57	18	126	17.4642	41	0	41	50.9786	26.5846	0.9064	10.0687	7.0848	0.7198	1.8	6.0715	41	0	20.6148	14.0229	89	5	1.5333	6.1533	41	0	0.9141	3.0379	24	0	18.4688	9.4577	65	5	0.6328	3.1269	26	0	0.0322	6	19.6072	23.0575	32.2213	3.7522	58.6568	115.0204
85G_2_FITC.tif	Positive	Positive	PathAnnotationObject	Polygon	196	141.14	7.8429	10.2418	0.9396	3.8188	2.3798	0.751	17.5	385	16.8148	58	0	58	113.1818	2490	34.5855	167	52	115	17.4091	383	16.7493	58	0	58	129.7995	40.5304	0.9929	13.837	12.2634	0.4274	1.9127	6.0592	58	0	23.6175	26.9004	167	6	1.2349	6.0446	58	0	0.8065	1.2598	5	0	17.2613	9.0664	79	6	0.0871	0.3537	3	0	0.0538	5	51.0066	63.6287	67.7321	25.2324	299.1522	540.9483
85G_2_FITC.tif	Positive	Positive	PathAnnotationObject	Polygon	524.9	143.15	4.3136	7.6444	0.9276	2.7	2.1401	0.6847	2.2857	32	3.4957	11	0	11	48.2857	676	9.5146	62	35	27	2.3571	33	3.4776	11	0	11	44.7044	24.8718	0.9081	8.5362	7.4048	0.2956	0.6017	1.9088	11	0	20.5169	16.0228	62	2	0.5424	1.911	11	0	0.375	1.4693	10	0	16.7788	12.6996	62	2	0.2981	1.454	10	0	0.0867	5	26.0259	25.8268	60.7881	3.7522	175.9981	536.2716
85G_2_FITC.tif	Positive	Positive	PathAnnotationObject	Polygon	548.88	150.3	19.9993	20.7547	0.5834	8.8642	2.9574	0.9514	5.6792	301	7.0021	30	0	30	84.2264	4464	26.2273	128	26	102	5.8302	309	6.8969	30	0	30	201.1696	52.6455	0.9121	19.761	12.8237	0.7648	0.7029	2.8386	30	0	24.7068	24.2096	128	3	0.6466	2.8221	30	0	0.132	0.5289	4	0	17.8788	11.0404	68	3	0.0519	0.2665	2	0	0.0938	5	42.6531	37.2979	76.108	23.5461	196.1568	414.3824
85G_2_FITC.tif	Positive	Positive	PathAnnotationObject	Polygon	192.83	165.61	7.8429	12.363	0.6448	4.0453	3.0381	0.8163	3.625	87	6.2888	24	0	24	38.7083	929	16.4224	80	20	60	4.0417	97	7.2019	27	0	27	120.388	40.2901	0.932	13.8464	11.1638	0.5675	0.6226	2.1001	24	0	13.4355	9.6499	80	5	0.3419	2.2453	27	0	0.3706	0.876	4	0	11.3147	4.5713	33	5	0.0315	0.1749	1	0	0.0618	5	81.0289	89.8986	159.6193	9.4077	2599.2358	8694.293
85G_2_FITC.tif	Positive	Positive	PathAnnotationObject	Polygon	185.49	173.78	11.3722	13.7567	0.7551	5.1365	3.1181	0.8354	6.3548	197	7.7009	25	0	25	61.7419	1914	19.007	105	36	69	5.9677	185	7.6354	26	0	26	132.1523	41.3555	0.971	13.9574	12.3626	0.4466	1.7626	3.2728	25	0	21.5549	15.1835	105	6	0.5727	2.8653	26	0	1.2974	1.899	9	0	17.4837	6.1368	42	6	0.0261	0.2275	3	0	0.0821	6	59.7172	44.677	114.1355	9.4077	631.6255	2242.2822
85G_2_FITC.tif	Positive	Positive	PathAnnotationObject	Polygon	571.34	179.94	41.5672	38.9065	0.3451	12.0829	7.3171	0.8171	5.0796	574	6.6697	31	0	31	71.5575	8086	24.5298	134	34	100	4.9469	559	6.5817	30	0	30	278.0297	62.0827	0.9065	21.7581	16.8699	0.642	1.3625	3.46	31	0	33.4203	21.4327	134	9	0.8787	3.2083	30	0	0.6577	1.6583	10	0	26.1896	10.2345	78	9	0.1074	0.5957	8	0	0.152	5	68.933	60.7881	111.6068	37.2979	1646.2629	4770.9678
85G_2_FITC.tif	Positive	Positive	PathAnnotationObject	Polygon	148.97	184.31	18.8229	19.8678	0.5992	7.1919	4.4109	0.7555	6.8148	368	10.1815	46	0	46	98.4444	5316	36.8191	158	28	130	6.8333	369	10.1865	46	0	46	195.2874	51.2147	0.9356	17.3321	14.4617	0.5327	1.6265	4.1342	46	0	25.8996	30.5058	158	1	0.9418	4.0354	46	0	0.9955	1.7586	15	0	17.0766	12.7406	78	1	0.2252	1.0533	13	0	0.1013	5	55.7057	38.4921	128.026	23.3649	325.4615	540.9483
85G_2_FITC.tif	Positive	Positive	PathAnnotationObject	Polygon	609.95	196.59	3.9214	6.8069	1	2.3303	1.869	0.5923	11.0909	122	3.3001	18	6	12	46.1818	508	5.2881	53	38	15	2	22	2.1448	6	0	6	107.0552	36.6403	1	11.8754	11.2718	0.2032	6.8139	5.3423	18	0	26.9891	14.0213	53	2	0.2518	0.9447	9	0	6.635	5.3407	17	0	26.1863	13.6993	51	2	0.1787	0.7878	9	0	0.03	7	85.834	93.5509	108.4858	41.8756	1486.8677	2644.3687
85G_2_FITC.tif	Positive	Positive	PathAnnotationObject	Polygon	150.16	206.61	5.8822	8.8765	0.9381	3.4053	2.188	0.7956	5.2941	90	6.706	21	0	21	59.9412	1019	14.7372	86	37	49	5.2941	90	6.5932	21	0	21	67.8408	31.867	0.8395	12.7159	7.2085	0.8143	0.8571	2.6299	21	0	18.3943	15.2959	86	6	0.6	2.5887	21	0	0.3797	0.8492	5	0	13.9241	5.4906	37	6	0.0949	0.595	5	0	0.0782	4	41.8458	37.1134	89.9352	3.2213	711.8292	2242.2822
85G_2_FITC.tif	Positive	Positive	PathAnnotationObject	Polygon	144.07	209.93	8.6272	11.5158	0.8175	4.778	2.5672	0.7748	10.2692	267	11.7492	38	0	38	96.9231	2520	29.4726	154	44	110	10.3846	270	11.7272	38	0	38	98.8202	39.1443	0.8104	14.6677	8.7122	0.8244	2.0748	5.0826	38	0	23.378	29.3885	154	1	1.1693	4.8884	38	0	1.1404	2.2405	11	0	14.9912	13.2957	81	1	0.1184	0.8069	9	0	0.0774	4	56.8287	57.6484	108.7966	3.2213	650.7033	1774.4595
85G_2_FITC.tif	Positive	Positive	PathAnnotationObject	Polygon	683.75	253.57	9.4114	11.6879	0.8657	3.883	3.4703	0.4896	8.0385	209	4.1132	20	0	20	71.3462	1855	14.3943	96	44	52	2.5769	67	3.2763	12	0	12	60.7822	29.2858	0.8906	10.3823	8.4764	0.4869	4.8481	3.6992	20	0	30.1392	23.2372	96	7	0.4367	1.6216	12	0	4.2197	3.2792	12	0	22.0227	14.2901	77	7	0.0152	0.1226	1	0	0.1425	3	35.0101	5.9909	94.0067	5.0329	124.9056	234.9358
85G_2_FITC.tif	Positive	Positive	PathAnnotationObject	Polygon	676.79	259.02	26.6658	20.3946	0.8056	7.0697	5.5777	0.5426	3.6712	268	2.9347	11	0	11	66.0685	4823	12.382	91	39	52	0.5616	41	1.1665	5	0	5	107.0552	41.0929	0.7967	15.3364	11.2207	0.6686	4.3333	3.0554	13	0	35.2138	22.0871	91	9	0.163	0.6597	5	0	4.5714	3.0699	13	0	24.1182	11.905	68	9	0.0197	0.1712	2	0	0.2469	6	28.4437	14.1009	93.5509	4.8759	391.7296	1750.3029
85G_2_FITC.tif	Positive	Positive	PathAnnotationObject	Polygon	688.56	260.09	10.1957	13.8269	0.6702	5.1411	3.0123	0.8573	5.0645	157	3.4248	13	0	13	57.8387	1793	10.4246	78	36	42	1.3871	43	2.3047	9	0	9	57.2529	28.6073	0.8791	9.5264	8.3552	0.486	3.4267	3.201	13	0	26.6533	20.5286	78	1	0.3133	1.188	9	0	3	3.0113	13	0	18.5294	13.5076	56	1	0.0336	0.223	2	0	0.1815	6	8.6061	6.581	17.215	5.5399	11.3244	15.0525
85G_2_FITC.tif	Positive	Positive	PathAnnotationObject	Polygon	680.84	266.39	5.8822	8.9581	0.9211	3.2594	2.154	0.7358	2.3125	37	1.1383	4	0	4	48.125	770	4.2091	54	41	13	0.1875	3	0.5439	2	0	2	42.7436	24.8605	0.8691	9.2394	6.0554	0.7445	5.9189	3.9775	26	0	31.1982	12.934	69	16	0.6577	3.0704	22	0	6.5263	3.9649	26	0	28.3474	11.6599	69	16	0.7368	3.3077	22	0	0.1155	4	8.7292	6.2728	17.4952	4.8759	30.4717	61.2705
85G_2_FITC.tif	Positive	Positive	PathAnnotationObject	Polygon	687.65	266.91	5.8822	9.125	0.8877	3.6159	2.1635	0.6959	8.1176	138	4.2113	16	1	15	54.2941	923	9.7067	73	42	31	3.5882	61	3.7924	11	0	11	38.8222	27.1228	0.6632	11.3811	5.1077	0.8878	4.6733	3.7446	16	0	27.2277	15.3694	73	1	0.604	2.0302	11	0	3.9762	3.2486	14	0	21.75	9.2748	42	1	0	0	0	0	0.1454	4	9.0742	6.2769	18.9739	4.7692	31.3598	61.2705
85G_2_FITC.tif	Positive	Positive	PathAnnotationObject	Polygon	691.55	270.42	6.6664	9.7066	0.8891	3.8949	1.9603	0.8394	8.3158	158	5.0996	19	0	19	58.5263	1112	14.4275	82	39	43	5.5789	106	5.6107	15	0	15	62.3508	32.0815	0.7613	12.1973	5.904	0.8757	4.0741	4.2508	19	0	19.5864	17.7833	82	1	0.7469	2.6547	15	0	3.5105	3.803	12	0	14.4126	10.1158	42	1	0.1049	0.6788	7	0	0.0915	4	10.2419	8.6703	18.858	4.7692	31.1553	66.6783
85G_2_FITC.tif	Positive	Positive	PathAnnotationObject	Polygon	696.58	275.93	4.3136	7.9943	0.8482	3.1633	1.7254	0.7243	7.3571	103	9.0605	27	0	27	48.4286	678	15.6339	79	30	49	7.2857	102	9.1687	27	0	27	91.3694	35.2637	0.9233	11.9721	9.7416	0.5728	2.4195	3.7989	27	0	12.0847	12.5003	79	1	0.5424	2.9192	27	0	2.1081	2.9791	14	0	9.7928	7.9263	47	1	0.1171	1.0267	13	0	0.0422	5	51.6659	21.2474	109.07	7.1691	293.6758	762.3575
85G_2_FITC.tif	Positive	Positive	PathAnnotationObject	Polygon	675.37	280.09	14.1172	16.0315	0.6903	6.129	3.9129	0.7869	5.3721	231	2.8621	11	1	10	51.7674	2226	7.6651	67	34	33	0.3721	16	0.9518	4	0	4	170.9745	47.1711	0.9656	15.9012	13.6138	0.5105	6.3624	2.7303	17	0	33.5252	10.1262	68	16	0.133	0.7212	10	0	6.4707	2.6973	17	0	31.5293	8.185	68	16	0.1069	0.6879	10	0	0.083	9	30.9413	21.2474	89.517	17.4952	265.1753	1184.6747
85G_2_FITC.tif	Positive	Positive	PathAnnotationObject	Polygon	646.32	277.82	1.9607	4.7687	1	1.5744	1.4452	0.7651	7.5714	53	7.5687	22	0	22	56.2857	394	13.9489	80	38	42	7.5714	53	7.5687	22	0	22	56.0765	28.0418	0.8961	10.6519	6.5804	0.7779	1.0274	2.3837	22	0	24.2466	9.2904	80	11	0.4384	2.2742	22	0	0.6978	1.0945	5	0	22.6331	5.2477	47	11	0.0791	0.4825	5	0	0.0259	6	34.0887	32.6105	90.6421	2.712	559.1485	1750.3029
85G_2_FITC.tif	Positive	Positive	PathAnnotationObject	Polygon	646.53	282.58	5.0979	7.3537	1	2.4224	2.2164	0.5058	10.3846	135	13.6415	36	0	36	87.0769	1132	23.7959	126	56	70	10.6154	138	13.9973	37	0	37	23.1365	25.7238	0.4394	11.4082	3.2449	0.9675	2.1746	7.3387	36	0	37.1587	29.2306	126	12	2.1905	7.5281	37	0	0.04	0.1979	1	0	24.18	10.4622	55	12	0	0	0	0	0.1541	3	12.2982	4.2947	29.8877	2.712	32.7795	57.3626
85G_2_FITC.tif	Positive	Positive	PathAnnotationObject	Polygon	193.09	283.69	8.235	11.4714	0.7864	4.3845	2.5772	0.8423	5.7917	139	7.6612	25	0	25	60.2083	1445	16.8729	94	34	60	5.8333	140	7.699	25	0	25	90.5851	37.0793	0.8279	14.1723	8.4952	0.7941	0.9142	3.0231	25	0	16.4206	17.5382	94	1	0.6781	3.0064	25	0	0.3541	0.802	4	0	11.3923	8.0598	47	1	0.0861	0.3285	2	0	0.0882	6	62.7001	65.4003	111.7063	3.4821	751.2465	2242.2822
85G_2_FITC.tif	Positive	Positive	PathAnnotationObject	Polygon	643.24	287.98	10.98	13.458	0.7618	5.2033	2.7255	0.8528	10.8125	346	8.9711	31	0	31	101.5	3248	23.8328	138	45	93	11.4062	365	9.0656	31	0	31	110.5845	40.1981	0.86	13.4783	10.773	0.5133	1.3556	4.5197	31	0	24.2852	30.2217	138	6	1.4261	4.6872	31	0	0.1548	0.4928	3	0	14.4802	10.1493	69	6	0.1587	0.5562	3	0	0.0974	6	33.1053	32.0241	76.198	4.2947	447.7393	1345.4263
85G_2_FITC.tif	Positive	Positive	PathAnnotationObject	Polygon	198.26	288.3	4.3136	7.9388	0.8601	2.8546	1.941	0.7243	6.8462	89	9.7026	31	0	31	55.8462	726	15.2088	89	40	49	6.9231	90	9.7251	31	0	31	70.5858	33.4532	0.7926	12.7836	7.4475	0.8133	0.7403	3.1277	31	0	20.8287	11.9321	89	7	0.5525	3.1026	31	0	0.2679	0.8077	4	0	18.119	5.8308	43	7	0.0595	0.4196	4	0	0.0545	8	114.6327	116.1136	242.6134	3.4821	3233.6123	13564.5059
85G_2_FITC.tif	Positive	Positive	PathAnnotationObject	Polygon	557.6	291.65	11.7643	13.6307	0.7957	5.1992	2.8149	0.8427	1.8235	62	3.0597	9	0	9	41.2353	1402	8.4855	61	30	31	1.5588	53	3.047	9	0	9	153.7202	44.2241	0.9877	15.0995	12.8824	0.5097	0.631	1.5232	9	0	18.6514	10.8382	61	3	0.2188	1.0752	9	0	0.5181	1.2368	6	0	16.5125	8.3042	39	3	0.0919	0.4726	5	0	0.0728	11	79.6406	55.409	172.8604	26.3817	1520.7023	5313.4209
85G_2_FITC.tif	Positive	Positive	PathAnnotationObject	Polygon	612.5	292.74	5.49	8.5279	0.9486	3.1318	2.0441	0.7181	18.125	290	2.3345	21	14	7	54.9375	879	3.2755	61	51	10	0.875	14	1.5864	4	0	4	116.8587	38.5831	0.9865	13.1494	11.2718	0.4156	17.2609	4.8941	26	4	44.709	7.1183	61	25	0.1605	0.6612	5	0	17.212	4.9976	26	4	44.1307	6.8339	58	25	0.1201	0.5455	5	0	0.039	5	48.5849	35.8038	96.1691	23.89	1071.375	2644.3687
85G_2_FITC.tif	Positive	Positive	PathAnnotationObject	Polygon	607.22	315.8	39.6065	27.9759	0.6359	9.4126	6.3167	0.8035	18.4486	1974	5.3186	31	5	26	51.5607	5517	5.1928	60	36	24	0.1682	18	0.6934	5	0	5	243.9132	56.3917	0.9639	19.5145	16.339	0.5148	9.8186	7.6417	31	0	30.7656	13.9901	60	7	0.1059	0.5483	6	0	8.0291	6.7841	30	0	26.4535	11.0617	58	7	0.093	0.513	6	0	0.1692	7	46.7887	47.1345	57.4363	23.89	684.5975	1345.4263
85G_2_FITC.tif	Positive	Positive	PathAnnotationObject	Polygon	166.32	315.17	4.7057	7.2341	1	2.4479	2.1385	0	12	156	15.2042	42	0	42	67.4615	877	23.5889	109	42	67	12.1538	158	14.9936	41	0	41	87.448	34.5432	0.9209	12.4019	8.8951	0.653	0.8044	4.5047	42	0	14.7867	16.0843	109	1	0.7733	4.4838	41	0	0.1179	0.4464	3	0	11.5566	7.8464	35	1	0.0755	0.2984	2	0	0.0381	5	37.8908	21.3714	108.7966	6.8568	490.9124	1774.4595
85G_2_FITC.tif	Positive	Positive	PathAnnotationObject	Polygon	173.79	317.46	6.6664	9.7653	0.8785	3.749	2.1079	0.8235	5.4444	98	7.8082	27	0	27	39.3889	709	15.0573	74	20	54	4.7778	86	8.0918	28	0	28	69.4094	33.156	0.7934	12.5048	8.1394	0.7448	0.7033	2.9074	27	0	13.7198	11.1049	74	0	0.6154	2.8855	28	0	0.1829	0.5226	3	0	10.9024	5.7046	29	0	0.1585	0.542	3	0	0.0813	7	19.0735	14.3608	39.9314	5.506	88.2294	349.1471
85G_2_FITC.tif	Positive	Positive	PathAnnotationObject	Polygon	553.59	316.03	3.9214	6.9971	1	2.4813	2.0955	0.6301	7.5455	83	7.7636	22	0	22	48.0909	529	13.6122	72	34	38	6.1818	68	8.7386	22	0	22	68.233	32.3254	0.8206	11.9832	7.7106	0.7619	2.1751	3.0577	22	0	21.2825	9.3152	72	11	0.6102	2.9562	22	0	1.8193	2.0664	13	0	19.506	5.499	46	11	0.241	1.577	13	0	0.0456	3	17.5936	22.1997	26.3817	4.1995	103.7554	232.1056
85G_2_FITC.tif	Positive	Positive	PathAnnotationObject	Polygon	548.45	321.17	9.4114	13.1726	0.6816	4.9263	2.5608	0.8651	1.3929	39	2.6295	11	0	11	43.3571	1214	6.2255	58	32	26	1.0714	30	2.5375	11	0	11	97.2516	38.1691	0.8388	14.5189	9.0405	0.796	1.6573	2.1388	11	0	25.7339	9.0987	58	11	0.2097	0.9921	11	0	1.6909	2.0729	10	0	23.4909	6.6205	43	11	0.1	0.4573	4	0	0.0972	6	17.7044	18.5457	29.8811	4.1995	107.0504	311.2662
85G_2_FITC.tif	Positive	Positive	PathAnnotationObject	Polygon	503.42	320.92	3.9214	8.0119	0.7677	3.1002	1.8655	0.7419	6.0769	79	9.7593	25	0	25	43.8462	570	16.0564	74	26	48	6.1538	80	9.9234	26	0	26	114.1137	38.1255	0.9865	13.243	11.2718	0.4454	0.8356	2.5051	25	0	16.6575	8.999	74	4	0.3733	2.4229	26	0	0.5914	1.055	5	0	15.3907	6.1206	39	4	0.1039	0.5089	5	0	0.0366	9	126.8547	126.4885	279.8104	35.7414	5295.7817	18281.1035
85G_2_FITC.tif	Positive	Positive	PathAnnotationObject	Polygon	173.37	325.11	7.0586	9.1433	1	3.322	2.398	0.696	5.2778	95	5.8692	17	0	17	61.4444	1106	16.238	84	32	52	5.6111	101	5.71	17	0	17	45.8808	25.6344	0.8774	9.0361	6.8158	0.6011	1.0593	2.9592	17	0	17.9407	22.3478	84	1	1.178	3.0146	17	0	0.3	0.785	5	0	10.11	11.7859	64	1	0.38	0.9617	5	0	0.1297	4	8.153	8.2914	11.5638	4.4657	20.9234	39.9195
85G_2_FITC.tif	Positive	Positive	PathAnnotationObject	Polygon	180.1	324.41	18.0386	15.7021	0.9194	5.6065	4.0428	0.6814	6.5417	314	6.5068	24	0	24	103.0625	4947	23.3178	135	50	85	6.7708	325	6.4979	24	0	24	69.8015	35.9895	0.6772	13.4996	6.9722	0.8963	1.7268	4.3855	24	0	41.776	39.8202	135	4	1.8415	4.4354	24	0	0.0148	0.1213	1	0	19.9852	11.7942	71	4	0.0889	0.3338	2	0	0.2492	5	7.0435	6.0493	9.9072	4.4657	16.6881	25.2223
85G_2_FITC.tif	Positive	Positive	PathAnnotationObject	Polygon	537.62	325.34	17.2543	17.0304	0.7476	6.5222	3.7621	0.8142	1.7143	84	3.5119	19	0	19	52.449	2570	12.3272	82	28	54	1.5918	78	3.5114	19	0	19	128.2309	45.0406	0.7943	16.2557	11.4679	0.6996	0.9787	1.8861	19	0	22.386	16.004	82	3	0.3678	1.5207	19	0	0.85	1.396	7	0	17.125	9.4054	51	3	0.1536	0.5368	4	0	0.1312	4	23.1478	24.124	39.7674	4.5757	226.351	670.3857
85G_2_FITC.tif	Positive	Positive	PathAnnotationObject	Polygon	191.39	324.85	7.0586	9.0873	1	3.149	2.4849	0.6063	8.3889	151	9.121	29	0	29	66.1111	1190	21.5976	107	41	66	8.5	153	9.1988	29	0	29	79.6051	32.9707	0.9202	12.5464	8.5392	0.7198	1.2857	3.6393	29	0	18.0049	17.2255	107	4	0.803	3.6084	29	0	0.5946	1.1992	6	0	13.3243	5.8507	42	4	0.0541	0.3415	3	0	0.0655	6	28.5521	14.2776	94.2219	4.1758	396.2766	1644.9574
85G_2_FITC.tif	Positive	Positive	PathAnnotationObject	Polygon	185.21	325.46	0.7843	2.9712	1	1.1479	0.7017	0.866	7.3333	22	5.1316	13	3	10	56.6667	170	14.5717	73	45	28	8	24	5.5678	14	3	11	7.8429	10.3963	0.9119	3.8659	2.7267	0.6669	1.2174	3.1328	13	0	25.7826	16.8225	73	13	1.3043	3.3769	14	0	0.3	1.3416	6	0	21.15	11.495	61	13	0.3	1.3416	6	0	0.0689	5	6.2324	4.8029	14.3608	2.4044	12.023	24.0051
85G_2_FITC.tif	Positive	Positive	PathAnnotationObject	Polygon	183.07	330.75	13.3329	13.562	0.9109	5.1456	3.2085	0.7329	2.5676	95	4.2723	19	0	19	65.5135	2424	14.6204	95	35	60	2.4865	92	4.1675	19	0	19	33.7243	22.2267	0.8578	7.6023	6.575	0.3705	1.0556	2.9995	19	0	40.2778	25.5892	95	7	1.0222	2.9221	19	0	0	0	0	0	22.6604	14.2572	65	7	0	0	0	0	0.3748	5	6.0819	5.674	8.9853	3.5448	18.3593	36.9684
85G_2_FITC.tif	Positive	Positive	PathAnnotationObject	Polygon	187.9	329.57	4.3136	7.4514	0.9763	2.7516	2.0339	0.6847	5.1667	62	7.5056	26	0	26	60.6667	728	14.5873	89	40	49	5.4167	65	7.2796	26	0	26	13.725	14.5788	0.8115	5.6133	3.1405	0.832	1.8947	4.8923	26	0	33.8684	21.7121	89	11	1.9737	4.8462	26	0	0.3846	1.7681	9	0	21.5	10.013	53	11	0.3846	1.7681	9	0	0.2478	5	5.6613	4.1758	9.0614	2.4044	13.3241	23.2898
85G_2_FITC.tif	Positive	Positive	PathAnnotationObject	Polygon	540.23	333.06	6.6664	9.1694	0.9964	3.1908	2.4705	0.611	1.0526	20	1.3934	4	0	4	42.1579	801	5.5001	51	30	21	0.8421	16	1.463	4	0	4	70.1937	31.9664	0.8632	12.5079	7.6125	0.796	1.2418	1.533	9	0	22.1154	8.5329	51	11	0.1484	0.6263	4	0	1.2638	1.5509	9	0	19.7791	5.0382	40	11	0.0675	0.3707	3	0	0.0811	5	19.805	16.0252	37.5798	4.5757	136.3698	239.1538
85G_2_FITC.tif	Positive	Positive	PathAnnotationObject	Polygon	567.33	331.45	3.1371	6.9848	0.808	2.4238	1.9974	0.5477	6	66	8.2583	27	0	27	78.1818	860	22.706	120	49	71	6.3636	70	8.0904	27	0	27	45.8808	25.3118	0.8999	9.4222	7.0848	0.6299	1.5285	3.2551	27	0	31.9268	19.684	120	16	0.7805	3.1246	27	0	1.0893	1.8235	9	0	27.3839	12.1063	100	16	0.2321	1.2005	9	0	0.0656	6	23.4757	22.3401	43.8107	3.2122	241.1839	936.8989
85G_2_FITC.tif	Positive	Positive	PathAnnotationObject	Polygon	174.92	335.21	2.745	6.7334	0.7608	2.6763	1.5499	0.8003	3.4	34	5.2536	17	0	17	48.8	488	15.3753	81	32	49	3.2	32	5.2662	17	0	17	78.0366	31.8163	0.9687	11.3626	9.1512	0.5706	0.608	2.0368	17	0	29.6784	24.9168	98	3	0.608	2.0343	17	0	0.4603	1.616	11	0	28.6667	24.9414	98	3	0.4709	1.6293	11	0	0.0366	6	12.0374	10.4419	21.3714	8.9853	30.0317	39.9195
85G_2_FITC.tif	Positive	Positive	PathAnnotationObject	Polygon	187.09	338.22	32.5479	23.1066	0.7661	8.0839	5.8693	0.7461	2.7955	246	3.652	14	0	14	96.125	8459	15.7282	117	51	66	2.8068	247	3.6067	14	0	14	92.1537	44.0305	0.5973	15.4044	10.8317	0.813	1.2532	2.5898	14	0	51.6203	38.7387	117	7	1.0506	2.5755	14	0	0.3423	0.7778	3	0	25.3356	19.3473	100	7	0.0134	0.1155	1	0	0.3532	5	7.7606	8.5201	10.6594	5.1484	22.2136	36.9684
85G_2_FITC.tif	Positive	Positive	PathAnnotationObject	Polygon	194	335.58	5.8822	8.4704	1	3.2364	2.0664	0.6959	11.9375	191	12.1955	38	0	38	95.875	1534	28.7144	137	49	88	12	192	12.2202	38	0	38	54.5079	27.484	0.9068	10.4607	6.8883	0.7382	1.4126	5.4661	38	0	24.8741	28.1001	137	6	1.4266	5.4804	38	0	0.0866	0.3569	2	0	15.9291	8.4226	59	6	0.0945	0.2937	1	0	0.0894	5	24.3224	9.8863	86.8975	5.4139	157.5766	400.8771
85G_2_FITC.tif	Positive	Positive	PathAnnotationObject	Polygon	562.98	335.75	2.3529	5.9457	0.8364	2.1227	1.6085	0.6325	0.1111	1	0.3333	1	0	1	49.3333	444	6.265	58	41	17	0.1111	1	0.3333	1	0	1	33.7243	21.729	0.8976	7.8504	5.875	0.5925	0.9775	1.2967	5	0	29.9213	11.326	64	15	0.0562	0.2316	1	0	1.075	1.3291	5	0	27.7375	9.5477	64	15	0.05	0.2193	1	0	0.0717	6	14.118	13.8616	26.2333	3.2122	74.5051	174.383
85G_2_FITC.tif	Positive	Positive	PathAnnotationObject	Polygon	573.52	338.76	24.705	20.0917	0.7691	8.0753	4.1599	0.8605	3.8507	258	5.7847	33	0	33	89.0299	5965	26.8661	150	38	112	3.3881	227	5.5731	33	0	33	116.8587	39.5936	0.9367	13.2036	11.4792	0.3882	2.0201	3.3377	33	0	40.8829	30.4999	150	9	0.8027	2.9918	33	0	1.4914	1.8864	8	0	26.9784	11.2828	73	9	0.056	0.4175	5	0	0.2068	6	35.184	24.5492	80.3216	5.5277	681.0922	2488.4189
85G_2_FITC.tif	Positive	Positive	PathAnnotationObject	Polygon	182.95	344.22	11.3722	12.2101	0.9585	4.191	3.6281	0.4278	4.8438	155	4.5657	20	0	20	97.2188	3111	17.7214	119	47	72	5.0938	163	4.6929	20	0	20	80.3894	33.7052	0.8892	13.1104	8.1408	0.7752	0.9275	2.693	20	0	30.2609	31.4505	119	5	0.9275	2.7869	20	0	0.2114	1.2392	14	0	18.0171	11.8236	78	5	0.1657	1.2229	14	0	0.1285	5	57.7318	10.2243	172.4819	5.1484	319.5004	841.9814
85G_2_FITC.tif	Positive	Positive	PathAnnotationObject	Polygon	564.08	343.18	7.4507	10.5004	0.8492	4.1035	2.3313	0.8207	5.381	113	6.9172	23	0	23	66.8571	1404	17.3732	104	40	64	5.4762	115	6.9255	24	0	24	78.4287	33.7547	0.865	13.3589	7.7873	0.791	1.9701	3.0297	23	0	27.2786	17.6072	104	8	0.8159	2.8846	24	0	1.5722	1.8401	7	0	22.6611	10.3655	47	8	0.2722	1.0455	7	0	0.0796	4	27.3657	13.3239	77.8234	4.9917	270.6622	784.6569
85G_2_FITC.tif	Positive	Positive	PathAnnotationObject	Polygon	545.54	345.74	11.3722	15.1348	0.6239	6.4529	2.0461	0.9446	16.625	532	19.3986	66	0	66	112.6875	3606	39.8023	188	49	139	17	544	19.5448	66	0	66	155.681	45.2131	0.957	16.4137	11.7622	0.6839	2.0652	7.0155	66	0	28.4286	28.7414	188	11	1.4135	7.1475	66	0	0.7956	1.2233	6	0	21.0817	9.4478	87	11	0.0545	0.3261	4	0	0.0717	6	49.4102	35.403	110.2366	16.0252	1183.3638	3176.2715
85G_2_FITC.tif	Positive	Positive	PathAnnotationObject	Polygon	640.93	359.87	50.9786	34.427	0.5405	11.4653	7.3017	0.8312	1.0149	136	2.5487	17	0	17	80.6119	10802	17.7077	123	39	84	1.0149	136	2.7338	19	0	19	192.5424	53.013	0.8609	19.5284	13.8964	0.6663	0.9472	1.7805	17	0	45.6646	28.1401	123	1	0.3476	1.5578	19	0	0.9218	1.3921	8	0	32.5838	18.5004	92	1	0.0978	0.569	7	0	0.2676	6	56.8423	66.6921	103.6282	6.1696	638.4095	1345.4263
85G_2_FITC.tif	Positive	Positive	PathAnnotationObject	Polygon	633.15	366.54	16.0779	17.1466	0.6872	7.618	2.952	0.9115	10.6444	479	14.0876	61	0	61	123.9556	5578	32.3398	189	57	132	11.1778	503	13.9419	61	0	61	98.8202	38.3018	0.8465	14.6712	8.5608	0.8136	1.9567	7.1369	61	0	42.9606	42.859	189	9	2.0315	7.2083	61	0	0.0861	0.3566	2	0	25.5215	16.9765	114	9	0.0622	0.2957	2	0	0.1593	5	44.1335	57.4363	77.915	6.1696	848.6229	2488.4189
85G_2_FITC.tif	Positive	Positive	PathAnnotationObject	Polygon	643.97	372.18	14.9015	14.2665	0.92	5.0399	3.9166	0.5519	1.3171	54	2.9021	14	0	14	66.6585	2733	10.9147	90	46	44	1.2927	53	2.8917	14	0	14	99.6044	37.9196	0.8705	14.6837	9.0544	0.7776	0.5961	1.5285	14	0	32.6706	16.9534	90	13	0.2627	1.2788	14	0	0.4579	1.0417	5	0	26.1589	7.4439	70	13	0.0654	0.3695	3	0	0.1458	4	51.8705	45.0286	109.07	8.3548	230.3557	336.8409
85G_2_FITC.tif	Positive	Positive	PathAnnotationObject	Polygon	264.05	384.18	9.0193	11.2392	0.8972	4.4417	2.7357	0.7151	3.68	92	7.6142	34	0	34	56.68	1417	16.0201	103	38	65	3.68	92	7.6142	34	0	34	133.7209	41.4728	0.977	14.4814	11.8981	0.5244	0.8275	2.6479	34	0	30.0906	12.5535	103	5	0.4327	2.5365	34	0	0.6025	1.571	16	0	27.9937	9.4985	64	5	0.1767	1.2805	16	0	0.058	9	125.5624	94.2219	302.0474	77.5027	4366.7607	21248.25
85G_2_FITC.tif	Positive	Positive	PathAnnotationObject	Polygon	405.13	405.07	8.6272	11.2572	0.8555	4.1604	3.0484	0.7611	10.2692	267	4.0155	16	2	14	50.2308	1306	7.235	65	37	28	0.8846	23	2.1038	8	0	8	87.448	35.093	0.8923	12.8905	9.1738	0.7059	5.9075	4.8859	19	0	24.9163	13.5433	65	1	0.1542	0.8404	8	0	5.3433	4.7081	19	0	21.6418	10.3267	50	1	0.0597	0.4079	5	0	0.105	6	132.5323	119.1847	320.1269	8.2761	8497.8633	21248.25
85G_2_FITC.tif	Positive	Positive	PathAnnotationObject	Polygon	396.4	413.25	56.4687	38.3245	0.4831	12.1551	6.8849	0.8579	13.4698	2007	6.6795	28	0	28	52.7517	7860	6.8269	67	35	32	0.2349	35	0.7479	5	0	5	250.9718	59.7592	0.8831	20.8773	16.7887	0.5512	8.5086	6.1334	28	0	34.4477	14.879	67	1	0.1576	0.6163	5	0	7.0061	5.0848	22	0	28.9045	11.9188	55	1	0.1341	0.5693	4	0	0.2256	5	74.9862	75.3829	136.2746	8.2761	1453.9282	2791.2136
85G_2_FITC.tif	Positive	Positive	PathAnnotationObject	Polygon	577.46	417.98	5.0979	10.2468	0.6101	3.561	2.404	0.7822	12.7059	216	19.8046	69	0	69	98.1176	1668	36.2093	165	39	126	12.6471	215	19.7577	69	0	69	130.1916	40.8912	0.9784	13.7653	11.8981	0.4623	1.3042	6.2259	69	0	20.1476	27.2101	165	0	1.3554	6.3783	69	0	0.6889	3.6684	46	0	15.9397	19.1512	134	0	0.746	3.9647	50	0	0.0355	7	78.6649	79.1899	81.1508	73.9546	1218.817	3176.2715
85G_2_FITC.tif	Positive	Positive	PathAnnotationObject	Polygon	325.73	430.25	11.7643	13.4766	0.814	5.384	2.6892	0.8737	13.125	420	12.37	49	0	49	127	4064	26.4246	167	80	87	13.4688	431	13.3899	49	0	49	122.3488	41.9529	0.8735	14.8741	10.0747	0.7577	3.5127	6.0695	49	0	40.207	34.6495	167	8	1.5096	5.8802	49	0	2.422	3.5266	17	0	30.3582	17.4665	83	8	0.1525	0.7742	10	0	0.0865	3	52.9184	74.0236	77.5027	7.2288	907.8614	2256.4092
85G_2_FITC.tif	Positive	Positive	PathAnnotationObject	Polygon	326.96	439.23	7.4507	10.2419	0.8926	3.7163	2.8532	0.6952	12.9091	284	2.0449	18	9	9	60	1320	2.1157	64	56	8	0.0909	2	0.2942	1	0	1	101.173	37.0351	0.9269	13.4213	9.3932	0.6942	9.7683	3.8115	19	0	47.7838	9.8905	64	22	0.1042	0.4749	4	0	9.4768	3.8085	19	0	46.6498	9.5571	63	22	0.1055	0.4887	4	0	0.0694	5	84.642	82.6681	172.4819	7.2288	1364.7909	2791.2136
85G_2_FITC.tif	Positive	Positive	PathAnnotationObject	Polygon	502.19	447.17	5.49	8.8008	0.8907	3.5357	1.9367	0.7766	10	160	13.2413	42	0	42	69.75	1116	23.2393	111	42	69	9.375	150	13.4108	42	0	42	109.408	37.6759	0.9686	12.6054	11.4041	0.3083	0.8393	3.878	42	0	21.9893	17.2487	111	1	0.625	3.8079	42	0	0.2841	0.734	4	0	19.0947	11.7316	56	1	0.0947	0.43	3	0	0.0394	6	92.2262	108.674	126.4885	10.0397	2895.6804	6271.4751
85G_2_FITC.tif	Positive	Positive	PathAnnotationObject	Polygon	511.9	452.12	16.8622	16.3521	0.7925	6.9912	3.1893	0.8978	15.5217	714	13.1534	60	0	60	164.2391	7555	37.2613	221	85	136	17.3043	796	13.2428	61	0	61	156.0731	46.2574	0.9166	16.5037	11.7198	0.7146	2.5829	6.8729	60	0	36.294	51.6144	221	2	2.2462	7.3615	61	0	0.892	2.5374	29	0	19.5739	20.2354	119	2	0.2784	2.2825	29	0	0.1021	3	69.9965	73.9546	125.9953	10.0397	375.523	451.6167
85G_2_FITC.tif	Positive	Positive	PathAnnotationObject	Polygon	392.41	492.76	1.5686	4.2306	1	1.6419	1.0034	0	25.8	129	14.8728	38	0	38	70.6	353	20.6712	83	34	49	25.8	129	14.8728	38	0	38	92.1537	34.0906	0.9964	11.463	10.0194	0.3615	1.3941	4.2966	38	0	22.5212	13.1901	83	3	0.6229	4.2111	38	0	0.8658	1.3365	6	0	21.4805	10.9082	46	3	0.0779	0.4403	5	0	0.0098	5	99.7163	86.9818	125.9953	80.9739	1995.1018	4498.8667
