Image	Name	Class	Parent	ROI	Centroid X µm	Centroid Y µm	Nucleus: Area	Nucleus: Perimeter	Nucleus: Circularity	Nucleus: Max caliper	Nucleus: Min caliper	Nucleus: Eccentricity	Nucleus: Red mean	Nucleus: Red sum	Nucleus: Red std dev	Nucleus: Red max	Nucleus: Red min	Nucleus: Red range	Nucleus: Green mean	Nucleus: Green sum	Nucleus: Green std dev	Nucleus: Green max	Nucleus: Green min	Nucleus: Green range	Nucleus: Blue mean	Nucleus: Blue sum	Nucleus: Blue std dev	Nucleus: Blue max	Nucleus: Blue min	Nucleus: Blue range	Cell: Area	Cell: Perimeter	Cell: Circularity	Cell: Max caliper	Cell: Min caliper	Cell: Eccentricity	Cell: Red mean	Cell: Red std dev	Cell: Red max	Cell: Red min	Cell: Green mean	Cell: Green std dev	Cell: Green max	Cell: Green min	Cell: Blue mean	Cell: Blue std dev	Cell: Blue max	Cell: Blue min	Cytoplasm: Red mean	Cytoplasm: Red std dev	Cytoplasm: Red max	Cytoplasm: Red min	Cytoplasm: Green mean	Cytoplasm: Green std dev	Cytoplasm: Green max	Cytoplasm: Green min	Cytoplasm: Blue mean	Cytoplasm: Blue std dev	Cytoplasm: Blue max	Cytoplasm: Blue min	Nucleus/Cell area ratio	Delaunay: Num neighbors	Delaunay: Mean distance	Delaunay: Median distance	Delaunay: Max distance	Delaunay: Min distance	Delaunay: Mean triangle area	Delaunay: Max triangle area
86D_1_FITC.tif	Positive	Positive	PathAnnotationObject	Polygon	360.68	114.97	12.9407	17.106	0.5557	5.6457	4.0801	0.6846	8.5641	334	10.3181	46	0	46	72.2308	2817	20.5688	124	36	88	8.641	337	10.434	46	0	46	166.661	46.4245	0.9717	15.639	13.8605	0.4094	1.5199	4.0335	46	0	22.1663	19.2064	124	2	0.9602	4.0048	46	0	0.8119	1.397	7	0	17.134	9.3027	64	2	0.1881	0.6495	5	0	0.0773	5	115.5657	105.1387	261.2651	23.2699	1493.8185	3238.6174
86D_1_FITC.tif	Positive	Positive	PathAnnotationObject	Polygon	465.01	125.33	3.1371	5.7236	1	2.1108	1.5481	0.5477	12.7778	115	13.9533	44	0	44	42.2222	380	17.9149	80	23	57	10.8889	98	13.0809	41	0	41	102.3494	35.9078	0.9975	12.0418	10.6456	0.3401	1.7863	4.0325	44	0	13.042	9.9127	80	5	0.5916	3.5022	41	0	1.3953	2.4884	18	0	12.004	7.7519	63	5	0.2253	1.8303	18	0	0.0204	5	140.4395	119.8955	207.7019	105.1387	7065.2729	16709.5605
86D_1_FITC.tif	Positive	Positive	PathAnnotationObject	Polygon	349.72	135.65	6.2743	9.1913	0.9333	3.2195	2.5465	0.7251	3.4737	66	6.2215	24	0	24	43.1579	820	12.375	76	30	46	3.7368	71	6.1989	24	0	24	121.9566	39.3494	0.9898	13.2533	11.8981	0.2929	0.8301	2.1383	24	0	18.8814	9.1051	76	8	0.4038	1.9928	24	0	0.6587	1.4141	11	0	17.3072	6.1662	49	8	0.1877	1.0447	11	0	0.0475	7	60.084	47.951	101.923	23.2699	316.9854	527.958
86D_1_FITC.tif	Positive	Positive	PathAnnotationObject	Polygon	337.64	161.41	9.0193	10.5781	1	3.7388	3.0622	0.4929	2.3333	56	4.0397	16	0	16	45.9167	1102	10.3122	69	31	38	2.3333	56	4.0397	16	0	16	93.3301	35.8297	0.9136	12.739	9.7416	0.6472	0.6307	1.6306	16	0	18.6722	11.5865	69	6	0.3195	1.4866	16	0	0.4424	0.9268	5	0	15.659	6.8003	43	6	0.0968	0.4663	4	0	0.0838	5	35.6116	29.4821	62.4693	6.0588	242.1767	473.6922
86D_1_FITC.tif	Positive	Positive	PathAnnotationObject	Polygon	342.51	168.56	11.3722	13.395	0.7965	4.9105	3.5632	0.6074	1.6061	53	2.6802	11	0	11	46.697	1541	9.6937	66	30	36	1.1515	38	2.3065	10	0	10	114.1137	41.2513	0.8427	14.6339	10.592	0.6998	0.7884	1.4605	11	0	23.2799	11.5772	66	9	0.2526	1.0325	10	0	0.6846	1.1922	7	0	20.3077	7.795	56	9	0.1385	0.6547	7	0	0.1007	4	24.3803	29.2578	32.947	6.0588	272.3508	527.958
86D_1_FITC.tif	Positive	Positive	PathAnnotationObject	Polygon	575.88	171.07	3.5293	6.9278	0.9241	2.5465	1.789	0.6658	15.2727	168	18.7941	48	0	48	60.9091	670	27.1862	108	29	79	15	165	19.1207	48	0	48	108.6237	37.0448	0.9947	12.2648	11.2718	0.2837	1.2888	4.6892	48	0	13.5343	11.7274	108	5	0.6173	4.6794	48	0	0.7105	1.0581	5	0	11.5752	4.282	33	5	0.0226	0.2596	4	0	0.0245	4	71.0247	57.1233	119.8955	49.9567	1014.1398	2417.041
86D_1_FITC.tif	Positive	Positive	PathAnnotationObject	Polygon	372.15	178.17	8.6272	12.141	0.7355	4.9074	2.5429	0.86	4.1429	116	6.2166	23	0	23	44.9643	1259	16.4012	83	18	65	3.7143	104	6.2471	23	0	23	141.9559	42.6977	0.9785	14.948	12.3179	0.5284	2.0302	2.7786	23	0	13.3819	10.9487	83	3	0.3791	2.0108	23	0	1.8542	2.2017	9	0	10.75	4.2303	41	3	0.1012	0.4781	4	0	0.0672	7	77.2356	64.172	130.3197	32.1642	2057.3857	5895.8735
86D_1_FITC.tif	Positive	Positive	PathAnnotationObject	Polygon	328.43	190.31	9.8036	11.7386	0.8941	4.6762	2.6413	0.8029	14.8148	400	16.6665	51	0	51	114.037	3079	34.2597	176	50	126	15	405	16.5576	51	0	51	137.2502	41.7506	0.9895	14.2738	11.8981	0.5312	1.6211	6.0381	51	0	27.4672	27.9633	176	8	1.2365	6.0407	51	0	0.5216	1.1762	11	0	20.2531	8.6119	63	8	0.0895	0.5631	8	0	0.0653	5	45.2956	29.4821	98.4507	26.3514	859.8948	2217.8853
86D_1_FITC.tif	Positive	Positive	PathAnnotationObject	Polygon	303.39	199.17	7.0586	10.7833	0.7628	4.0755	2.7539	0.6601	2.1818	48	3.5542	13	0	13	46.5909	1025	9.2975	67	32	35	1.7273	38	3.7567	14	0	14	129.7995	40.8796	0.976	14.0566	11.8981	0.4017	1.0482	2.2186	16	0	25.494	10.07	67	10	0.3102	1.5978	16	0	0.9677	2.0775	16	0	23.9968	8.2953	56	10	0.2097	1.2738	16	0	0.058	6	39.4002	29.0911	96.7271	15.1966	579.2413	1473.5287
86D_1_FITC.tif	Positive	Positive	PathAnnotationObject	Polygon	279.45	200.39	34.1165	24.7491	0.6999	8.306	5.9502	0.6246	7.2198	657	9.4149	64	0	64	134.9121	12277	32.7884	192	59	133	8.4286	767	9.6864	63	0	63	121.9566	49.5512	0.6242	18.5231	11.7716	0.8102	3.2452	5.9277	64	0	59.5223	55.0396	192	4	2.5064	6.4423	63	0	1.6233	2.1185	10	0	28.7578	23.5539	140	4	0.0897	0.4849	4	0	0.2854	5	24.4861	6.9719	96.4761	4.6617	61.1458	162.6021
86D_1_FITC.tif	Positive	Positive	PathAnnotationObject	Polygon	289.18	197.11	3.9214	7.4704	0.883	2.9381	1.6675	0.8062	5.4167	65	7.4034	24	0	24	63.0833	757	18.618	97	36	61	4.75	57	8.0014	25	0	25	51.3708	26.8164	0.8977	9.6016	7.4033	0.5781	2.6788	3.1899	24	0	26.3139	16.2697	97	8	0.5109	2.671	25	0	2.416	2.3458	10	0	22.784	10.7783	51	8	0.104	0.489	4	0	0.068	6	30.6884	11.9767	88.7778	4.3455	162.0294	473.6922
86D_1_FITC.tif	Positive	Positive	PathAnnotationObject	Polygon	284.87	202.37	9.0193	11.5553	0.8488	4.5164	2.5544	0.7777	7.04	176	9.834	33	0	33	138.24	3456	32.2041	188	87	101	8.68	217	10.6173	36	0	36	19.9993	18.262	0.7536	7.8048	3.5377	0.8757	3.6154	7.5749	33	0	99.5769	46.2128	188	38	4.3654	8.4599	36	0	0.4444	1.2506	5	0	63.7778	21.5305	112	38	0.3704	1.3629	6	0	0.4179	4	5.8345	4.6002	9.7923	4.3455	12.4899	19.7822
86D_1_FITC.tif	Positive	Positive	PathAnnotationObject	Polygon	290.27	204.91	2.745	7.0708	0.6899	2.7051	1.7559	0.8003	2.4545	27	3.908	11	0	11	40.4545	445	7.7764	55	30	25	2.4545	27	3.908	11	0	11	56.4687	28.1805	0.8936	10.8797	7.4117	0.7238	1.0135	1.9483	11	0	22.4324	12.1896	55	5	0.4797	1.805	11	0	0.8978	1.6728	10	0	20.9854	11.3039	55	5	0.3212	1.4345	11	0	0.0516	5	11.0015	12.5292	18.1591	4.5387	42.4213	86.9327
86D_1_FITC.tif	Positive	Positive	PathAnnotationObject	Polygon	272.06	203.65	2.745	6.4694	0.8242	2.3856	1.5716	0.8003	3.3	33	3.093	9	0	9	40.2	402	10.0089	57	27	30	2	20	3.2998	9	0	9	49.4101	25.8048	0.9324	9.5504	7.1583	0.6168	2.6434	2.3278	9	0	18.6822	10.8879	57	4	0.1783	1.0342	9	0	2.5882	2.2602	9	0	16.8739	8.8553	48	4	0.0252	0.1574	1	0	0.056	7	74.2887	101.923	138.8398	5.1473	487.3898	1863.1051
86D_1_FITC.tif	Positive	Positive	PathAnnotationObject	Polygon	277.24	210.23	8.6272	11.7868	0.7803	4.8933	2.245	0.8566	17.64	441	18.914	71	0	71	110.96	2774	26.1382	172	75	97	17.36	434	18.9184	71	0	71	64.3115	31.2099	0.8297	12.3261	7.5103	0.7948	3.9819	9.4037	71	0	37.4217	34.6722	172	4	2.6988	9.519	71	0	1.5603	1.9175	8	0	24.383	12.7591	74	4	0.0993	0.4972	4	0	0.1243	5	8.939	9.7923	12.5292	5.1473	24.5572	61.9754
86D_1_FITC.tif	Positive	Positive	PathAnnotationObject	Polygon	618.02	212.41	7.8429	10.0822	0.9696	3.3542	2.952	0.4689	8	184	4.936	18	0	18	53.2609	1225	3.5703	60	47	13	0.3478	8	0.8847	4	0	4	129.7995	40.4224	0.9982	13.224	12.5243	0.1067	7.2349	5.5907	22	0	40.0241	7.8732	60	20	0.2169	0.7217	5	0	7.178	5.6394	22	0	39.0388	7.1866	56	20	0.2071	0.7088	5	0	0.0572	7	35.1351	23.2495	82.71	15.7916	231.9365	781.1325
86D_1_FITC.tif	Positive	Positive	PathAnnotationObject	Polygon	598.24	213.31	12.5486	14.7579	0.724	5.7963	2.8836	0.8698	42.1944	1519	9.1677	59	27	32	54.7222	1970	10.036	72	34	38	0.8056	29	1.5459	6	0	6	102.3494	38.1886	0.8819	13.2712	10.4122	0.5729	17.8453	12.9347	59	0	29.1434	13.9838	72	5	0.1547	0.7035	6	0	14.0175	8.5142	58	0	25.1223	9.5611	71	5	0.0524	0.3589	3	0	0.1273	4	20.6958	13.7874	49.9567	5.2515	170.9171	446.7537
86D_1_FITC.tif	Positive	Positive	PathAnnotationObject	Polygon	278.43	219	9.8036	11.5788	0.9189	4.2839	2.9042	0.7356	2.8519	77	3.9682	13	0	13	42.037	1135	11.2266	64	26	38	2.4444	66	4.0128	13	0	13	127.0545	40.9209	0.9535	13.8518	11.0995	0.5553	1.0278	1.9897	13	0	18.9753	11.1982	64	6	0.3086	1.5769	13	0	0.862	1.6143	13	0	16.8788	8.5348	56	6	0.1145	0.9192	13	0	0.0757	9	72.3636	91.6134	141.4348	10.2543	1337.3528	6405.5854
86D_1_FITC.tif	Positive	Positive	PathAnnotationObject	Polygon	605.49	217.37	7.0586	9.987	0.8893	3.5249	2.6101	0.5985	44.2727	974	6.212	56	33	23	61.7273	1358	6.7906	74	48	26	0.6818	15	1.7563	6	0	6	40.3908	27.1889	0.6866	10.6347	6.2352	0.8519	23.1111	14.4237	56	0	40.8148	13.0435	74	11	0.1481	0.8295	6	0	17.6977	10.3345	44	0	35.4651	7.7864	54	11	0.0116	0.1078	1	0	0.1671	4	8.6202	7.2842	15.7916	4.1209	27.1035	35.9784
86D_1_FITC.tif	Positive	Positive	PathAnnotationObject	Polygon	593.47	222.56	17.6465	17.4709	0.7265	7.5384	3.5417	0.8539	31.5306	1545	11.8868	68	10	58	90.7551	4447	28.771	156	47	109	4.7755	234	9.3992	42	0	42	118.0352	40.0244	0.9259	14.7275	10.6272	0.6543	18.736	9.7731	68	4	44.5545	25.2266	156	18	0.967	4.2635	42	0	16.2677	7.0273	41	4	35.6417	10.461	71	18	0.2323	1.2594	14	0	0.1533	9	63.6044	10.0843	244.0277	8.3914	2979.1519	16709.5605
86D_1_FITC.tif	Positive	Positive	PathAnnotationObject	Polygon	606.45	222.66	10.98	11.8861	0.9766	3.9893	3.5021	0.4014	40.2258	1247	11.789	63	16	47	60.9355	1889	7.4786	75	47	28	0.6452	20	1.5609	8	0	8	45.0965	27.2455	0.7634	10.6374	6.144	0.8213	16.2203	17.7572	63	0	35.6949	18.0543	75	12	0.1949	0.8796	8	0	7.6667	9.9378	53	0	26.7011	10.6051	64	12	0.0345	0.3216	3	0	0.231	5	8.9261	8.9755	17.1298	4.1209	31.0077	74.5704
86D_1_FITC.tif	Positive	Positive	PathAnnotationObject	Polygon	602.73	227.15	14.1172	16.1225	0.6825	5.8357	3.7533	0.7986	47.8	1912	11.4695	68	21	47	61.9	2476	9.5241	77	44	33	0.925	37	1.6546	6	0	6	32.1558	22.4862	0.7992	8.0017	5.5767	0.745	34.7558	16.7599	68	0	48.6977	15.4965	77	21	0.4419	1.2137	6	0	23.413	11.5673	52	0	37.2174	9.2374	62	21	0.0217	0.1474	1	0	0.4328	4	6.5494	6.5849	8.3914	4.6364	19.8613	29.0664
86D_1_FITC.tif	Positive	Positive	PathAnnotationObject	Polygon	607.73	231.84	9.8036	13.4866	0.6773	4.9731	2.6013	0.8817	20.6071	577	11.1997	46	5	41	77.3571	2166	18.9975	123	53	70	6.4643	181	9.6513	35	0	35	64.3115	30.9351	0.8445	10.3966	9.1611	0.3497	8.2395	9.0128	46	0	35.1796	22.9392	123	11	1.1138	4.5831	35	0	5.7482	5.9904	37	0	26.6835	11.3451	59	11	0.036	0.2528	2	0	0.1406	5	10.5307	7.4087	23.2495	6.0664	29.7228	74.5704
86D_1_FITC.tif	Positive	Positive	PathAnnotationObject	Polygon	596.94	233.32	6.6664	9.3613	0.9559	3.2405	2.4624	0.544	21.2778	383	10.7364	37	4	33	55.7222	1003	8.5942	74	40	34	2.4444	44	4.2179	13	0	13	69.8015	30.2152	0.9608	9.9433	9.0422	0.3278	12	13.0436	51	0	30.3743	13.9247	74	14	0.3408	1.6322	13	0	10.9627	12.8942	51	0	27.5404	11.2916	62	14	0.1056	0.7211	7	0	0.0809	5	17.6825	8.1383	55.7724	7.0088	73.6901	181.2677
86D_1_FITC.tif	Positive	Positive	PathAnnotationObject	Polygon	604.11	239.95	13.725	13.3479	0.968	5.0252	3.3606	0.7619	56.5714	1980	15.8287	93	32	61	69.8	2443	14.7863	104	51	53	2.5143	88	4.5978	17	0	17	94.8987	35.9389	0.9233	12.6732	10.2173	0.6001	15.041	19.6889	93	0	29.0861	19.8475	104	8	0.4549	2.0005	17	0	8.0861	8.5498	46	0	22.2679	9.9414	52	8	0.11	0.622	7	0	0.1281	5	31.6093	29.0891	63.4637	6.0664	424.1723	1115.5514
86D_1_FITC.tif	Positive	Positive	PathAnnotationObject	Polygon	166.39	274.08	2.3529	5.4306	1	1.8984	1.4841	0.6325	1.125	9	1.8077	5	0	5	48.5	388	11.0195	63	32	31	0.5	4	0.9258	2	0	2	34.5086	21.9051	0.9037	7.4657	6.5778	0.1719	0.8913	1.5998	9	0	17.1196	14.1692	63	6	0.0978	0.3939	2	0	0.869	1.589	9	0	14.131	10.2919	58	6	0.0595	0.2842	2	0	0.0435	6	46.5544	7.9857	129.2029	3.9524	202.5347	925.551
86D_1_FITC.tif	Positive	Positive	PathAnnotationObject	Polygon	169.54	280.82	25.4893	23.4609	0.5819	9.5656	3.863	0.9328	4.3731	293	5.1163	23	0	23	104.0896	6974	35.0241	179	45	134	3.5522	238	5.1206	24	0	24	105.8787	52.5993	0.4809	19.7733	8.458	0.9458	1.9819	3.1444	23	0	41.5126	42.5125	179	5	0.9711	2.9707	24	0	1.219	1.5404	7	0	21.5476	18.533	114	5	0.1476	0.7464	6	0	0.2225	3	3.734	3.9524	4.3714	2.8784	4.9524	8.1618
86D_1_FITC.tif	Positive	Positive	PathAnnotationObject	Polygon	163.86	280.2	5.0979	9.1822	0.7598	3.4695	2.1156	0.8307	5.4667	82	6.9986	22	0	22	76.8	1152	19.2547	106	47	59	5.2667	79	7.0353	22	0	22	21.5679	19.5397	0.7099	7.8323	3.6843	0.8772	1.8621	4.2445	22	0	42.569	29.2557	106	5	1.431	4.1806	22	0	0.6047	1.3652	7	0	30.6279	21.7606	94	5	0.093	0.3661	2	0	0.2366	5	6.2456	5.7828	9.1319	4.3714	12.2606	22.9892
86D_1_FITC.tif	Positive	Positive	PathAnnotationObject	Polygon	157.69	279.05	11.3722	14.2126	0.7075	5.7476	2.6043	0.9044	7.5625	242	10.3983	37	0	37	79.4062	2541	27.5621	134	38	96	7.9062	253	10.5383	37	0	37	78.0366	32.839	0.9093	12.3525	9.2117	0.6026	1.935	4.942	37	0	26.18	27.9005	134	4	1.325	5.0683	37	0	0.8631	1.3444	5	0	16.0417	11.846	63	4	0.0714	0.3386	2	0	0.1449	5	84.1915	9.7002	261.2651	5.3699	490.5439	1863.1051
86D_1_FITC.tif	Positive	Positive	PathAnnotationObject	Polygon	173.88	282.61	3.9214	6.9765	1	2.4326	1.9593	0.5923	1.1667	14	2.2088	7	0	7	59.4167	713	11.5401	78	40	38	1.1667	14	2.2088	7	0	7	40.7829	23.7752	0.9066	8.8985	6.5346	0.5961	1.4673	1.9049	8	0	17.8037	17.0174	78	3	0.2056	0.8767	7	0	1.5053	1.873	8	0	12.5474	7.8737	47	3	0.0842	0.4038	2	0	0.076	6	32.1962	11.0582	123.9374	2.8784	417.0768	2212.9214
86D_1_FITC.tif	Positive	Positive	PathAnnotationObject	Polygon	156.73	287.85	9.4114	10.9193	0.9919	3.6105	3.1931	0.4841	3.96	99	4.2864	12	0	12	58	1450	14.8015	84	33	51	3.72	93	4.3062	12	0	12	87.0558	35.6412	0.8612	13.1729	8.6426	0.7528	1.0536	2.006	12	0	14.7455	17.3276	84	3	0.4286	1.8374	12	0	0.6884	1.0509	6	0	9.3116	6.7595	41	3	0.0151	0.1222	1	0	0.0979	5	21.3122	15.0126	38.5938	5.3699	145.7196	281.5528
86D_1_FITC.tif	Positive	Positive	PathAnnotationObject	Polygon	342.34	286.84	12.5486	15.5046	0.656	6.3698	2.6451	0.9229	6.2703	232	8.5233	27	0	27	73.973	2737	24.9215	126	39	87	6.3514	235	9.3161	28	0	28	134.8974	42.9351	0.9196	16.1401	11.2319	0.7269	2.9133	4.0851	27	0	29.7861	18.8298	126	13	0.7139	3.5941	28	0	2.5113	2.9472	12	0	24.4951	7.8693	59	13	0.0388	0.2246	2	0	0.0937	8	60.4064	62.9181	113.8308	10.4868	911.5229	2217.8853
86D_1_FITC.tif	Positive	Positive	PathAnnotationObject	Polygon	592.29	287.94	10.5879	12.5396	0.8462	5.074	2.8523	0.807	39.9667	1199	6.1839	48	28	20	72.2667	2168	8.59	96	57	39	1	30	2.3342	11	0	11	143.5245	42.8653	0.9816	15.042	12.5243	0.5272	33.1093	9.457	55	13	49.9317	10.8584	96	29	0.1749	0.9606	11	0	32.497	9.4629	55	13	47.9375	8.5682	73	29	0.1012	0.6836	7	0	0.0733	8	96.7653	67.8667	226.4881	43.7961	3555.905	10911.9609
86D_1_FITC.tif	Positive	Positive	PathAnnotationObject	Polygon	332.01	292.52	7.0586	10.0308	0.8816	3.609	2.7564	0.3348	5.8571	123	6.1179	22	0	22	53.619	1126	12.5955	81	36	45	2.7619	58	4.999	17	0	17	110.1923	38.0556	0.9561	13.2064	10.9204	0.575	3.7817	3.0856	22	0	26.3275	12.0374	81	4	0.2359	1.5216	17	0	3.616	2.656	11	0	24.1483	8.9407	44	4	0.0342	0.202	2	0	0.0619	10	40.7015	17.794	156.5741	10.5855	994.7465	6405.5854
86D_1_FITC.tif	Positive	Positive	PathAnnotationObject	Polygon	635.75	293.16	16.0779	14.1608	1	4.9651	4.069	0.6195	5.2619	221	7.1365	34	0	34	96.2619	4043	24.5318	142	54	88	5.4524	229	7.1233	34	0	34	153.7202	44.1725	0.99	14.7113	13.1505	0.3381	1.8804	3.1997	34	0	31.5573	25.0997	142	9	0.6412	2.8884	34	0	1.4758	1.9911	8	0	23.8148	8.5194	63	9	0.0655	0.5385	8	0	0.0953	5	81.5716	63.4637	162.1333	43.7961	973.259	1220.8949
86D_1_FITC.tif	Positive	Positive	PathAnnotationObject	Polygon	345.31	298.15	19.215	21.5415	0.5204	8.6699	3.9617	0.9203	7.902	403	10.2396	42	0	42	82.6863	4217	19.49	128	44	84	7.9804	407	10.1163	41	0	41	129.7995	46.1324	0.7664	17.4052	10.2359	0.8375	4.3934	5.4434	42	0	40.2492	21.613	128	12	1.3934	4.9117	41	0	3.7589	3.7032	14	0	32.5745	9.9169	70	12	0.2021	0.9973	12	0	0.1475	5	12.3464	12.4867	19.5677	4.5179	55.8841	91.8602
86D_1_FITC.tif	Positive	Positive	PathAnnotationObject	Polygon	342.45	302.78	2.3529	5.4152	1	1.8847	1.542	0.6325	6.75	54	6.364	19	0	19	49	392	9.3808	65	38	27	5.375	43	6.5014	17	0	17	14.1172	16.1097	0.6836	6.7866	3.3185	0.8222	2.9268	3.869	19	0	34.3415	10.1824	65	22	1.7561	3.8586	17	0	2	2.3049	11	0	30.7879	6.6038	50	22	0.8788	2.3016	11	0	0.1434	5	8.2483	7.794	13.0204	3.5435	22.7796	28.1554
86D_1_FITC.tif	Positive	Positive	PathAnnotationObject	Polygon	337.5	302.57	7.4507	9.7973	0.9754	3.238	2.7293	0.3846	4.4737	85	5.0262	17	0	17	51.8947	986	10.0934	74	38	36	3.0526	58	4.8588	15	0	15	34.9008	24.5877	0.7255	9.5284	4.3747	0.8921	2.957	2.8738	17	0	31.4624	12.8879	74	11	0.6237	2.48	15	0	2.5676	1.8512	7	0	26.2162	6.903	43	11	0	0	0	0	0.1725	4	7.1615	6.1419	12.8187	3.5435	21.5166	32.5883
86D_1_FITC.tif	Positive	Positive	PathAnnotationObject	Polygon	359.94	305.46	27.45	27.5167	0.4556	8.8233	6.7257	0.6324	5.6622	419	7.5058	32	0	32	103.8513	7685	29.4072	160	45	115	5.8514	433	7.4772	32	0	32	139.9952	46.013	0.8309	15.9561	12.0352	0.7202	2.7972	4.2223	32	0	45.5667	34.9382	160	14	1.2444	4.1189	32	0	2.0559	2.3118	8	0	30.486	14.3473	95	14	0.0524	0.3362	4	0	0.1979	6	13.9084	11.675	27.3343	5.7086	53.3154	91.8602
86D_1_FITC.tif	Positive	Positive	PathAnnotationObject	Polygon	333.25	306.05	8.235	11.9177	0.7286	4.751	2.2762	0.8854	4.1304	95	5.057	17	0	17	66.1739	1522	11.7731	87	47	40	3.9565	91	5.2352	17	0	17	50.1944	26.6503	0.8881	9.2857	6.8093	0.6835	1.7744	2.8594	17	0	39.6391	16.4305	87	10	0.7218	2.6267	17	0	1.2818	1.8231	8	0	34.0909	10.923	55	10	0.0455	0.3923	4	0	0.1515	5	8.0212	6.1368	14.8747	5.2151	19.0641	32.5883
86D_1_FITC.tif	Positive	Positive	PathAnnotationObject	Polygon	368.83	307.9	10.1957	11.8066	0.9191	4.473	2.7633	0.7663	2.8571	80	3.9974	15	0	15	75.6429	2118	18.0354	111	43	68	2.7857	78	3.9848	15	0	15	81.958	33.1327	0.9382	12.3878	8.7013	0.6908	1.781	2.2047	15	0	36.2619	18.3999	111	17	0.4286	1.7573	15	0	1.6154	1.7385	7	0	30.2033	8.0987	62	17	0.0659	0.4534	5	0	0.1104	9	112.8369	130.3197	244.0277	5.7086	4819.1802	16709.5605
86D_1_FITC.tif	Positive	Positive	PathAnnotationObject	Polygon	342.83	309	7.0586	11.9231	0.6239	4.4592	2.4634	0.8169	7.1818	158	8.4832	36	0	36	60.2273	1325	15.4763	103	34	69	6.7727	149	8.6296	36	0	36	41.9594	25.9482	0.7831	9.3181	6.7192	0.715	2.4087	4.5516	36	0	33.8087	16.2367	103	14	1.3565	4.5638	36	0	1.2796	1.5837	5	0	27.5591	8.1005	51	14	0.0753	0.3682	3	0	0.1443	6	7.428	7.3178	8.3202	6.8792	19.2326	25.5893
86D_1_FITC.tif	Positive	Positive	PathAnnotationObject	Polygon	349.45	311.77	17.2543	18.0812	0.6632	7.9537	3.2193	0.9077	3.1087	143	3.9622	15	0	15	75.3043	3464	14.3912	100	40	60	3.0652	141	3.9576	16	0	16	86.2716	35.3786	0.8662	12.3219	9.2563	0.6229	2.6741	2.9306	15	0	42.4866	20.0866	100	18	0.6786	2.1687	16	0	2.5618	2.6014	11	0	34.0056	10.1706	63	18	0.0618	0.2844	2	0	0.18	7	11.8187	12.3655	14.6727	6.9391	51.2485	91.8602
86D_1_FITC.tif	Positive	Positive	PathAnnotationObject	Polygon	330.8	312.81	8.6272	12.2941	0.7173	5.0263	2.0526	0.9182	2.6667	64	3.3837	11	0	11	59.5	1428	13.0983	89	41	48	2.2917	55	3.5199	11	0	11	50.1944	27.0485	0.8621	9.9996	7.3053	0.6013	2.2137	2.3271	11	0	31.4809	17.2075	89	13	0.5496	1.8111	11	0	2.1121	2.025	7	0	25.1963	10.4063	67	13	0.1589	0.7024	6	0	0.1582	6	10.4378	8.8364	20.7133	3.2025	24.7899	79.8527
86D_1_FITC.tif	Positive	Positive	PathAnnotationObject	Polygon	336.74	311.89	4.3136	7.8351	0.883	3.0362	1.8305	0.7634	1.4167	17	2.2747	6	0	6	47.5833	571	5.7122	56	41	15	1.5833	19	2.2747	6	0	6	12.1564	13.3589	0.856	5.1414	3.0737	0.8078	1.1176	1.7014	6	0	43.1765	5.8386	56	30	1.2059	1.855	6	0	0.9545	1.3266	4	0	40.7727	4.3962	46	30	1	1.6036	5	0	0.2933	5	5.169	5.5595	6.8792	3.2025	12.162	18.9893
86D_1_FITC.tif	Positive	Positive	PathAnnotationObject	Polygon	340.36	316.12	9.4114	12.3609	0.774	4.9499	2.2947	0.8928	3.1923	83	4.3728	17	0	17	68.2308	1774	19.4264	106	40	66	3.4615	90	4.4293	17	0	17	36.0772	22.3801	0.9051	7.8433	6.1656	0.6211	2.3152	2.882	17	0	43.3478	20.4646	106	19	1.1739	2.8655	17	0	1.9697	1.9609	9	0	33.5455	9.7951	66	19	0.2727	1.016	7	0	0.2368	6	7.3366	6.527	11.3528	4.2383	23.3927	55.347
86D_1_FITC.tif	Positive	Positive	PathAnnotationObject	Polygon	364.21	314.77	4.7057	9.2551	0.6904	3.7687	1.6924	0.9069	8.4286	118	9.6134	26	0	26	65.1429	912	19.876	99	40	59	8.0714	113	9.4825	26	0	26	25.8815	19.5482	0.8511	7.7565	4.7929	0.7826	2.0435	5.3918	26	0	34.2899	21.7757	99	8	1.6667	5.2767	26	0	0.4182	1.0486	4	0	26.4364	13.8708	69	8	0.0364	0.2697	2	0	0.1839	4	7.2106	7.5176	9.3317	4.4757	20.8299	30.7683
86D_1_FITC.tif	Positive	Positive	PathAnnotationObject	Polygon	359.06	318.59	25.8815	25.8402	0.4871	11.4874	3.745	0.9443	6.1233	447	7.7279	43	0	43	105.411	7695	31.4496	154	39	115	6.0822	444	7.7383	43	0	43	96.4673	41.4382	0.706	15.0401	9.1494	0.838	2.848	4.9828	43	0	52.572	39.7329	154	10	1.812	5.0125	43	0	1.4972	2.1001	13	0	30.7797	13.9015	92	10	0.0508	0.6056	8	0	0.286	7	10.3351	10.8234	14.3343	4.4757	40.0257	72.5075
86D_1_FITC.tif	Positive	Positive	PathAnnotationObject	Polygon	178.46	318.46	17.6465	15.3714	0.9385	5.3144	3.9987	0.6384	7.913	364	9.7498	49	0	49	115.5435	5315	32.6529	181	61	120	7.9348	365	9.6848	49	0	49	160.3867	45.1186	0.9901	14.9211	13.5724	0.3058	2.2019	4.336	49	0	33.6691	32.3842	181	9	0.8978	4.07	49	0	1.4822	2.1871	14	0	23.3507	9.7754	72	9	0.011	0.1279	2	0	0.1059	12	58.8729	36.9733	156.5741	13.9221	1095.6024	6405.5854
86D_1_FITC.tif	Positive	Positive	PathAnnotationObject	Polygon	334.46	318.52	10.5879	11.7458	0.9644	4.4061	3.0806	0.6503	6	174	7.6811	28	0	28	102.3103	2967	21.1965	151	75	76	6.1379	178	7.7677	28	0	28	21.96	17.9154	0.8598	6.4577	4.949	0.4587	3.1803	5.9568	28	0	73.8852	32.6711	151	26	2.9836	6.1305	28	0	0.625	1.0999	4	0	48.125	14.8079	85	26	0.125	0.7071	4	0	0.4518	5	5.6134	5.2109	8.0511	4.2383	13.0534	19.39
86D_1_FITC.tif	Positive	Positive	PathAnnotationObject	Polygon	337.94	322.76	9.4114	13.186	0.6802	4.7444	3.1965	0.7983	2.7692	72	2.9841	9	0	9	54.3462	1413	10.0317	70	39	31	1.6923	44	2.4943	8	0	8	28.6265	20.9632	0.8186	7.831	5.2742	0.7698	1.5128	2.1727	9	0	37.2821	14.8306	70	14	0.5641	1.6324	8	0	0.8846	1.247	5	0	28.75	7.7507	42	14	0	0	0	0	0.2791	6	7.591	8.5358	9.0616	4.8666	23.7678	32.2819
86D_1_FITC.tif	Positive	Positive	PathAnnotationObject	Polygon	329.3	322.53	16.0779	18.179	0.6114	7.5872	2.9777	0.9228	6.3913	294	8.1499	28	0	28	99.8696	4594	28.306	149	47	102	6.7174	309	8.4398	29	0	29	67.8408	31.3373	0.8681	11.3727	7.9575	0.6578	2.4326	4.9698	28	0	50.7079	34.7681	149	19	1.8146	5.1645	29	0	1.053	1.7705	7	0	33.5758	14.6163	81	19	0.1061	0.4326	3	0	0.2428	6	7.5456	7.167	11.536	4.9747	17.0918	26.2269
86D_1_FITC.tif	Positive	Positive	PathAnnotationObject	Polygon	347.29	322.11	32.9401	24.5194	0.6885	9.1044	5.3344	0.8418	1.6067	143	2.8108	14	0	14	60.4607	5381	14.5517	105	33	72	1.1348	101	2.4918	14	0	14	94.5066	36.6365	0.8848	13.7668	9.562	0.67	1.2541	2.1201	14	0	40.082	20.0317	105	14	0.4549	1.6361	14	0	1.0516	1.57	8	0	28.3806	11.5911	82	14	0.0645	0.5055	6	0	0.354	6	10.1542	9.9651	14.3343	7.1326	41.8934	72.5075
86D_1_FITC.tif	Positive	Positive	PathAnnotationObject	Polygon	370.11	321.05	8.6272	11.3744	0.838	4.3291	2.7968	0.7876	12.2083	293	15.0043	51	0	51	100.7083	2417	30.9522	155	49	106	13.5	324	14.6762	50	0	50	58.4294	28.1979	0.9234	9.6111	7.9426	0.4946	2.9934	7.6966	51	0	39.6447	31.3621	155	10	2.6184	7.8908	50	0	1.2656	3.2567	22	0	28.1953	12.6167	76	10	0.5781	2.907	22	0	0.1468	6	30.6719	9.0457	138.0742	4.5374	196.2509	802.7698
86D_1_FITC.tif	Positive	Positive	PathAnnotationObject	Polygon	164.97	323.12	12.5486	12.8898	0.9491	4.6446	3.6495	0.6205	8.6471	294	7.5514	25	0	25	98.2941	3342	24.7148	147	57	90	8.2059	279	7.3723	24	0	24	126.2702	40.4816	0.9683	14.0825	11.737	0.5349	3.4031	4.1396	25	0	27.2892	27.7064	147	5	0.8738	3.4426	24	0	2.7904	3.0093	14	0	18.9931	11.3128	62	5	0.0172	0.1302	1	0	0.0915	3	20.6162	13.9221	38.4527	9.4738	164.532	263.7348
86D_1_FITC.tif	Positive	Positive	PathAnnotationObject	Polygon	352.86	327.65	21.1757	21.9862	0.5505	8.4043	4.255	0.8907	4.1333	248	5.2026	22	0	22	94.9667	5698	23.5221	144	41	103	4.25	255	5.2485	22	0	22	63.9194	34.8068	0.663	12.6172	8.7119	0.7663	2.2169	3.9051	22	0	60.2169	32.7523	144	15	1.7229	3.9044	22	0	1.1321	2.3384	18	0	40.5472	17.1521	82	15	0.2925	1.6617	15	0	0.3265	6	9.4967	9.4651	11.6356	7.1326	35.2258	43.0105
86D_1_FITC.tif	Positive	Positive	PathAnnotationObject	Polygon	360.85	327.19	17.2543	15.8229	0.866	5.4977	4.29	0.6985	3.3061	162	3.6867	13	0	13	87.6531	4295	14.4922	114	55	59	3.6531	179	3.849	13	0	13	45.0965	26.9885	0.778	9.2648	7.1937	0.4882	2.3719	2.9044	13	0	56.9835	28.899	114	17	1.5785	3.0407	13	0	1.7361	2.014	7	0	36.1111	13.3633	74	17	0.1667	0.7872	5	0	0.3826	6	8.1273	8.3825	10.9377	4.8245	27.1454	40.0328
86D_1_FITC.tif	Positive	Positive	PathAnnotationObject	Polygon	323.57	325.42	7.0586	10.1103	0.8678	3.7746	2.4124	0.7654	4.2105	80	4.7443	14	0	14	80.4737	1529	16.4869	106	50	56	4.2632	81	4.794	14	0	14	37.2536	25.0398	0.7466	9.7348	5.7532	0.7967	1.1735	2.7283	14	0	37.2959	26.2719	106	12	0.9286	2.763	14	0	0.443	1.1294	8	0	26.9114	15.2401	74	12	0.1266	0.911	8	0	0.1749	5	12.8726	4.9747	35.3857	3.7201	27.1629	79.8527
86D_1_FITC.tif	Positive	Positive	PathAnnotationObject	Polygon	341.97	330.81	18.8229	19.8303	0.6015	8.2326	3.604	0.9148	3.6863	188	4.756	20	0	20	64.4706	3288	15.1464	105	41	64	2.902	148	4.8508	19	0	19	74.1151	32.8152	0.8649	12.2044	7.9397	0.7909	2.4271	3.2399	20	0	38.4115	19.2297	105	14	0.9167	2.9451	19	0	1.9716	2.3359	13	0	28.9858	9.2574	56	14	0.1986	1.2143	12	0	0.2523	7	9.8395	9.247	12.629	7.7842	36.5898	50.6118
86D_1_FITC.tif	Positive	Positive	PathAnnotationObject	Polygon	369.65	328.94	6.2743	10.0806	0.7759	3.6332	2.3499	0.7257	4.95	99	7.5077	29	0	29	62	1240	21.6843	111	34	77	4.8	96	7.3671	29	0	29	55.2922	28.5471	0.8526	10.0494	8.2537	0.5222	1.6897	3.4871	29	0	29.0966	16.1715	111	13	0.6966	3.152	29	0	1.168	1.8697	7	0	23.832	5.3937	49	13	0.04	0.2664	2	0	0.1231	5	34.673	7.067	135.943	4.5374	315.7518	1238.3975
86D_1_FITC.tif	Positive	Positive	PathAnnotationObject	Polygon	334.13	328.62	6.6664	9.6315	0.9031	3.5298	2.5034	0.6938	5.3	106	6.5059	19	0	19	69.5	1390	13.8507	97	44	53	5.2	104	6.518	19	0	19	27.0579	19.3752	0.9058	6.5958	5.7915	0.4836	1.9459	4.0303	19	0	40.2432	22.2691	97	12	1.5135	4.062	19	0	0.7037	1.1757	4	0	29.4074	13.1012	59	12	0.1481	0.6843	4	0	0.2387	7	6.5644	6.2829	9.0616	4.0123	18.1316	32.2819
86D_1_FITC.tif	Positive	Positive	PathAnnotationObject	Polygon	168.84	331.58	18.0386	19.4875	0.5969	8.2031	3.0038	0.9432	11.4423	595	10.0692	43	0	43	128.0769	6660	23.3422	165	77	88	7.6346	397	9.3138	39	0	39	109.408	44.5376	0.6931	17.6563	8.7623	0.9082	3.2975	6.2168	43	0	50.6702	45.081	165	4	1.5412	4.9673	39	0	1.4317	2.4293	12	0	32.9383	26.1247	118	4	0.1454	0.5246	3	0	0.175	5	29.2293	15.7333	85.9226	5.3313	84.63	229.8398
86D_1_FITC.tif	Positive	Positive	PathAnnotationObject	Polygon	321.3	331.54	7.4507	11.3348	0.7288	4.26	2.5881	0.847	3.0909	68	4.0814	12	0	12	56.2273	1237	14.8739	85	32	53	2.8636	63	4.2122	12	0	12	67.4487	31.3775	0.8609	11.0562	8.1766	0.5803	2.0618	2.5114	12	0	27.5225	13.9281	85	13	0.4607	1.9078	12	0	1.9167	2.1849	10	0	23.4744	7.6229	55	13	0.1218	0.9041	10	0	0.1074	8	44.2501	20.1931	145.9846	3.7201	988.566	3438.6145
86D_1_FITC.tif	Positive	Positive	PathAnnotationObject	Polygon	329.19	329.86	1.5686	4.4875	0.9788	1.5173	1.3212	0	4.8333	29	4.2622	12	0	12	65.8333	395	6.8823	78	58	20	4.3333	26	4.5898	12	0	12	3.5293	6.9242	0.925	2.6824	1.7255	0.6658	2.9091	3.8329	12	0	59.9091	9.0272	78	48	2.3636	3.9566	12	0	0.6	1.3416	3	0	52.8	5.3572	60	48	0	0	0	0	0.3472	5	4.3855	4.4555	5.6361	2.396	8.2099	11.1105
86D_1_FITC.tif	Positive	Positive	PathAnnotationObject	Polygon	174.41	336.34	28.6265	30.2884	0.3921	10.8298	6.1023	0.8135	14.1266	1116	12.949	72	0	72	125.7848	9937	53.2877	243	28	215	8.1266	642	13.0574	71	0	71	142.7402	52.4354	0.6524	20.7661	8.962	0.9269	8.607	9.9829	72	0	53.7127	50.8751	243	2	1.8428	6.8665	71	0	7.1034	8.429	27	0	34.0793	26.8827	141	2	0.131	0.536	4	0	0.1976	5	11.865	7.7088	24.3991	4.9739	48.7734	178.6688
86D_1_FITC.tif	Positive	Positive	PathAnnotationObject	Polygon	364.17	333.03	6.2743	9.3148	0.9087	3.4725	2.5817	0.6956	2.5556	46	4.6554	15	0	15	52.1111	938	12.2084	74	34	40	2.5556	46	4.6554	15	0	15	32.9401	22.8685	0.7915	9.2713	5.2295	0.8279	1.1573	2.6539	15	0	31.2809	13.573	74	13	0.8764	2.6364	15	0	0.8028	1.7206	11	0	26	7.4527	53	13	0.4507	1.6017	11	0	0.1754	5	8.3621	8.0786	13.2215	4.8245	21.0117	34.1018
86D_1_FITC.tif	Positive	Positive	PathAnnotationObject	Polygon	328.22	332.69	3.5293	6.6701	0.9969	2.3126	1.8786	0.6658	6.5	65	8.9349	25	0	25	83.1	831	16.017	109	57	52	6.3	63	8.6288	24	0	24	10.98	13.4583	0.7618	5.7364	2.568	0.8768	2.5	5.7998	25	0	57.2333	25.5757	109	21	2.1667	5.6635	24	0	0.5	0.9459	3	0	44.3	18.672	79	21	0.1	0.4472	2	0	0.3255	5	4.4915	5.0451	6.1226	2.396	6.5002	9.8094
86D_1_FITC.tif	Positive	Positive	PathAnnotationObject	Polygon	329.93	335.61	12.9407	15.6922	0.6604	6.6498	2.9022	0.9031	4.3889	158	7.1884	31	0	31	84.1389	3029	20.4383	134	46	88	4.4167	159	7.3421	31	0	31	43.9201	33.0567	0.5051	14.1784	4.8748	0.9546	2.8376	4.4236	31	0	47.812	29.4229	134	18	1.4274	4.5149	31	0	2.1481	2.0501	7	0	31.6667	14.6544	86	18	0.0988	0.4064	3	0	0.2834	4	4.2056	4.1453	5.3349	3.1967	7.6592	12.7647
86D_1_FITC.tif	Positive	Positive	PathAnnotationObject	Polygon	350.35	335.43	16.47	17.9722	0.6408	6.5924	3.8793	0.8648	8.4222	379	9.5095	31	0	31	96.7778	4355	20.6628	141	52	89	8.3778	377	9.4659	31	0	31	65.488	31.2109	0.8448	11.4625	7.8009	0.7251	2.7219	6.0454	31	0	54.1361	30.0151	141	24	2.2781	6.111	31	0	0.6532	1.169	7	0	38.6613	13.0813	98	24	0.0645	0.6343	7	0	0.2647	5	9.5474	9.4632	13.3413	5.5806	37.0552	50.6118
86D_1_FITC.tif	Positive	Positive	PathAnnotationObject	Polygon	337.4	337.98	10.5879	14.2773	0.6527	5.9247	2.7839	0.8811	6.0323	187	8.1178	24	0	24	80.3548	2491	22.6783	123	38	85	6.0323	187	8.1342	24	0	24	55.2922	28.8472	0.835	11.3167	7.4184	0.7428	2.0625	4.5284	24	0	42.6806	23.957	123	17	1.6042	4.5928	24	0	0.9735	1.7241	10	0	32.3451	9.7163	67	17	0.3894	1.5144	10	0	0.1969	6	7.8049	8.4281	11.4339	3.9574	20.4505	40.8355
86D_1_FITC.tif	Positive	Positive	PathAnnotationObject	Polygon	355.66	337.92	12.1564	16.0847	0.5905	6.9611	2.3731	0.9395	4.8857	171	7.7337	35	0	35	78.9429	2763	28.4522	143	30	113	5.1429	180	7.8708	35	0	35	50.1944	30.9528	0.6584	12.4785	5.0342	0.931	2.3731	4.5317	35	0	45.1269	26.2218	143	22	1.3507	4.5789	35	0	1.4848	2.0171	7	0	33.1717	9.9755	61	22	0.0101	0.1005	1	0	0.2453	7	9.7163	10.6225	14.1859	5.1981	30.0053	40.0328
86D_1_FITC.tif	Positive	Positive	PathAnnotationObject	Polygon	180.62	335.53	0.7843	3.4021	0.8515	1.4689	0.5849	0.866	14.3333	43	8.9629	20	4	16	82	246	9.5394	93	76	17	4.6667	14	5.6862	11	0	11	5.8822	12.0444	0.5095	5.3385	1.2847	0.9575	2.8421	6.1578	20	0	37.8947	21.9137	93	21	0.7368	2.5786	11	0	0.6875	1.8518	7	0	29.625	10.1053	51	21	0	0	0	0	0.053	3	8.9121	4.9739	18.8427	2.9198	19.7351	40.5761
86D_1_FITC.tif	Positive	Positive	PathAnnotationObject	Polygon	331.55	339.81	1.9607	4.8367	1	1.8584	1.1795	0.7651	5.5	33	4.3704	13	0	13	49.3333	296	9.395	57	35	22	2.8333	17	2.7142	6	0	6	24.705	19.1723	0.8446	6.6457	5.4612	0.6379	3.2	2.5812	13	0	24.3385	10.6702	57	15	0.2923	1.1419	6	0	2.9661	2.2588	10	0	21.7966	6.8425	55	15	0.0339	0.2604	2	0	0.061	6	10.6926	8.603	25.7255	3.1967	60.0417	180.5286
86D_1_FITC.tif	Positive	Positive	PathAnnotationObject	Polygon	361.53	340.32	16.47	17.5633	0.671	6.3566	3.8992	0.806	2.9149	137	5.1996	24	0	24	67.0851	3153	17.6054	115	42	73	3.3617	158	5.8288	28	0	28	75.2915	38.6958	0.6319	14.7181	8.0699	0.8908	2.1897	2.9828	24	0	39.6564	19.976	115	15	0.9179	3.2001	28	0	1.9595	1.7492	6	0	30.9459	10.6162	66	15	0.1419	0.6062	6	0	0.2169	4	8.0585	6.9708	13.0943	5.1981	25.5985	34.4464
86D_1_FITC.tif	Positive	Positive	PathAnnotationObject	Polygon	181.84	340.94	6.2743	8.9662	0.9807	3.567	1.9188	0.8137	17.5294	298	4.1097	25	9	16	50.9412	866	9.1752	71	39	32	1.5294	26	3.1048	11	0	11	82.7423	33.9694	0.9011	12.0085	8.856	0.6552	11.7453	8.0785	26	0	33.684	8.2341	71	21	0.184	1.0207	11	0	11.241	8.1486	26	0	32.1795	6.1989	52	21	0.0667	0.407	3	0	0.059	4	12.1716	12.2233	21.32	2.9198	39.4596	110.8259
86D_1_FITC.tif	Positive	Positive	PathAnnotationObject	Polygon	343.6	341.09	8.235	11.402	0.796	4.6024	2.621	0.8037	0.875	21	2.1531	9	0	9	61.7083	1481	15.0318	95	43	52	0.875	21	2.1531	9	0	9	41.9594	27.7607	0.6842	10.8554	6.0823	0.794	1.4862	2.2796	9	0	39.5872	17.5405	95	14	0.3211	1.3115	9	0	1.6588	2.2968	9	0	33.3412	12.4265	83	14	0.1647	0.9109	8	0	0.1984	5	8.2989	8.8349	12.629	3.5843	27.8542	50.6118
86D_1_FITC.tif	Positive	Positive	PathAnnotationObject	Polygon	364.05	347.24	8.6272	12.411	0.7038	5.2047	2.2274	0.8976	12.76	319	13.6085	36	0	36	97.92	2448	23.8955	138	63	75	13.08	327	13.3289	36	0	36	85.0951	33.7095	0.941	12.109	9.1525	0.6213	1.8082	6.1076	36	0	34.1598	26.243	138	10	1.726	6.1097	36	0	0.3969	1.2518	9	0	25.9433	10.6036	75	10	0.2629	1.1048	9	0	0.098	7	62.0568	18.7745	149.4445	5.863	2011.911	6517.9907
86D_1_FITC.tif	Positive	Positive	PathAnnotationObject	Polygon	341.95	346.23	7.8429	10.7332	0.8555	4.1775	2.4347	0.7595	6.1304	141	6.989	23	0	23	109.6522	2522	22.9636	148	64	84	6.3913	147	7.0501	23	0	23	39.2143	27.3362	0.6594	10.7797	5.7188	0.8963	1.9412	4.3186	23	0	51.3529	38.2816	148	8	1.9902	4.431	23	0	0.7215	1.9211	10	0	34.3797	21.3279	85	8	0.7089	2.0074	11	0	0.1823	5	12.2576	11.4339	28.4347	3.5843	53.5727	180.5286
86D_1_FITC.tif	Positive	Positive	PathAnnotationObject	Polygon	345.97	349.21	9.4114	13.1096	0.6882	5.2901	2.7018	0.8487	7.5556	204	8.7677	32	0	32	93.6667	2529	23.2213	136	50	86	8.037	217	8.8773	33	0	33	58.0372	35.828	0.5682	14.4642	6.1452	0.9403	1.7815	4.6474	32	0	35.5563	33.2697	136	1	1.5563	4.8175	33	0	0.5242	1.0855	5	0	22.9032	18.254	83	1	0.1452	0.6464	5	0	0.1602	6	12.2227	10.1622	29.4209	3.7646	35.7436	53.0497
86D_1_FITC.tif	Positive	Positive	PathAnnotationObject	Polygon	628.55	348.49	4.7057	7.9381	0.9384	3.1266	1.8597	0.7738	9.8462	128	11.1643	32	0	32	56.4615	734	17.2705	90	41	49	8.8462	115	11.1344	31	0	31	110.5845	37.5148	0.9874	12.4432	10.6456	0.4329	3.1696	3.692	32	0	24.2615	8.8539	90	16	0.4523	2.9584	31	0	2.8481	2.5439	10	0	22.7111	4.0441	38	16	0.0481	0.2752	3	0	0.0344	7	70.2789	68.7304	107.6308	46.973	857.4665	2339.2441
86D_1_FITC.tif	Positive	Positive	PathAnnotationObject	Polygon	353.52	350.95	10.1957	14.6439	0.5975	6.0473	2.4549	0.9384	7.6897	223	9.7764	34	0	34	68.1724	1977	18.0635	112	34	78	7.8276	227	9.7177	34	0	34	96.4673	37.2195	0.8751	12.6162	10.4694	0.5122	1.125	4.1271	34	0	25.5202	19.1738	112	8	0.996	4.127	34	0	0.2557	0.7285	4	0	19.8721	10.029	57	8	0.0913	0.372	3	0	0.1034	7	37.6914	13.0943	94.9293	5.6406	302.4261	1238.5911
86D_1_FITC.tif	Positive	Positive	PathAnnotationObject	Polygon	192.4	351.57	8.6272	11.69	0.7933	4.3061	2.8805	0.7219	21.76	544	3.6318	26	15	11	49.04	1226	3.3971	54	43	11	0.04	1	0.2	1	0	1	136.0738	41.6571	0.9854	14.2168	12.2811	0.4486	11.1552	5.9265	26	0	34.1034	8.7752	57	18	0.0977	0.5545	5	0	10.3344	5.2402	26	0	32.9474	7.9662	57	18	0.1022	0.5727	5	0	0.0625	6	32.1319	29.6812	56.3196	16.7378	132.0078	278.787
86D_1_FITC.tif	Positive	Positive	PathAnnotationObject	Polygon	319.58	359.54	4.3136	7.9366	0.8605	3.1163	1.8626	0.7243	7.5714	106	8.4281	24	0	24	37.8571	530	14.2713	62	20	42	4.9286	69	8.1095	20	0	20	114.5059	38.1158	0.9904	13.1672	11.2718	0.4646	2.0444	2.9693	24	0	11.8123	8.5349	62	2	0.3003	2.0302	20	0	1.767	2.0792	10	0	10.5054	5.578	26	2	0.0681	0.3482	3	0	0.0338	10	57.216	53.3812	103.4728	25.7255	779.581	2417.478
86D_1_FITC.tif	Positive	Positive	PathAnnotationObject	Polygon	216.39	368.79	7.0586	10.836	0.7554	4.1768	2.3466	0.7714	9.2381	194	10.6391	34	0	34	73.9048	1552	22.9976	116	44	72	6.8571	144	9.9563	29	0	29	132.5445	41.0428	0.9888	14.1885	11.808	0.518	3	3.9754	34	0	27.3166	15.1273	116	11	0.568	2.9741	29	0	2.5868	2.6331	12	0	24.2303	7.5348	53	11	0.1514	0.5973	6	0	0.0557	6	61.683	47.5492	114.0254	27.8239	1131.0471	3438.6145
86D_1_FITC.tif	Positive	Positive	PathAnnotationObject	Polygon	229.58	392.47	19.215	18.461	0.7085	6.7433	4.4986	0.7399	7.4182	408	3.2185	14	0	14	49.7091	2734	7.4602	62	34	28	0.6545	36	1.3501	6	0	6	142.3481	46.4389	0.8295	16.3445	12.5584	0.5875	2.7951	3.4497	15	0	23.3497	15.1474	62	2	0.1639	0.6624	6	0	1.9775	2.7829	15	0	18.6881	10.7417	48	2	0.0772	0.3858	3	0	0.1445	5	39.2062	27.8239	85.9226	5.7483	80.0143	163.1865
86D_1_FITC.tif	Positive	Positive	PathAnnotationObject	Polygon	486.4	394.24	25.4893	20.5362	0.7595	7.8777	4.6017	0.8388	2.5294	172	5.1788	24	0	24	69.5735	4731	19.0767	125	43	82	2.6176	178	5.8438	24	0	24	192.9346	49.9906	0.9702	17.5105	13.7767	0.6067	1.5274	2.557	24	0	30.9148	20.0077	125	5	0.4422	2.3666	24	0	1.3671	1.7782	8	0	24.7294	11.3566	69	5	0.0941	0.4714	5	0	0.1257	8	121.0917	134.3057	150.0699	69.4171	3861.6943	10911.9609
86D_1_FITC.tif	Positive	Positive	PathAnnotationObject	Polygon	238.63	394.3	7.4507	10.4446	0.8583	3.8509	2.5606	0.8034	6.3913	147	2.6924	14	3	11	51.8261	1192	6.2643	68	43	25	0.6957	16	1.9408	7	0	7	79.6051	33.6339	0.8843	12.7755	8.541	0.7469	5.6098	2.8789	14	0	33.639	9.9615	68	8	0.0878	0.6803	7	0	5.511	2.8936	13	0	31.3407	7.7284	46	8	0.011	0.1045	1	0	0.0929	4	35.5889	23.4113	89.7846	5.7483	507.5475	1372.4176
86D_1_FITC.tif	Positive	Positive	PathAnnotationObject	Polygon	621.49	393.52	3.5293	6.1791	1	2.3139	1.6577	0.5367	18.1111	163	18.6711	55	0	55	109.1111	982	30.4444	159	64	95	18.5556	167	18.6756	55	0	55	61.9587	31.0534	0.8074	11.6914	7.1603	0.7762	3.6135	6.3414	55	0	31.6564	27.3957	159	4	1.5767	6.3449	55	0	2.7662	3.3564	21	0	27.1299	19.3052	127	4	0.5844	2.5378	21	0	0.0351	5	23.057	11.5828	46.973	2.864	169.5625	572.5837
86D_1_FITC.tif	Positive	Positive	PathAnnotationObject	Polygon	580.98	397.64	12.5486	17.3921	0.5213	8.1023	2.1503	0.9607	10.8649	402	10.6879	39	0	39	109.8649	4065	22.9337	145	64	81	11.8108	437	11.1998	40	0	40	150.9752	45.0354	0.9354	16.5428	11.6932	0.658	3.9096	5.1349	39	0	43.4987	26.6733	145	10	1.3127	5.0132	40	0	3.1743	3.4218	25	0	36.4829	14.708	86	10	0.2029	1.3924	23	0	0.0806	7	59.4227	68.7304	110.9733	10.7263	1678.725	5260.1025
86D_1_FITC.tif	Positive	Positive	PathAnnotationObject	Polygon	617.22	395.87	2.745	6.1407	0.9148	2.0897	1.7239	0.8003	15.9	159	17.6033	44	0	44	102.9	1029	26.3416	140	72	68	13.9	139	18.4177	44	0	44	32.1558	27.2085	0.5458	12.1576	3.5424	0.9608	5.6706	7.3927	44	0	56.1412	21.747	140	26	1.9529	7.5623	44	0	4.3067	2.8851	11	0	49.9067	10.8443	87	26	0.36	1.342	9	0	0.0739	3	5.5572	5.0334	8.7744	2.864	6.1023	12.7487
86D_1_FITC.tif	Positive	Positive	PathAnnotationObject	Polygon	607.35	397.08	10.98	13.7129	0.7338	5.7143	2.5186	0.8946	8.2581	256	5.1444	17	0	17	70.2258	2177	6.2113	84	59	25	0.6774	21	1.5788	7	0	7	107.4473	39.0864	0.8838	13.9898	10.1062	0.704	9.7418	4.1657	18	0	53.36	11.2362	84	31	0.1855	0.814	7	0	9.9303	3.9978	18	1	51.2172	9.8335	75	31	0.123	0.6361	7	0	0.0978	7	20.7116	18.3718	52.7241	5.4957	159.1878	667.7433
86D_1_FITC.tif	Positive	Positive	PathAnnotationObject	Polygon	614.3	401.83	7.0586	11.5726	0.6623	4.2989	2.4956	0.8402	10.4091	229	8.5894	38	3	35	85.9545	1891	19.9057	131	60	71	6.0909	134	9.5912	37	0	37	65.488	30.8352	0.8655	11.337	8.3421	0.6541	7.2398	5.2363	38	0	49.2281	18.8068	131	24	0.9591	3.9814	37	0	6.7718	4.3946	17	0	43.8054	10.9518	71	24	0.2013	0.8136	6	0	0.1111	7	19.0836	18.8788	44.6051	5.0334	99.8045	452.799
86D_1_FITC.tif	Positive	Positive	PathAnnotationObject	Polygon	248.43	402.68	5.0979	8.5177	0.883	3.1207	2.126	0.7242	9.9375	159	10.8657	31	0	31	73.5625	1177	18.7473	106	47	59	9.75	156	10.9514	31	0	31	120.388	38.9477	0.9973	13.0759	11.7622	0.4124	3.1327	4.5132	31	0	30.2945	14.1111	106	9	0.7346	3.5503	31	0	2.7611	3.5699	17	0	27.9317	9.1541	63	9	0.2423	1.5613	16	0	0.0405	5	54.7227	70.1666	85.0884	14.9344	778.0488	2417.478
86D_1_FITC.tif	Positive	Positive	PathAnnotationObject	Polygon	582.33	408.06	3.9214	7.6174	0.8493	2.8937	1.7914	0.7645	10.3846	135	11.4276	38	0	38	97.5385	1268	18.1871	135	75	60	12.6154	164	10.3966	39	2	37	53.3315	28.7479	0.8109	11.0136	6.677	0.7746	2.8714	4.8708	38	0	52.0286	21.1558	135	21	1.8857	5.1076	39	0	2.1024	2.7046	18	0	47.3701	15.0559	89	21	0.7874	2.3218	14	0	0.0675	5	23.1869	10.3166	80.4673	5.602	141.9645	392.5773
86D_1_FITC.tif	Positive	Positive	PathAnnotationObject	Polygon	593.34	408.73	16.0779	16.0726	0.7821	6.0862	3.6757	0.8517	1.9773	87	2.6719	10	0	10	91.7273	4036	9.7178	111	74	37	2.25	99	3.028	10	0	10	85.8794	35.8603	0.8392	12.4548	10.5067	0.5535	3.0586	2.9752	12	0	56.7432	21.9739	111	30	0.509	1.6221	10	0	3.3258	2.9926	12	0	48.0955	14.1596	100	30	0.0787	0.3436	2	0	0.1735	7	11.591	10.3166	20.3495	5.5318	53.8358	176.7644
86D_1_FITC.tif	Positive	Positive	PathAnnotationObject	Polygon	585.85	413.5	15.2936	15.4061	0.8097	6.1591	3.4489	0.8357	6.1707	253	7.0495	27	0	27	133.0488	5455	30.4548	190	74	116	9.6098	394	8.9327	38	0	38	47.8415	32.5132	0.5687	13.6089	5.8636	0.9223	3.3333	4.9445	27	0	81.254	44.8537	190	24	3.2381	6.7426	38	0	1.9647	2.6252	9	0	56.2706	24.7215	121	24	0.1647	0.5311	3	0	0.2904	3	5.5867	5.602	7.5223	3.6358	13.0214	20.5579
86D_1_FITC.tif	Positive	Positive	PathAnnotationObject	Polygon	598.23	413.26	12.9407	12.6131	1	4.3326	3.4182	0.5153	2.8235	96	2.3928	9	0	9	113.8529	3871	15.2338	144	89	55	4.1765	142	2.4676	9	0	9	36.0772	25.9028	0.6757	10.8826	5.1351	0.8593	2.6327	2.6258	9	0	76.0306	32.3672	144	34	1.4898	2.4463	9	0	2.5312	2.7543	9	0	55.9375	17.5869	97	34	0.0625	0.244	1	0	0.3216	5	7.3861	5.6368	11.6471	5.41	21.9803	50.2279
86D_1_FITC.tif	Positive	Positive	PathAnnotationObject	Polygon	604.16	412.56	2.745	5.5171	1	2.0023	1.5591	0.3531	2.5	20	2.2039	5	0	5	81.25	650	6.7348	90	73	17	1.625	13	1.9226	5	0	5	29.4108	20.5767	0.8729	7.2641	5.8813	0.5535	5.4625	5.2698	21	0	51.85	14.4827	92	36	0.1875	0.7646	5	0	5.7917	5.415	21	0	48.5833	10.9862	92	36	0.0278	0.1655	1	0	0.0589	6	10.5987	8.7716	18.8788	3.3884	37.0366	95.8113
86D_1_FITC.tif	Positive	Positive	PathAnnotationObject	Polygon	585.52	418.83	7.4507	10.9267	0.7842	4.4851	2.0382	0.8764	14.1905	298	9.3628	28	0	28	128.8095	2705	20.6558	163	84	79	14.9048	313	9.4652	30	3	27	67.8408	32.9148	0.7869	13.1348	6.9535	0.8509	3.8514	5.3916	28	0	44.6629	35.411	163	9	1.8057	5.8178	30	0	2.4416	2.2199	10	0	33.1883	16.3062	85	9	0.0195	0.1387	1	0	0.0949	8	24.1491	12.6063	78.5922	3.6358	268.8072	1614.8379
86D_1_FITC.tif	Positive	Positive	PathAnnotationObject	Polygon	604.1	417.52	19.6072	22.3612	0.4928	9.9423	3.1311	0.948	3.8113	202	4.3987	19	0	19	111.6604	5918	20.1694	151	69	82	3.4528	183	4.2813	15	0	15	69.4094	44.9598	0.4315	18.1695	6.8425	0.9523	10.6222	10.0352	28	0	73.5722	31.0464	151	34	1.1722	2.8182	15	0	13.4646	10.3646	28	0	57.6772	18.3454	105	34	0.2205	0.7859	5	0	0.2761	4	4.9118	5.2006	5.8577	3.3884	11.4087	16.3309
86D_1_FITC.tif	Positive	Positive	PathAnnotationObject	Polygon	597.47	422.64	13.3329	14.8671	0.758	5.8064	3.1165	0.886	4.3421	165	3.9951	18	0	18	89.4211	3398	7.9275	111	74	37	1.6316	62	3.2914	15	0	15	41.1751	26.4315	0.7406	11.1166	5.4969	0.865	3.2	3.112	18	0	76.5364	12.0737	111	57	0.7091	2.1044	15	0	2.5972	2.3417	11	0	69.7361	7.4361	86	57	0.2222	0.676	4	0	0.3065	6	7.7839	7.0258	13.5655	4.5236	26.1842	51.7382
86D_1_FITC.tif	Positive	Positive	PathAnnotationObject	Polygon	606.24	421.77	6.6664	8.3978	1	2.9474	2.3728	0.611	4.2941	73	4.3412	12	0	12	87.1176	1481	8.8592	101	74	27	1.7647	30	3.0522	10	0	10	21.96	19.7919	0.7045	7.7814	3.6364	0.875	11.8548	9.7575	29	0	65.5968	15.7797	101	40	0.4839	1.7531	10	0	14.7111	9.7319	29	0	57.4667	8.3737	77	40	0	0	0	0	0.2217	6	9.1245	6.749	23.9837	4.7644	23.4303	51.7611
86D_1_FITC.tif	Positive	Positive	PathAnnotationObject	Polygon	592.62	429.41	27.45	26.0086	0.5099	10.9262	4.1857	0.9381	4.3243	320	5.7651	24	0	24	106.4054	7874	21.9189	167	70	97	5.2027	385	6.1466	25	0	25	138.0345	46.0029	0.8196	16.8809	10.0755	0.8058	2.1634	3.47	24	0	58.0761	32.7766	167	15	1.3831	3.6522	25	0	1.5943	2.2359	12	0	45.3488	21.2865	114	15	0.3772	1.4639	11	0	0.1983	6	16.1178	13.2468	41.8588	5.0185	108.5541	276.4747
86D_1_FITC.tif	Positive	Positive	PathAnnotationObject	Polygon	608.13	427.37	8.235	9.7082	1	3.689	2.61	0.6999	7.5238	158	4.045	15	2	13	83.381	1751	7.2283	99	75	24	1.6667	35	2.5755	9	0	9	67.4487	30.4534	0.9139	10.4919	8.5691	0.4187	7.7356	3.7891	16	0	69.7529	8.9773	99	47	0.6149	1.5342	9	0	7.7647	3.7658	16	0	67.8824	7.4613	87	47	0.4706	1.2776	6	0	0.0921	5	16.6708	11.2252	32.6526	4.8276	144.8328	452.799
86D_1_FITC.tif	Positive	Positive	PathAnnotationObject	Polygon	600.67	428.09	7.4507	9.1702	1	3.0507	2.7358	0.5086	4.3	86	2.4083	10	1	9	92.2	1844	7.4311	108	82	26	0.45	9	1.2344	4	0	4	20.7836	17.6165	0.8416	6.7448	4.3327	0.7277	4.3448	2.51	13	0	80.9655	12.0554	108	59	0.3966	1.3369	8	0	4.3684	2.5933	13	0	75.0526	9.5605	103	59	0.3684	1.4031	8	0	0.2862	5	6.9056	6.8206	10.4919	4.5236	20.5256	34.9532
86D_1_FITC.tif	Positive	Positive	PathAnnotationObject	Polygon	311.32	431.02	9.0193	11.6262	0.8385	4.4589	2.6568	0.7354	11.1923	291	5.5858	19	0	19	45.9615	1195	3.7361	51	36	15	0.4231	11	1.0648	4	0	4	108.2316	37.8933	0.9472	12.9248	10.9224	0.5072	7.0824	5.7386	21	0	32.405	11.2677	53	9	0.2294	0.8677	6	0	6.6601	5.5958	21	0	31.0119	10.852	53	9	0.2095	0.8449	6	0	0.0765	4	41.6364	42.6499	72.8123	8.4335	703.7862	2417.478
86D_1_FITC.tif	Positive	Positive	PathAnnotationObject	Polygon	320.07	434.77	21.5679	20.4793	0.6462	8.0721	4.7099	0.8516	11.3929	638	3.5249	18	5	13	47.1429	2640	4.1492	54	35	19	0.0893	5	0.3944	2	0	2	124.7016	45.9557	0.742	17.5875	10.0886	0.8735	7.6168	5.2446	20	0	32.8069	11.8219	54	8	0.053	0.3067	3	0	6.8189	5.2046	20	0	29.7774	10.6305	53	8	0.0453	0.2851	3	0	0.1575	4	45.7656	42.2408	91.6041	6.9768	456.1829	1238.5911
86D_1_FITC.tif	Positive	Positive	PathAnnotationObject	Polygon	604.73	436.99	25.4893	22.455	0.6352	9.2239	3.9306	0.9287	4.4776	300	5.8241	30	0	30	111.5672	7475	15.0123	148	88	60	4.7313	317	6.3974	30	0	30	119.9959	44.5735	0.759	15.5693	10.438	0.7355	2.9026	3.873	30	0	70.8052	27.5118	148	18	1.3052	3.6138	30	0	2.4647	2.9958	14	0	59.473	17.7038	100	18	0.3527	1.1236	8	0	0.2037	5	14.5377	10.9187	33.5584	6.4943	76.1056	182.5202
86D_1_FITC.tif	Positive	Positive	PathAnnotationObject	Polygon	636.99	437.53	9.0193	11.6543	0.8345	4.5259	2.4868	0.8269	9.8462	256	9.4136	34	0	34	103.8846	2701	21.8199	142	70	72	10	260	9.5037	34	0	34	135.2895	41.7413	0.9758	14.5267	11.8981	0.5261	1.7168	3.7948	34	0	35.4942	25.4457	142	2	0.9075	3.7837	34	0	1.0562	1.675	13	0	29.9375	15.8352	86	2	0.1688	1.0577	12	0	0.0619	8	40.8799	34.0831	89.4899	18.4979	277.9067	572.5837
86D_1_FITC.tif	Positive	Positive	PathAnnotationObject	Polygon	325.77	441.99	14.5093	16.2347	0.6918	6.3129	3.2596	0.8926	4.0476	170	2.8366	14	0	14	56.2857	2364	11.7977	87	36	51	1.0952	46	3.0025	14	0	14	121.5645	40.271	0.942	13.9143	11.5128	0.5105	5.2628	4.1377	18	0	29.3109	14.4161	87	8	0.2756	1.3518	14	0	5.4519	4.2779	18	0	25.1148	9.3688	53	8	0.1481	0.7857	7	0	0.1186	7	77.6688	94.9293	125.6279	6.9768	1243.1548	5808.27
86D_1_FITC.tif	Positive	Positive	PathAnnotationObject	Polygon	602.48	445.47	9.4114	11.5553	0.8857	4.3019	3.1847	0.5593	11.2222	303	6.4231	28	2	26	95.8889	2589	15.5052	126	70	56	4.1111	111	5.2208	21	0	21	98.428	36.7593	0.9154	13.5877	9.4619	0.6778	6.2332	5.6706	28	0	50.6877	24.5385	126	9	0.6166	2.2145	21	0	5.6372	5.2824	20	0	45.2876	19.291	92	9	0.1991	0.8381	7	0	0.0932	7	24.3473	26.5322	34.6078	6.4943	190.6114	372.6543
86D_1_FITC.tif	Positive	Positive	PathAnnotationObject	Polygon	642.54	455.18	13.725	14.2768	0.8462	5.2999	3.4457	0.7445	6.9211	263	8.4065	32	0	32	104.6053	3975	25.4585	155	65	90	7.8421	298	9.1105	34	0	34	153.7202	44.2982	0.9844	15.3546	13.1505	0.4593	1.1837	3.3518	32	0	39.0306	26.6718	155	3	0.8291	3.6403	34	0	0.5678	1.055	6	0	31.9915	14.403	90	3	0.0763	0.3406	2	0	0.0869	5	66.5433	24.5012	162.1333	18.4979	334.8826	775.457
86D_1_FITC.tif	Positive	Positive	PathAnnotationObject	Polygon	517.91	455.91	8.6272	11.507	0.8188	4.5953	2.5049	0.8096	12.68	317	9.2499	32	0	32	109.08	2727	29.2901	160	61	99	11.96	299	9.6068	31	0	31	133.7209	41.4929	0.976	14.1356	11.2718	0.5565	2.4052	4.2758	32	0	32.6676	24.7488	160	8	0.9563	4.0264	31	0	1.5975	2.0655	8	0	26.6604	9.9588	74	8	0.0912	0.4506	6	0	0.0615	10	63.2188	65.9322	89.3645	35.8855	1154.7943	3024.7317
86D_1_FITC.tif	Positive	Positive	PathAnnotationObject	Polygon	624.37	460.77	5.8822	8.8081	0.9527	3.4153	2.1875	0.7173	6.4375	103	7.2569	21	0	21	75.75	1212	12.2774	99	59	40	6.0625	97	7.4607	21	0	21	94.8987	35.9763	0.9214	12.9133	9.7416	0.6427	2.0082	2.8357	21	0	44.2122	11.4986	99	23	0.5143	2.4168	21	0	1.6987	1.9151	9	0	42.0087	7.5434	65	23	0.1266	0.527	5	0	0.0531	7	17.3569	19.9534	27.7306	7.4818	137.7543	372.6543
86D_1_FITC.tif	Positive	Positive	PathAnnotationObject	Polygon	616.61	463.63	3.9214	8.4073	0.6972	2.8713	2.3313	0.6872	8.8462	115	3.7382	17	3	14	70.3077	914	4.4043	77	61	16	0.3846	5	0.9608	3	0	3	38.0379	23.3776	0.8746	8.8942	5.3136	0.7384	5.9802	3.6742	17	0	55.0792	10.4897	77	39	0.2871	0.8407	4	0	5.5568	3.4901	15	0	52.8295	9.1667	77	39	0.2727	0.8267	4	0	0.1113	5	12.0835	7.7923	26.5322	3.5986	74.7199	222.1028
86D_1_FITC.tif	Positive	Positive	PathAnnotationObject	Polygon	579.06	468.44	12.9407	12.6916	1	4.4852	3.8191	0.3574	7.8571	275	7.0467	27	0	27	111.2857	3895	25.3093	148	69	79	7.7714	272	7.6623	27	0	27	147.4459	43.1408	0.9956	13.9596	13.1505	0.2689	1.9787	3.4222	27	0	36.5319	26.6757	148	10	0.7606	3.23	27	0	1.3754	2.0073	11	0	28.8592	9.3004	71	10	0.0411	0.239	2	0	0.0782	7	41.6253	41.8588	62.4472	19.6429	570.0253	1614.8379
86D_1_FITC.tif	Positive	Positive	PathAnnotationObject	Polygon	598.84	468.09	5.8822	9.0768	0.8972	3.1849	2.36	0.5372	5.4706	93	5.3749	15	0	15	64	1088	13.5046	90	49	41	4.0588	69	5.5506	15	0	15	117.2509	38.6609	0.9858	12.8556	11.2718	0.328	3.4967	3.2617	15	0	33.9967	10.0718	90	18	0.36	1.6832	15	0	3.3781	3.0646	11	0	32.1943	6.2994	61	18	0.1378	0.6178	5	0	0.0467	6	20.52	19.1031	27.5788	16.0805	117.7897	241.2504
86D_1_FITC.tif	Positive	Positive	PathAnnotationObject	Polygon	613.12	468	8.6272	12.2141	0.7267	4.5231	2.9385	0.6476	12.7143	356	3.5783	21	4	17	72	2016	3.6413	78	64	14	0.3214	9	1.0203	5	0	5	49.0179	27.3655	0.8225	10.657	6.1114	0.8423	10.2598	5.5108	26	0	59.3228	11.0718	82	31	0.2362	1.218	12	0	9.5657	5.7714	26	0	55.7374	9.7495	82	31	0.2121	1.2719	12	0	0.1831	5	7.4577	5.387	16.2936	3.9312	21.0946	42.9583
86D_1_FITC.tif	Positive	Positive	PathAnnotationObject	Polygon	620.79	467.79	8.6272	10.375	1	3.9915	2.5205	0.7077	6.3043	145	4.3634	15	0	15	82.1304	1889	5.2163	91	73	18	0.2609	6	0.8643	4	0	4	18.4307	17.0972	0.7923	6.7056	3.5424	0.8233	4.8627	4.976	16	0	70.7843	14.9991	91	40	0.4118	1.2518	6	0	3.6786	5.2072	16	0	61.4643	13.9536	85	40	0.5357	1.5026	6	0	0.386	5	5.4738	5.0335	7.4818	3.5986	12.1027	16.3022
86D_1_FITC.tif	Positive	Positive	PathAnnotationObject	Polygon	624.6	471.21	10.1957	13.1243	0.7438	4.9218	3.53	0.7891	5.1875	166	6.2032	20	0	20	81.3438	2603	8.4876	96	62	34	0.4688	15	1.0155	5	0	5	52.1551	28.3337	0.8164	10.519	7.5146	0.6951	3.2388	4.6666	20	0	56.4104	20.8306	96	22	0.3507	0.9279	5	0	2.6275	3.9097	19	0	48.5882	17.0447	86	22	0.3137	0.9008	5	0	0.2247	5	8.0187	5.7349	16.0573	3.8637	28.5265	75.3998
86D_1_FITC.tif	Positive	Positive	PathAnnotationObject	Polygon	617.19	477.57	12.1564	14.1282	0.7653	5.2858	3.4663	0.7575	12.1944	439	3.9772	20	6	14	76.9444	2770	6.4937	85	65	20	0.1667	6	0.4472	2	0	2	39.6065	27.5209	0.6571	10.1092	6.2672	0.858	10.3551	4.2654	20	1	56.5421	19.3441	85	26	0.1028	0.4745	4	0	9.4225	4.1254	19	1	46.1972	14.9309	81	26	0.0704	0.4877	4	0	0.307	6	6.042	6.189	8.4693	3.7771	11.842	16.3022
86D_1_FITC.tif	Positive	Positive	PathAnnotationObject	Polygon	611.13	475.15	5.8822	10.1018	0.7243	3.7742	2.0094	0.8361	13.6111	245	2.747	20	10	10	70	1260	2.5437	74	65	9	0.1667	3	0.5145	2	0	2	59.998	28.5301	0.9263	10.5476	8.0591	0.5886	6.6948	5.5945	23	0	49.0519	16.3455	74	17	0.1104	0.4653	3	0	5.7794	5.2249	23	0	46.2794	15.3535	72	17	0.1029	0.4599	3	0	0.0866	4	9.3943	8.6303	16.0805	4.2363	24.498	42.9583
86D_1_FITC.tif	Positive	Positive	PathAnnotationObject	Polygon	623.89	476.84	8.6272	10.7011	0.9467	3.5578	3.0814	0.5616	10.4783	241	3.9643	17	1	16	75.2174	1730	8.0111	88	59	29	0.6522	15	1.4336	5	0	5	31.3715	22.3988	0.7858	8.4358	4.8827	0.8502	5.7349	4.7217	17	0	46.9759	23.0963	88	14	0.2651	0.9638	5	0	3.9167	3.6046	13	0	36.15	16.9514	80	14	0.1167	0.6662	5	0	0.262	4	7.4596	5.4763	15.1089	3.7771	24.9022	45.0442
86D_1_FITC.tif	Positive	Positive	PathAnnotationObject	Polygon	431.39	478.23	8.235	10.6794	0.9074	3.7081	2.8204	0.6809	0.1304	3	0.3444	1	0	1	50.1304	1153	1.9611	53	47	6	0	0	0	0	0	0	130.1916	40.6788	0.9887	13.7615	11.8981	0.3468	2.6325	3.2402	12	0	33.6145	10.8054	57	7	0.1566	0.7412	6	0	2.8188	3.2821	12	0	32.3851	10.1644	57	7	0.1683	0.7671	6	0	0.0593	6	90.1118	94.8265	149.4445	18.5263	3041.2634	6517.9907
86D_1_FITC.tif	Positive	Positive	PathAnnotationObject	Polygon	636.36	478.79	6.2743	10.1677	0.7627	4.0566	2.3349	0.7592	12.1579	231	9.599	35	3	32	68.1579	1295	18.7358	108	48	60	5.1579	98	10.3401	29	0	29	125.8781	40.2203	0.9778	13.8019	11.2718	0.535	5.1084	4.11	35	0	33.3529	15.2602	108	3	0.3653	2.7623	29	0	4.6678	3.0276	12	0	31.1776	12.0796	53	3	0.0658	0.4761	6	0	0.0491	5	18.2153	16.0573	24.5012	14.2292	89.3162	202.1282
86D_1_FITC.tif	Positive	Positive	PathAnnotationObject	Polygon	622.9	483.63	5.0979	7.3977	1	2.5659	2.1159	0.5058	19.6154	255	20.3656	68	0	68	114.3077	1486	28.0873	170	86	84	18.9231	246	20.6497	68	0	68	77.2523	32.4108	0.9241	11.8195	8.1408	0.6814	5.6231	7.1247	68	0	40.4925	22.3141	170	20	1.3467	6.9504	68	0	4.6452	3.5645	13	0	35.3333	8.4908	69	20	0.1183	0.9046	11	0	0.0495	8	33.5802	20.904	81.7788	6.3518	156.3369	647.3495
86D_1_FITC.tif	Positive	Positive	PathAnnotationObject	Polygon	549.87	488.49	38.8222	28.4764	0.6016	11.0212	6.4144	0.8333	5.5962	582	7.0814	34	0	34	127.5385	13264	32.4435	193	54	139	5.8558	609	6.8499	34	0	34	239.2075	58.601	0.8753	21.0093	15.4729	0.7117	1.3775	3.6428	34	0	42.8807	43.6428	193	2	1.1078	3.5873	34	0	0.5138	1.1858	11	0	25.5492	17.6197	104	2	0.1358	0.6368	7	0	0.1629	5	36.5718	35.7095	72.8608	10.3892	411.0691	810.8651
86D_1_FITC.tif	Positive	Positive	PathAnnotationObject	Polygon	523.38	490.99	23.5286	20.189	0.7254	6.8275	4.8253	0.7375	14.9032	924	23.8298	128	0	128	155.3548	9632	54.0989	255	47	208	14.4839	898	24.134	128	0	128	148.6224	45.5726	0.8993	15.4789	12.4562	0.5366	4.6404	11.1758	128	0	52.2362	54.3021	255	4	2.3806	11.0494	128	0	2.6458	3.9744	18	0	32.1944	22.0474	135	4	0.0282	0.2295	2	0	0.1506	4	24.704	27.5897	35.8855	7.7513	174.8894	478.7176
86D_1_FITC.tif	Positive	Positive	PathAnnotationObject	Polygon	533.63	493.05	19.215	17.9197	0.7519	6.166	4.8423	0.3837	7.0185	379	4.9507	20	0	20	58.7963	3175	10.7254	78	35	43	1.3519	73	3.7222	20	0	20	120.388	42.5024	0.8375	14.7532	9.614	0.7827	3.3441	4.2015	20	0	27.5305	20.883	78	2	0.3344	1.6803	20	0	2.572	3.5854	19	0	20.9611	15.9608	77	2	0.1206	0.535	5	0	0.1557	5	22.0846	17.925	39.6681	7.7513	129.9315	351.2925
86D_1_FITC.tif	Positive	Positive	PathAnnotationObject	Polygon	498.85	495.44	17.2543	17.6271	0.6978	7.1613	3.698	0.8785	7.0417	338	8.5027	34	0	34	108.4167	5204	35.164	172	44	128	7.4167	356	8.932	35	0	35	146.2695	49.5114	0.7498	16.8158	12.044	0.7775	1.416	3.8858	34	0	33.9813	33.8832	172	6	1.024	4.0309	35	0	0.5902	1.2472	6	0	23.055	14.2582	100	6	0.0856	0.4879	5	0	0.1165	5	41.191	44.8903	69.7961	3.3172	537.8896	1542.2863
86D_1_FITC.tif	Positive	Positive	PathAnnotationObject	Polygon	542.2	496.04	4.3136	7.1215	1	2.5476	1.8715	0.7243	13.5833	163	15.629	51	0	51	57.75	693	24.9003	108	31	77	13.1667	158	15.8449	51	0	51	80.3894	32.9116	0.9326	11.5771	9.3932	0.5587	1.1827	4.813	51	0	10.7933	14.0462	108	1	0.9663	4.7806	51	0	0.4235	0.8766	5	0	7.9184	5.5195	32	1	0.2194	0.6142	4	0	0.0447	4	36.5313	27.3412	81.7788	9.6641	107.1076	205.5819
86D_1_FITC.tif	Positive	Positive	PathAnnotationObject	Polygon	437.41	495.67	3.5293	6.042	1	2.1086	1.7712	0	6.7778	61	7.8387	23	0	23	52.4444	472	11.2928	71	42	29	6.7778	61	7.8387	23	0	23	100.3887	35.6973	0.99	11.8933	10.6456	0.1269	3.6809	3.7769	23	0	14.1984	11.9529	71	3	0.5136	2.3	23	0	3.5685	3.526	16	0	12.8105	9.4188	60	3	0.2863	1.418	12	0	0.023	4	66.4393	60.8014	125.6279	18.5263	483.6678	820.7751
86D_1_FITC.tif	Positive	Positive	PathAnnotationObject	Polygon	497.2	501.63	1.9607	5.6077	0.7835	2.2977	1.222	0.7651	1.4286	10	1.8127	4	0	4	54.1429	379	6.9144	64	47	17	0.2857	2	0.7559	2	0	2	30.9793	22.7257	0.7538	9.385	4.3835	0.8601	0.381	1.0168	6	0	23.7619	12.6268	64	7	0.1548	0.7524	6	0	0.2857	0.8714	6	0	21	8.8094	52	7	0.1429	0.7559	6	0	0.059	5	34.3712	35.4145	60.3328	3.3172	66.4767	96.7014
