Image	Name	Class	Parent	ROI	Centroid X µm	Centroid Y µm	Nucleus: Area	Nucleus: Perimeter	Nucleus: Circularity	Nucleus: Max caliper	Nucleus: Min caliper	Nucleus: Eccentricity	Nucleus: Red mean	Nucleus: Red sum	Nucleus: Red std dev	Nucleus: Red max	Nucleus: Red min	Nucleus: Red range	Nucleus: Green mean	Nucleus: Green sum	Nucleus: Green std dev	Nucleus: Green max	Nucleus: Green min	Nucleus: Green range	Nucleus: Blue mean	Nucleus: Blue sum	Nucleus: Blue std dev	Nucleus: Blue max	Nucleus: Blue min	Nucleus: Blue range	Cell: Area	Cell: Perimeter	Cell: Circularity	Cell: Max caliper	Cell: Min caliper	Cell: Eccentricity	Cell: Red mean	Cell: Red std dev	Cell: Red max	Cell: Red min	Cell: Green mean	Cell: Green std dev	Cell: Green max	Cell: Green min	Cell: Blue mean	Cell: Blue std dev	Cell: Blue max	Cell: Blue min	Cytoplasm: Red mean	Cytoplasm: Red std dev	Cytoplasm: Red max	Cytoplasm: Red min	Cytoplasm: Green mean	Cytoplasm: Green std dev	Cytoplasm: Green max	Cytoplasm: Green min	Cytoplasm: Blue mean	Cytoplasm: Blue std dev	Cytoplasm: Blue max	Cytoplasm: Blue min	Nucleus/Cell area ratio	Delaunay: Num neighbors	Delaunay: Mean distance	Delaunay: Median distance	Delaunay: Max distance	Delaunay: Min distance	Delaunay: Mean triangle area	Delaunay: Max triangle area
90C_3_FITC.tif	Positive	Positive	PathAnnotationObject	Polygon	485.94	147.61	3.9214	8.7324	0.6462	3.7624	1.4683	0.8924	7.7857	109	7.9535	23	1	22	49.5714	694	14.0423	74	34	40	5.5714	78	8.8554	22	0	22	120.7802	39.1502	0.9902	13.6243	11.4491	0.5398	4.4369	2.6	23	0	24.3495	8.6659	74	13	0.4369	2.2621	22	0	4.278	1.9301	10	0	23.1525	6.1826	45	13	0.1932	0.7604	6	0	0.0317	6	195.4474	181.8702	383.3617	74.4788	4600.0635	7479.4917
90C_3_FITC.tif	Positive	Positive	PathAnnotationObject	Polygon	546.03	191.71	11.7643	13.2801	0.8383	5.2017	3.1538	0.791	8.6061	284	4.7496	20	3	17	59.9091	1977	15.6452	91	36	55	3.5455	117	5.0255	16	0	16	146.2695	43.2084	0.9845	15.0548	12.5243	0.5132	7.6684	2.2998	20	0	24.369	13.0699	91	11	0.377	1.7935	16	0	7.5777	1.8936	11	0	20.9296	5.4687	47	11	0.0704	0.2886	2	0	0.0827	5	131.5925	124.4712	181.9568	74.4788	5555.5928	11394.3135
90C_3_FITC.tif	Positive	Positive	PathAnnotationObject	Polygon	356.84	233.04	4.3136	7.2526	1	2.7215	1.6871	0.7243	19	228	12.8346	48	4	44	64.75	777	19.8408	105	43	62	10.6667	128	13.6271	42	0	42	109.0159	37.1521	0.9925	12.694	11.2718	0.4105	8.3656	4.8349	48	1	27.5556	10.2759	105	16	0.4803	3.4722	42	0	7.8876	3.5054	16	1	25.8839	5.3724	43	16	0.0225	0.172	2	0	0.0241	6	177.1646	191.1961	236.8148	92.3175	6644.8184	11786.626
90C_3_FITC.tif	Positive	Positive	PathAnnotationObject	Polygon	661.88	234.34	3.1371	5.4306	1	1.8984	1.4841	0.5809	14.125	113	10.4258	37	3	34	47.25	378	14.4593	77	32	45	12.5	100	11.0324	36	0	36	65.488	30.6568	0.8756	11.3087	7.1575	0.7659	1.9882	3.6129	37	0	11.4176	9.4284	77	5	0.7118	3.4768	36	0	1.3889	1.138	5	0	9.6481	4.1561	24	5	0.1296	0.3883	2	0	0.0227	5	103.9386	123.4774	196.3205	3.7097	834.7348	1846.9196
90C_3_FITC.tif	Positive	Positive	PathAnnotationObject	Polygon	660.5	241.02	2.745	5.4154	1	1.8848	1.542	0.3531	14.75	118	12.9256	37	0	37	50.5	404	17.5255	80	31	49	12	96	13.7217	35	0	35	65.488	30.8577	0.8643	11.1994	7.1983	0.7441	4.3333	4.1767	37	0	20.3036	9.1519	80	10	0.6071	3.802	35	0	3.8125	2.288	9	0	18.7938	5.1262	29	10	0.0375	0.1906	1	0	0.0316	4	84.7572	96.538	142.2432	3.7097	3267.802	8316.0889
90C_3_FITC.tif	Positive	Positive	PathAnnotationObject	Polygon	123.13	271.73	4.7057	7.7507	0.9844	2.7852	2.1478	0	7.9231	103	5.6783	21	2	19	36.3846	473	11.737	60	24	36	5.3846	70	5.9096	19	0	19	111.7609	37.559	0.9956	12.4678	11.2718	0.3599	1.6481	2.3366	21	0	9.1324	7.6741	60	3	0.331	1.672	19	0	1.3504	1.5292	6	0	7.8394	4.3124	23	3	0.0912	0.3462	2	0	0.0347	6	159.8163	104.8846	383.3617	60.3539	3103.5564	7479.4917
90C_3_FITC.tif	Positive	Positive	PathAnnotationObject	Polygon	173.64	304.04	20.7836	28.6897	0.3173	12.4742	2.9298	0.988	8.1552	473	5.3535	31	2	29	44.8621	2602	12.008	86	27	59	3.7931	220	5.9817	30	0	30	206.2675	56.0155	0.8261	22.2794	12.6678	0.8247	6.1841	2.922	31	0	23.7647	10.6946	86	8	0.6072	2.3495	30	0	5.9403	2.359	12	0	21.1557	7.0002	45	8	0.2132	0.6581	4	0	0.1078	4	70.5263	37.5087	196.6797	10.4081	1623.0692	4837.373
90C_3_FITC.tif	Positive	Positive	PathAnnotationObject	Polygon	688.56	302.28	3.9214	7.1803	0.9558	2.6824	1.8424	0.5874	15.6667	188	15.1618	47	0	47	64.5	774	21.9483	108	37	71	13.6667	164	15.2335	46	0	46	109.8002	37.3979	0.9866	12.4025	10.6456	0.4259	3.4413	4.1702	47	0	22.0712	10.3224	108	13	0.6406	4.0947	46	0	2.8959	1.3202	6	0	20.1784	2.7108	38	13	0.0595	0.237	1	0	0.0321	5	74.6927	68.6048	130.827	36.1952	1958.6552	4470.0576
90C_3_FITC.tif	Positive	Positive	PathAnnotationObject	Polygon	405.34	309.79	12.1564	12.6592	0.9532	4.5087	3.5354	0.574	27.2353	926	5.5925	37	13	24	54.6765	1859	6.3328	64	38	26	0.3235	11	0.878	4	0	4	104.3102	38.6676	0.8767	14.0879	9.0955	0.7452	13.2687	7.2444	37	4	32.209	12.1091	64	16	0.0709	0.3755	4	0	11.2393	4.8073	26	4	28.9444	8.8309	56	16	0.0342	0.2043	2	0	0.1099	4	108.8899	124.1094	181.4359	5.9048	3822.1541	7182.3022
90C_3_FITC.tif	Positive	Positive	PathAnnotationObject	Polygon	412.53	315.5	16.47	18.3895	0.612	6.6766	4.0957	0.8588	23.0889	1039	4.5867	37	14	23	51.2222	2305	6.1714	70	41	29	0.4667	21	1.5166	8	0	8	127.8388	42.9996	0.8688	15.7825	10.9654	0.6816	15.6524	5.9848	37	5	35.9939	10.8811	70	21	0.0945	0.611	8	0	14.47	5.2937	27	5	33.5724	9.4052	55	21	0.0353	0.22	2	0	0.1266	6	139.2305	157.045	182.3045	5.9048	6700.3677	11669.4863
90C_3_FITC.tif	Positive	Positive	PathAnnotationObject	Polygon	174.58	315.13	5.49	9.592	0.7498	3.2505	2.764	0.633	4.2941	73	5.4859	21	0	21	48.1765	819	10.696	76	37	39	4	68	5.5	21	0	21	56.0765	29.1956	0.8267	10.6299	8.0256	0.6722	3.3356	2.6062	21	0	25.8725	11.287	76	12	0.8725	2.3054	21	0	3.2121	1.9655	9	0	23	7.5554	41	12	0.4697	0.9364	5	0	0.097	4	28.246	19.872	68.5984	4.6414	251.2507	744.7448
90C_3_FITC.tif	Positive	Positive	PathAnnotationObject	Polygon	180.88	319.36	10.98	12.5371	0.8778	4.5929	3.1063	0.7096	3.5	112	2.0635	9	0	9	38.3438	1227	5.8233	51	28	23	1.5938	51	2.3672	9	0	9	103.1337	38.8397	0.8591	14.0938	9.6138	0.7322	2.7925	2.4936	23	0	22.2	9.268	51	9	0.6642	1.9705	18	0	2.6953	2.5354	23	0	19.9828	7.2338	50	9	0.5365	1.88	18	0	0.0974	5	74.6786	26.0157	196.3372	4.6414	2931.2009	11786.626
90C_3_FITC.tif	Positive	Positive	PathAnnotationObject	Polygon	751.95	321.1	3.5293	6.685	0.9924	2.2659	1.9893	0	18.0909	199	23.2957	55	0	55	64.5455	710	33.1704	116	34	82	17.0909	188	23.9644	55	0	55	107.4473	36.7467	0.9999	12.0419	11.2718	0.0848	2.1527	5.6438	55	0	16.8036	12.1023	116	7	0.7782	5.6953	55	0	1.4886	1.2177	9	0	14.8144	3.3841	37	7	0.0985	0.6024	9	0	0.0272	4	114.964	95.1683	209.0233	60.4962	1513.1198	1846.9196
90C_3_FITC.tif	Positive	Positive	PathAnnotationObject	Polygon	693.83	338.13	3.5293	6.7732	0.9667	2.4016	1.9604	0.6658	11.3636	125	14.8881	33	0	33	51	561	22.7112	82	32	50	11.6364	128	15.4355	34	0	34	107.0552	36.6291	1	11.8719	11.2718	0.1452	2.9088	3.5222	33	0	20.5511	7.9236	82	16	0.5657	3.7413	34	0	2.5551	1.1574	6	0	19.2776	2.2756	30	16	0.1027	0.3614	2	0	0.0292	4	94.3213	94.894	151.3022	36.1952	2630.7627	5501.8477
90C_3_FITC.tif	Positive	Positive	PathAnnotationObject	Polygon	564.44	343.97	12.5486	12.8092	0.9611	4.1997	3.8071	0.3906	24.4118	830	3.4826	32	18	14	49.0882	1669	4.7887	58	40	18	0.2353	8	0.6541	3	0	3	147.8381	43.3457	0.9888	14.6206	13.1378	0.3523	12.2116	6.647	32	2	30.3148	9.2098	58	15	0.1111	0.369	3	0	11.0058	5.5842	27	2	28.4593	7.2549	51	15	0.0988	0.3268	2	0	0.0787	7	142.6126	142.2432	201.0997	85.2108	7283.7944	11669.4863
90C_3_FITC.tif	Positive	Positive	PathAnnotationObject	Polygon	178.37	344.12	5.49	8.1837	1	2.8909	2.2404	0.6114	4.2667	64	6.7662	19	0	19	42.7333	641	11.8108	67	31	36	3.9333	59	6.6919	19	0	19	114.5059	37.9834	0.9974	12.7546	11.2718	0.3615	2.3311	2.1919	19	0	20.785	8.6022	67	9	0.3481	1.7832	19	0	2.2266	1.5928	8	0	19.6007	6.5925	46	9	0.1547	0.5959	7	0	0.0359	5	63.3446	52.3726	118.044	26.0157	1499.9357	3084.2854
90C_3_FITC.tif	Positive	Positive	PathAnnotationObject	Polygon	149.27	387.69	8.235	11.1733	0.8289	4.326	2.6529	0.7582	6.3478	146	5.9743	20	0	20	51.6957	1189	15.6595	83	31	52	6	138	6.7217	21	0	21	129.4073	40.7499	0.9793	14.1187	11.8981	0.447	3.1571	2.463	20	0	16.1782	11.4079	83	5	0.5529	2.3354	21	0	2.9188	1.7729	9	0	13.526	4.5554	33	5	0.1461	0.4857	5	0	0.0597	4	113.3512	125.551	149.9302	52.3726	4205.4731	7280.0874
90C_3_FITC.tif	Positive	Positive	PathAnnotationObject	Polygon	280.61	402.89	3.5293	6.1001	1	2.18	1.6183	0.6658	22.2222	200	15.2625	58	8	50	77.2222	695	21.5857	121	50	71	16.7778	151	16.9616	56	0	56	102.3494	35.9027	0.9978	11.8755	10.6456	0.3299	10.3893	4.5973	58	0	29.2748	10.8942	121	18	0.6298	4.2692	56	0	9.9684	3.0523	17	0	27.5692	4.8066	45	18	0.0553	0.3164	3	0	0.0232	10	139.2393	135.1781	186.055	114.2069	5099.0132	11786.626
90C_3_FITC.tif	Positive	Positive	PathAnnotationObject	Polygon	572.78	429.05	14.1172	18.442	0.5216	8.0758	2.2924	0.9672	9.6667	377	8.4677	42	0	42	68.1026	2656	22.8655	129	33	96	6.8974	269	9.2075	42	0	42	174.1117	48.7417	0.9209	17.4409	11.8441	0.7342	5.759	3.5085	42	0	28.482	16.7268	129	11	0.8739	3.6633	42	0	5.3827	2.2667	23	0	24.6667	9.5648	77	11	0.2938	1.7033	20	0	0.0759	5	161.8499	172.6245	209.0233	85.2108	4139.6289	7306.0034
90C_3_FITC.tif	Positive	Positive	PathAnnotationObject	Polygon	403.95	465.02	5.0979	8.4556	0.896	3.2737	2.0096	0.8122	14.7333	221	6.7662	32	8	24	53.6	804	15.3334	85	34	51	7.2	108	9.1901	28	0	28	115.2902	38.2318	0.9912	13.1558	11.2718	0.4317	11.9254	2.3879	32	3	24.8203	7.9504	85	17	0.3864	2.5595	28	0	11.775	1.8068	16	3	23.2786	2.8095	37	17	0.0214	0.1881	2	0	0.0374	5	138.5832	151.127	201.0997	29.9963	6543.6611	11669.4863
90C_3_FITC.tif	Positive	Positive	PathAnnotationObject	Polygon	392.63	492.84	1.5686	3.4554	1	1.2976	0.9579	0	26.5	106	2.3805	30	25	5	61	244	1.633	63	59	4	26	104	1.4142	28	25	3	87.448	33.2207	0.9957	10.9342	10.0194	0.1346	8.4777	3.404	30	0	17.2321	6.0971	63	12	0.4732	3.4549	28	0	8.15	2.3834	13	0	16.4364	1.4806	22	12	0.0091	0.0951	1	0	0.0069	4	127.5319	144.5213	191.0887	29.9963	3931.7991	7589.3438
90C_3_FITC.tif	Positive	Positive	PathAnnotationObject	Polygon	237.44	508.53	12.9407	13.5956	0.8798	5.0796	3.5424	0.6875	3.5714	125	3.0028	14	0	14	41.3714	1448	8.4925	60	24	36	1.9143	67	3.311	14	0	14	138.8188	42.8978	0.948	14.6957	12.1449	0.4832	3.893	3.3353	15	0	20.693	9.1518	60	9	0.262	1.2335	14	0	3.9281	3.3721	15	0	18.4312	5.7629	40	9	0.0812	0.4333	5	0	0.092	3	91.9096	114.2069	149.9302	11.5916	3970.7864	7280.0874
90C_3_FITC.tif	Positive	Positive	PathAnnotationObject	Polygon	248.74	513	9.8036	13.4951	0.6765	5.2045	2.6476	0.8759	8.5517	248	8.4159	30	0	30	57.4138	1665	17.1517	95	30	65	8.0345	233	8.8861	31	0	31	141.9559	42.9925	0.9651	14.3129	12.7471	0.302	5.2928	3.5832	30	0	23.663	12.3874	95	12	0.7928	3.3302	31	0	5.009	2.6417	13	0	20.7237	5.8202	47	12	0.1622	0.6476	8	0	0.0719	3	90.4468	114.3743	145.3744	11.5916	4125.4146	7589.3438
