Image	Name	Class	Parent	ROI	Centroid X µm	Centroid Y µm	Nucleus: Area	Nucleus: Perimeter	Nucleus: Circularity	Nucleus: Max caliper	Nucleus: Min caliper	Nucleus: Eccentricity	Nucleus: Red mean	Nucleus: Red sum	Nucleus: Red std dev	Nucleus: Red max	Nucleus: Red min	Nucleus: Red range	Nucleus: Green mean	Nucleus: Green sum	Nucleus: Green std dev	Nucleus: Green max	Nucleus: Green min	Nucleus: Green range	Nucleus: Blue mean	Nucleus: Blue sum	Nucleus: Blue std dev	Nucleus: Blue max	Nucleus: Blue min	Nucleus: Blue range	Cell: Area	Cell: Perimeter	Cell: Circularity	Cell: Max caliper	Cell: Min caliper	Cell: Eccentricity	Cell: Red mean	Cell: Red std dev	Cell: Red max	Cell: Red min	Cell: Green mean	Cell: Green std dev	Cell: Green max	Cell: Green min	Cell: Blue mean	Cell: Blue std dev	Cell: Blue max	Cell: Blue min	Cytoplasm: Red mean	Cytoplasm: Red std dev	Cytoplasm: Red max	Cytoplasm: Red min	Cytoplasm: Green mean	Cytoplasm: Green std dev	Cytoplasm: Green max	Cytoplasm: Green min	Cytoplasm: Blue mean	Cytoplasm: Blue std dev	Cytoplasm: Blue max	Cytoplasm: Blue min	Nucleus/Cell area ratio	Delaunay: Num neighbors	Delaunay: Mean distance	Delaunay: Median distance	Delaunay: Max distance	Delaunay: Min distance	Delaunay: Mean triangle area	Delaunay: Max triangle area
24E_F3_2_FITC.tif	Positive	Positive	PathAnnotationObject	Polygon	600.78	196.9	17.6465	18.1972	0.6697	7.5116	3.465	0.8845	13.9	695	8.3867	33	0	33	67.12	3356	10.1973	94	45	49	2.04	102	2.9621	11	0	11	180.7781	48.9513	0.948	17.7712	13.2572	0.6427	14.526	7.238	35	0	36.3723	15.4261	94	11	0.5649	1.5598	11	0	14.6019	7.0939	35	0	32.6408	11.2047	64	11	0.3859	1.1773	10	0	0.1015	5	199.4648	145.2972	436.341	94.0672	6727.6167	11890.46
24E_F3_2_FITC.tif	Positive	Positive	PathAnnotationObject	Polygon	164.63	200.02	5.8822	9.6863	0.7878	3.9386	2.3015	0.6353	13.0556	235	6.0631	26	4	22	56.3889	1015	10.3761	78	41	37	5.1111	92	6.3606	21	0	21	124.3095	39.7551	0.9884	13.5291	11.2718	0.5241	9.8679	5.0438	26	0	30.7987	10.9321	78	4	0.6887	2.1913	21	0	9.6767	4.9227	23	0	29.2633	8.8767	54	4	0.4233	1.242	8	0	0.0445	8	233.5673	177.642	436.341	146.6031	5286.6216	22187
24E_F3_2_FITC.tif	Positive	Positive	PathAnnotationObject	Polygon	462.34	238.35	5.8822	8.7413	0.9674	3.0311	2.153	0.7048	20.5882	350	3.3177	26	17	9	53.8824	916	3.8223	61	47	14	0.5294	9	1.2307	4	0	4	59.6058	28.3198	0.9339	10.4807	7.756	0.6697	21.539	7.8367	43	5	42.9416	8.7874	62	26	0.4351	1.333	8	0	21.6569	8.2261	43	5	41.5839	8.2664	62	26	0.4234	1.3489	8	0	0.0888	4	114.0155	75.7044	300.4919	4.1613	2609.145	9307.5098
24E_F3_2_FITC.tif	Positive	Positive	PathAnnotationObject	Polygon	466.39	245.4	8.235	10.9225	0.8674	4.088	3.0404	0.6754	14.2917	343	7.8822	28	0	28	54.7917	1315	7.9945	69	41	28	0.75	18	1.8238	6	0	6	68.6251	31.3006	0.8802	12.3858	7.7931	0.7883	13.0955	6.6296	28	0	35.1798	10.3182	69	16	0.309	1.1547	6	0	12.9091	6.4224	28	0	32.1234	6.6198	50	16	0.2403	1.0036	6	0	0.1219	6	116.9042	163.4256	182.6596	4.1613	4488.1665	13898.832
24E_F3_2_FITC.tif	Positive	Positive	PathAnnotationObject	Polygon	457.45	247.26	16.8622	18.784	0.6005	6.8578	4.0013	0.8483	17.2766	812	9.2494	38	4	34	55.9787	2631	6.0379	71	40	31	0.8085	38	2.0604	9	0	9	120.388	41.8413	0.8641	15.5517	10.5744	0.7605	12.8306	6.6821	38	0	38.9837	10.4758	71	18	0.443	1.3306	9	0	12.0269	5.7727	30	0	35.9115	7.829	55	18	0.3769	1.1442	8	0	0.1438	6	152.9259	174.7278	297.7702	5.39	6737.3823	22187
24E_F3_2_FITC.tif	Positive	Positive	PathAnnotationObject	Polygon	658.91	271.44	12.9407	13.8319	0.85	5.4747	2.7327	0.8467	70.5	2397	8.6873	85	50	35	78.7059	2676	6.1621	92	69	23	0.9706	33	1.8502	6	0	6	151.3674	43.9832	0.9833	15.222	12.5231	0.5619	32.3634	18.1824	85	1	52.0206	15.1	92	12	0.3789	1.2711	8	0	28.7006	14.2073	74	1	49.4576	13.0861	80	12	0.322	1.1893	8	0	0.0813	6	126.0686	122.3736	173.0405	94.0672	2486.2024	5785.8843
24E_F3_2_FITC.tif	Positive	Positive	PathAnnotationObject	Polygon	150.52	345.91	5.49	9.8712	0.708	3.9157	2.2238	0.7988	9.5263	181	4.0739	16	0	16	57.5789	1094	10.0792	82	45	37	2.0526	39	3.5664	13	0	13	129.4073	40.6033	0.9864	13.7029	11.7967	0.4437	8.6798	4.7246	22	0	34.571	11.004	82	13	0.432	1.4219	13	0	8.6282	4.7621	22	0	33.1699	9.3966	67	13	0.3333	1.1131	8	0	0.0448	4	68.2022	56.2602	146.6031	13.6852	2148.0481	5671.1973
24E_F3_2_FITC.tif	Positive	Positive	PathAnnotationObject	Polygon	143.41	357.58	7.4507	9.6266	1	3.5583	2.433	0.7512	16.3684	311	10.0952	50	5	45	67.5789	1284	13.318	104	54	50	4.3684	83	8.4275	34	0	34	121.9566	39.2141	0.9966	12.9102	11.2718	0.4182	8.4019	5.6906	50	0	37.0225	12.3765	104	16	0.537	2.5038	34	0	7.8836	4.8765	24	0	35.0342	9.3422	67	16	0.2877	1.1243	10	0	0.0523	5	63.277	44.4679	149.3806	13.6852	1988.9641	5821.7275
24E_F3_2_FITC.tif	Positive	Positive	PathAnnotationObject	Polygon	113.12	359.4	5.0979	8.6439	0.8574	3.0587	2.3082	0.7798	7.5333	113	3.9073	15	1	14	56.1333	842	8.6592	74	45	29	1.6667	25	3.4365	10	0	10	80.7816	34.9946	0.8289	12.6376	7.8884	0.791	10.375	4.9416	26	0	37.899	9.1596	74	18	0.6058	1.9358	10	0	10.5959	4.9532	26	0	36.4819	7.5492	59	18	0.5233	1.7562	10	0	0.0621	3	62.9194	18.4376	166.8274	3.4933	341.12	748.3533
24E_F3_2_FITC.tif	Positive	Positive	PathAnnotationObject	Polygon	119.94	358.16	2.745	6.0419	0.9449	2.1086	1.7712	0.7795	15.1111	136	8.9225	32	2	30	63.3333	570	10.7935	86	52	34	4.7778	43	7.4963	21	0	21	59.2137	28.9453	0.8881	10.8323	6.8273	0.7807	10.271	6.694	32	0	46.5742	6.8613	86	29	0.5161	2.1872	21	0	9.9726	6.454	29	0	45.5411	5.0064	58	29	0.2534	0.8852	5	0	0.0387	5	50.0613	25.3176	165.2206	3.4933	647.1196	2279.6714
24E_F3_2_FITC.tif	Positive	Positive	PathAnnotationObject	Polygon	226.83	360.28	3.9214	7.9024	0.7891	2.6696	2.3015	0.3988	13.4167	161	1.7816	17	11	6	55.9167	671	5.2822	66	47	19	1.1667	14	2.1672	7	0	7	113.3295	37.8468	0.9942	12.4181	11.2718	0.2686	16.5103	6.4186	38	1	42.7207	9.6615	70	14	0.4448	1.5176	11	0	16.6439	6.5135	38	1	42.1511	9.4027	70	14	0.4137	1.4808	11	0	0.036	7	144.2316	142.5394	258.828	77.6985	8343.4492	22187
24E_F3_2_FITC.tif	Positive	Positive	PathAnnotationObject	Polygon	101.19	371.76	9.8036	11.4354	0.9421	3.8386	3.3773	0.3198	9.8148	265	5.2553	23	1	22	61.7778	1668	9.8345	82	45	37	1.4444	39	3.017	10	0	10	139.6031	41.9991	0.9945	13.7957	13.0151	0.1335	10.3567	5.7614	26	0	33.3848	12.3369	82	8	0.3961	1.4292	12	0	10.4012	5.8061	26	0	31.0547	9.2333	77	8	0.31	1.1796	12	0	0.0626	6	96.9239	100.3082	183.1549	18.4376	967.5869	3321.2458
24E_F3_2_FITC.tif	Positive	Positive	PathAnnotationObject	Polygon	592	371.26	7.0586	9.4207	0.9995	3.3092	2.8005	0.465	19.6	392	5.6606	31	10	21	65.25	1305	7.0701	76	49	27	0.6	12	1.1877	4	0	4	49.4101	25.8789	0.9271	8.6452	7.5276	0.4605	14.4062	7.1425	31	1	39.7422	17.1612	76	11	0.7188	1.3971	5	0	13.4444	6.9918	29	1	35.0185	14.0193	73	11	0.7407	1.4363	5	0	0.1274	7	72.3748	10.7431	182.3628	4.289	2621.2244	11890.46
24E_F3_2_FITC.tif	Positive	Positive	PathAnnotationObject	Polygon	598.64	377.4	19.215	20.7058	0.5632	7.4276	3.9787	0.8591	15.24	762	5.4905	29	7	22	63.4	3170	4.8319	75	48	27	0.74	37	1.6011	8	0	8	98.0359	47.3601	0.5492	17.6804	8.0188	0.9367	15.2411	6.9162	31	0	42.9209	16.4922	75	15	0.3834	1.0944	8	0	15.2414	7.2362	31	0	37.8768	14.2925	65	15	0.2956	0.9127	5	0	0.1837	5	9.526	5.9649	19.4631	4.7012	38.6587	112.5316
24E_F3_2_FITC.tif	Positive	Positive	PathAnnotationObject	Polygon	587.17	376.74	5.0979	9.3015	0.7404	3.5052	2.0754	0.7935	20.75	332	8.7445	32	7	25	66.1875	1059	5.8676	80	59	21	1.4375	23	2.804	10	0	10	54.1158	27.6978	0.8864	10.0309	7.7851	0.5334	17.5957	8.1416	36	0	49.5957	13.0772	80	20	0.3546	1.3263	10	0	17.192	8.0088	36	0	47.472	12.2003	69	20	0.216	0.9297	8	0	0.0864	5	76.5931	19.3589	182.6596	3.4274	3198.2363	13898.832
24E_F3_2_FITC.tif	Positive	Positive	PathAnnotationObject	Polygon	605.04	375.72	10.1957	12.5428	0.8144	4.8229	2.8274	0.8456	24.3214	681	6.7553	42	13	29	63.1786	1769	3.7816	71	54	17	0.3571	10	1.0959	4	0	4	67.4487	29.9797	0.943	10.2571	8.8109	0.3381	16.1029	8.1028	42	1	43.6629	18.0196	71	6	0.3714	0.9675	5	0	14.5374	7.3748	37	1	39.9456	17.2447	70	6	0.3741	0.9451	5	0	0.138	4	35.9017	9.4459	119.2207	5.4945	274.3461	626.6331
24E_F3_2_FITC.tif	Positive	Positive	PathAnnotationObject	Polygon	591.75	381.02	8.6272	13.5649	0.5892	5.3	2.7768	0.9	19.72	493	7.4303	33	9	24	66.68	1667	4.2984	73	58	15	1.24	31	2.1268	7	0	7	46.6651	27.3674	0.7829	10.4968	6.3801	0.8174	18.4098	5.5667	33	7	54.6721	7.5454	73	43	0.3852	1.1459	7	0	18.0722	4.9692	33	7	51.5773	4.4624	64	43	0.1649	0.5339	3	0	0.179	4	7.617	4.6323	17.7761	3.4274	21.5417	40.5255
24E_F3_2_FITC.tif	Positive	Positive	PathAnnotationObject	Polygon	607.81	382.32	5.8822	8.4704	1	3.2364	2.0664	0.6959	17.375	278	4.0804	21	8	13	63.75	1020	2.3805	70	60	10	0.25	4	0.7746	3	0	3	54.5079	31.7384	0.68	12.7275	5.3176	0.9181	12.8276	6.2831	25	0	44.6897	15.0994	70	16	0.2276	0.8143	5	0	12.2636	6.2893	25	0	42.3256	14.3103	68	16	0.2248	0.822	5	0	0.0893	5	33.3147	12.0061	122.8566	3.6313	154.351	441.0832
24E_F3_2_FITC.tif	Positive	Positive	PathAnnotationObject	Polygon	610.55	387.75	5.8822	8.8411	0.9457	2.9902	2.6342	0.5372	24.4706	416	6.0531	32	12	20	67.3529	1145	5.4537	81	60	21	1.1765	20	2.8336	10	0	10	74.5073	33.6881	0.825	12.5992	8.1472	0.7698	17.7306	7.7996	35	3	50.6218	13.8243	81	12	0.3938	1.283	10	0	17.0795	7.652	35	3	49.0057	13.3093	72	12	0.3182	1.0034	5	0	0.0756	5	51.0524	19.1741	125.3361	3.6313	1321.8093	5785.8843
24E_F3_2_FITC.tif	Positive	Positive	PathAnnotationObject	Polygon	373.55	392.43	9.8036	11.9696	0.8599	4.2257	2.8099	0.7204	16.2857	456	5.6165	26	6	20	59.2143	1658	5.1089	67	46	21	0.1786	5	0.548	2	0	2	141.1716	42.3551	0.9889	14.2137	12.6023	0.364	15.3139	7.2993	35	0	43.4139	10.8262	71	16	0.275	1.0526	10	0	15.2319	7.4248	35	0	42.0813	10.1041	71	16	0.2831	1.0846	10	0	0.0661	5	143.68	158.9571	182.5192	57.0434	8387.3496	12127.6631
24E_F3_2_FITC.tif	Positive	Positive	PathAnnotationObject	Polygon	592.43	394.62	4.3136	7.812	0.8882	2.9443	1.8453	0.8256	19.1538	249	3.3627	25	14	11	63.3846	824	4.6822	76	58	18	1.1538	15	2.6409	9	0	9	78.4287	32.4863	0.9339	11.6035	8.6816	0.6505	17.9951	7.0208	36	0	48.3744	11.7194	76	6	0.4138	1.3953	11	0	17.9158	7.2018	36	0	47.3474	11.3508	69	6	0.3632	1.264	11	0	0.0416	10	39.8432	19.2665	172.2056	5.2326	1010.4751	7816.1802
24E_F3_2_FITC.tif	Positive	Positive	PathAnnotationObject	Polygon	607.79	397.19	11.7643	16.1014	0.5702	6.3564	2.9832	0.8791	17.25	621	6.1615	29	4	25	67.2222	2420	7.5446	89	55	34	1.2778	46	2.7631	14	0	14	112.153	40.1388	0.8748	14.2819	10.3161	0.6007	15.1375	6.6717	29	0	48.9794	15.311	89	14	0.4742	1.4246	14	0	14.8392	6.6983	29	0	46.4039	14.3521	74	14	0.3608	1.0773	6	0	0.103	6	37.0475	13.4448	90.1716	7.2659	294.4854	773.8737
24E_F3_2_FITC.tif	Positive	Positive	PathAnnotationObject	Polygon	596.5	399.74	5.49	8.7712	0.8967	3.3989	2.1734	0.6681	21.625	346	6.632	40	15	25	62.5625	1001	5.2532	76	53	23	1.0625	17	2.4075	8	0	8	40.7829	29.2232	0.6001	11.7294	6.1632	0.8522	16.6729	8.118	40	0	42.243	17.4139	76	15	0.4673	1.4557	8	0	15.8022	8.0722	37	0	38.6703	16.317	70	15	0.3626	1.2066	7	0	0.1196	4	7.9177	7.4418	12.0663	4.721	22.0608	35.0613
24E_F3_2_FITC.tif	Positive	Positive	PathAnnotationObject	Polygon	594.64	407.72	15.6857	19.6653	0.5097	8.1006	2.8633	0.943	21.5435	991	7.4795	33	4	29	63.9565	2942	4.609	77	54	23	0.913	42	1.9417	9	0	9	107.4473	40.997	0.8033	16.9412	8.691	0.858	16.9022	7.2354	34	0	42.2572	15.4629	77	11	0.308	1.1706	9	0	15.9739	6.8323	34	0	37.9174	13.0175	66	11	0.187	0.9036	6	0	0.1483	5	40.0663	9.8124	93.1169	4.721	246.0412	596.6542
24E_F3_2_FITC.tif	Positive	Positive	PathAnnotationObject	Polygon	605.1	406.72	22.3522	24.8657	0.4543	8.5649	4.7974	0.8923	22	1298	7.2397	32	6	26	66.6102	3930	5.2062	79	51	28	0.5254	31	1.2367	5	0	5	110.9766	41.9332	0.7931	14.1861	11.9336	0.4885	17.5243	7.7062	34	0	52.6181	10.3152	79	20	0.2847	1.0029	7	0	16.3712	7.4095	34	0	49.0131	7.9579	67	20	0.2227	0.9263	7	0	0.1833	7	53.2293	84.2291	91.9547	7.2659	755.6699	2700.856
24E_F3_2_FITC.tif	Positive	Positive	PathAnnotationObject	Polygon	422.52	421.42	6.2743	9.6818	0.8411	3.3776	2.7213	0.4596	26.3333	474	7.9632	43	9	34	62.6667	1128	6.5079	77	55	22	1.8889	34	3.8484	13	0	13	125.8781	39.8672	0.9952	13.0461	11.8981	0.2967	19.6553	7.3618	43	3	49.5776	7.2916	77	30	0.4255	1.5853	13	0	19.2599	7.145	34	3	48.8026	6.5703	69	30	0.3388	1.3026	10	0	0.0491	12	157.6719	161.8622	182.0426	57.0434	4290.0439	13898.832
24E_F3_2_FITC.tif	Positive	Positive	PathAnnotationObject	Polygon	686.08	442.23	19.6072	17.4539	0.8088	6.4206	4.4355	0.7653	43.5818	2397	11.1034	62	15	47	62.6727	3447	6.498	75	48	27	0.2182	12	0.7623	4	0	4	179.2096	47.9537	0.9793	16.4181	13.7767	0.5083	26.9236	13.8613	62	1	40.9738	14.2263	75	8	0.3362	1.0973	8	0	24.6501	12.5982	52	1	38.0124	12.2962	71	8	0.3524	1.1351	8	0	0.1087	6	74.7848	67.3121	173.0405	18.1871	1444.3984	5785.8843
24E_F3_2_FITC.tif	Positive	Positive	PathAnnotationObject	Polygon	673.17	453.62	6.2743	9.8072	0.8198	3.3893	2.4757	0.6982	27.3889	493	4.2446	34	18	16	72.9444	1313	3.3514	81	69	12	0.6111	11	1.7868	6	0	6	103.1337	37.7246	0.9107	13.3039	9.6068	0.6924	31.2218	6.4351	44	9	64.6541	6.2737	81	47	0.4286	1.2844	7	0	31.5	6.4839	44	9	64.0524	6.0069	80	47	0.4153	1.244	7	0	0.056	6	36.4985	15.5307	85.8914	6.942	249.568	773.8737
24E_F3_2_FITC.tif	Positive	Positive	PathAnnotationObject	Polygon	666.44	458.83	4.3136	8.0169	0.8434	3.2568	1.8444	0.6847	32	416	3.937	36	22	14	72	936	2.9155	77	68	9	0.5385	7	1.1983	4	0	4	57.2529	29.3805	0.8335	10.7495	7.5405	0.6611	29.0816	8.6194	52	8	63.1293	7.6796	77	40	0.2585	0.8528	5	0	28.7985	8.902	52	8	62.2687	7.4523	77	40	0.2313	0.8126	5	0	0.0651	5	28.6974	8.9981	84.2291	5.084	399.6774	1610.0009
24E_F3_2_FITC.tif	Positive	Positive	PathAnnotationObject	Polygon	670.24	463.81	9.8036	13.8759	0.6398	4.702	3.3919	0.7711	33.1667	995	6.5658	46	24	22	73.6333	2209	2.1573	78	69	9	0.0667	2	0.3651	2	0	2	39.2143	26.6538	0.6936	10.6259	5.8729	0.8187	31.5888	8.2952	52	15	67.9813	5.7297	78	54	0.215	0.8358	6	0	30.974	8.8407	52	15	65.7792	5.1469	74	54	0.2727	0.9547	6	0	0.249	5	6.3293	5.6636	10.5737	4.4641	14.5681	22.0161
24E_F3_2_FITC.tif	Positive	Positive	PathAnnotationObject	Polygon	675.54	466.3	4.7057	8.372	0.8437	3.2027	2.0607	0.6249	26.0625	417	4.9728	35	18	17	78.125	1250	3.8794	85	73	12	1.375	22	2.1871	6	0	6	34.5086	22.3999	0.8643	7.722	6.4944	0.5105	19.5109	6.9004	35	4	62.5435	10.264	85	42	0.4565	1.3211	6	0	18.1316	6.4608	34	4	59.2632	7.8814	78	42	0.2632	0.9712	6	0	0.1343	5	13.0582	12.8742	28.169	3.3619	32.7986	90.5203
24E_F3_2_FITC.tif	Positive	Positive	PathAnnotationObject	Polygon	663.13	467.04	6.6664	10.1946	0.806	3.8637	2.3673	0.7441	39.9524	839	5.0841	49	30	19	76.0476	1597	4.3299	83	65	18	0.4286	9	0.9783	3	0	3	45.8808	25.9283	0.8576	9.8197	6.2621	0.7578	31.1345	10.7293	54	7	59.2689	13.7074	83	31	0.4118	1.1747	7	0	29.2449	10.6897	54	7	55.6735	12.2758	76	31	0.4082	1.217	7	0	0.1493	6	9.9413	6.0061	30.1768	3.095	23.8379	67.9228
24E_F3_2_FITC.tif	Positive	Positive	PathAnnotationObject	Polygon	674.19	471.78	8.6272	13.1396	0.6279	4.6785	2.9354	0.8385	38.6154	1004	6.0668	51	28	23	73.5	1911	3.8184	82	66	16	0.5385	14	1.5551	6	0	6	44.3122	28.0442	0.708	10.3784	6.6372	0.8134	24.2119	13.2864	51	0	61.4661	8.6831	82	45	0.2458	0.9602	6	0	20.1413	11.867	51	0	58.0652	6.3138	75	45	0.163	0.6997	5	0	0.2091	5	6.5706	5.8612	13.1748	3.3619	11.1504	15.6874
24E_F3_2_FITC.tif	Positive	Positive	PathAnnotationObject	Polygon	662.17	472.71	4.3136	8.8063	0.699	3.4304	1.9471	0.8122	28.8571	404	7.6244	43	16	27	77.1429	1080	7.0259	89	64	25	1	14	2.0755	7	0	7	32.5479	22.8436	0.7838	8.4669	5.9961	0.7189	20.0706	9.4526	43	5	50.3529	15.738	89	29	0.2941	1.0671	7	0	18.338	8.8284	42	5	45.0704	10.78	87	29	0.1549	0.6686	4	0	0.1343	5	12.0113	11.9633	27.897	3.095	41.354	113.8886
24E_F3_2_FITC.tif	Positive	Positive	PathAnnotationObject	Polygon	668.59	474.98	9.4114	12.6081	0.744	4.2853	3.2892	0.7158	34.1379	990	6.6048	47	19	28	75.6897	2195	5.6764	89	63	26	0.6207	18	1.4246	5	0	5	48.6258	29.2866	0.7124	10.6775	7.6633	0.6963	27.0078	8.7965	47	4	60.4922	11.5329	89	38	0.4062	1.1801	8	0	24.9192	8.2681	44	4	56.0404	8.6484	76	38	0.3434	1.0988	8	0	0.1933	4	5.799	4.7361	10.1139	3.6101	12.2184	16.8819
24E_F3_2_FITC.tif	Positive	Positive	PathAnnotationObject	Polygon	243.58	484.01	21.5679	22.5384	0.5335	9.0936	3.9469	0.9215	14.9831	884	6.7988	27	3	24	62.4068	3682	5.7329	72	46	26	0.5932	35	1.6094	7	0	7	205.8753	52.4763	0.9395	18.886	13.7767	0.6935	15.1407	7.2163	36	0	45.6996	10.2391	72	12	0.4316	1.2851	8	0	15.1606	7.2741	36	0	43.5889	8.6149	71	12	0.4111	1.2387	8	0	0.1062	10	74.9848	46.9642	158.9571	39.4394	2326.4097	11629.666
24E_F3_2_FITC.tif	Positive	Positive	PathAnnotationObject	Polygon	669.86	482.92	12.9407	14.2315	0.8029	5.314	3.3049	0.7871	14.6111	526	6.3708	29	1	28	76.75	2763	7.1967	91	62	29	1	36	2.1514	8	0	8	90.9773	36.9133	0.839	13.8222	9.5393	0.7266	11.3718	6.1213	29	0	45.7607	19.3509	91	13	0.3846	1.2245	8	0	10.7828	5.9026	24	0	40.1263	15.0427	81	13	0.2727	0.9324	5	0	0.1389	8	18.8961	12.5691	44.4526	6.74	20.5744	40.2833
24E_F3_2_FITC.tif	Positive	Positive	PathAnnotationObject	Polygon	659.63	482.75	13.725	14.9149	0.7753	5.5557	3.7079	0.7748	10.0488	412	6.4574	22	1	21	81.1951	3329	6.3373	95	64	31	0.5122	21	1.2673	6	0	6	79.6051	32.9185	0.9231	12.1813	9.3932	0.5593	11.8252	6.1349	25	0	56.4466	20.1771	95	10	0.2573	0.9302	6	0	12.2667	5.991	25	0	50.297	17.5479	87	10	0.1939	0.8182	5	0	0.186	5	10.0119	6.74	19.001	5.2972	45.8147	113.8886
24E_F3_2_FITC.tif	Positive	Positive	PathAnnotationObject	Polygon	666.31	491.63	9.0193	14.0794	0.5718	5.6795	2.6172	0.9099	22	616	3.3884	27	17	10	74.5357	2087	9.3867	87	56	31	0.3571	10	0.9512	4	0	4	65.8801	34.0133	0.7156	11.3272	8.2592	0.7244	16.1098	7.2268	30	0	51.8497	15.2308	87	23	0.2948	1.0782	6	0	14.9724	7.2236	30	0	47.469	11.8814	79	23	0.2828	1.1037	6	0	0.1291	5	14.8312	6.7657	34.7924	3.6706	30.0023	85.6721
24E_F3_2_FITC.tif	Positive	Positive	PathAnnotationObject	Polygon	578.05	486.05	7.0586	10.8667	0.7512	3.7625	2.863	0.5734	12.619	265	6.2408	25	1	24	100.619	2113	7.8389	120	88	32	1.1429	24	2.5157	10	0	10	72.5465	31.3136	0.9297	11.2972	8.0491	0.7041	14.9153	6.9583	33	0	75.2222	18.331	120	36	0.6561	1.9579	12	0	15.2024	7.0069	33	0	72.0476	16.7235	108	36	0.5952	1.8772	12	0	0.0993	6	45.4189	40.4511	86.9725	4.9986	646.1501	2700.856
24E_F3_2_FITC.tif	Positive	Positive	PathAnnotationObject	Polygon	642.89	488.56	9.0193	10.7087	0.9884	3.8176	2.9243	0.5923	22.5	540	4.6625	34	15	19	80.125	1923	6.8861	89	66	23	0.375	9	0.8242	3	0	3	130.1916	40.6626	0.9895	13.5974	11.8981	0.3505	14.1295	7.6667	36	0	50.7801	20.7649	89	13	0.2892	1.0461	9	0	13.4773	7.4726	36	0	48.4935	19.7173	88	13	0.2825	1.0623	9	0	0.0617	11	38.6666	27.897	91.9547	18.3282	532.9238	2700.856
24E_F3_2_FITC.tif	Positive	Positive	PathAnnotationObject	Polygon	658.95	491.24	10.5879	12.2342	0.8889	4.3622	3.2415	0.643	14.0714	394	5.2488	25	5	20	83.2857	2332	7.1381	94	64	30	0.8571	24	1.353	4	0	4	55.2922	28.0801	0.8812	9.4522	7.6761	0.6125	14.4336	6.1364	28	0	58.6573	20.3622	101	19	0.7552	2.4787	22	0	14.5217	6.3513	28	0	52.6609	17.8644	101	19	0.7304	2.6863	22	0	0.1835	4	12.0088	11.8127	20.7391	3.6706	64.2113	171.1428
24E_F3_2_FITC.tif	Positive	Positive	PathAnnotationObject	Polygon	579.2	493.64	15.6857	17.2766	0.6604	6.4661	3.7847	0.8091	14.186	610	4.8268	30	7	23	95.907	4124	8.482	112	80	32	0.4884	21	1.2223	6	0	6	113.3295	45.8023	0.6789	16.8056	10.4591	0.8297	15.866	7.2639	36	0	70.2749	19.7087	112	25	0.378	1.1086	8	0	16.1573	7.5771	36	0	65.8306	17.5959	97	25	0.3589	1.0893	8	0	0.1293	5	32.0244	13.0374	67.0071	4.9986	291.8609	852.6311
24E_F3_2_FITC.tif	Positive	Positive	PathAnnotationObject	Polygon	563.2	490.77	14.1172	16.5882	0.6447	6.8769	2.92	0.9123	18.4359	719	7.7146	39	6	33	100.2821	3911	10.0497	127	87	40	1.5128	59	2.6245	10	0	10	101.173	37.9783	0.8815	14.8205	8.8326	0.8015	16.6858	6.7688	39	0	66.9195	22.806	127	28	0.5287	1.4949	10	0	16.3784	6.5599	34	0	61.0586	19.0684	99	28	0.3559	1.1153	9	0	0.1234	7	56.0324	15.905	156.8226	5.0009	1387.6361	7816.1802
24E_F3_2_FITC.tif	Positive	Positive	PathAnnotationObject	Polygon	560.62	496.43	11.7643	14.1488	0.7385	5.7902	3.1741	0.8426	18.5152	611	3.3178	25	11	14	96.8182	3195	3.2351	102	91	11	0.2121	7	0.5999	2	0	2	27.45	28.2547	0.4321	11.6161	4.817	0.95	16.6623	6.4474	35	0	84.2467	19.3024	102	28	0.6104	2.0141	15	0	15.2727	7.789	35	0	74.8182	20.9399	101	28	0.9091	2.5864	15	0	0.4082	5	6.2279	6.1245	7.9456	4.2592	16.2075	30.7552
24E_F3_2_FITC.tif	Positive	Positive	PathAnnotationObject	Polygon	191.51	496.6	15.2936	15.5148	0.7984	5.7926	3.238	0.8366	27.1707	1114	4.1164	36	19	17	70.3659	2885	5.1515	81	58	23	0.8049	33	2.0152	8	0	8	75.6837	32.9112	0.8781	11.8365	9.2614	0.5416	20.5635	6.971	39	7	43.0812	19.2628	81	18	0.3553	1.2436	8	0	18.8269	6.5186	39	7	35.9103	14.6179	73	18	0.2372	0.9166	6	0	0.1771	7	74.3878	53.4492	156.1485	5.8349	1868.8597	5821.7275
24E_F3_2_FITC.tif	Positive	Positive	PathAnnotationObject	Polygon	569.04	497.74	12.9407	15.0176	0.7211	5.4761	3.4484	0.8093	12.7105	483	6.8415	28	0	28	94.3158	3584	3.5876	100	87	13	0.2895	11	0.9273	4	0	4	50.1944	27.7216	0.8208	10.5089	6.1693	0.7867	12.4656	7.2402	28	0	83.7328	10.3573	100	53	0.3359	1.1543	7	0	12.3656	7.4305	28	0	79.4086	9.0136	94	53	0.3548	1.2393	7	0	0.2487	7	8.6146	8.0079	14.9682	4.3616	25.9699	61.8828
24E_F3_2_FITC.tif	Positive	Positive	PathAnnotationObject	Polygon	199.26	497.53	12.9407	13.5882	0.8807	4.6617	3.8356	0.6011	25.4054	940	5.6591	36	12	24	68.9189	2550	3.9185	75	60	15	0.1351	5	0.4191	2	0	2	51.3708	28.2667	0.8079	9.6914	7.3419	0.7168	21.2889	8.8333	37	0	46.4815	19.7706	75	13	0.2222	0.9197	8	0	19.7347	9.3274	37	0	38.0102	16.4238	67	13	0.2551	1.0484	8	0	0.2413	5	14.5118	6.2642	48.2818	5.2927	48.4538	133.1504
24E_F3_2_FITC.tif	Positive	Positive	PathAnnotationObject	Polygon	558.78	501.79	15.2936	20.7452	0.4466	7.726	3.5915	0.9218	17.5745	826	7.4476	35	4	31	96.5532	4538	8.1902	118	80	38	1.5745	74	2.8494	13	0	13	72.5465	42.4645	0.5056	16.988	7.9087	0.9266	14.3651	6.8958	35	1	74.8783	20.3528	118	20	0.4974	1.6715	13	0	13.3028	6.3826	32	1	67.7042	17.9443	97	20	0.1408	0.7494	7	0	0.2183	3	5.0874	4.4634	6.5395	4.2592	10.2517	13.9155
24E_F3_2_FITC.tif	Positive	Positive	PathAnnotationObject	Polygon	553.34	503.27	7.8429	10.273	0.9339	3.5573	2.833	0.5659	17.5	420	6.692	33	4	29	106.0417	2545	14.0387	132	86	46	3.4167	82	5.0036	19	0	19	69.8015	31.348	0.8926	11.9511	8.4964	0.7167	13.3702	5.4905	33	3	58.9061	23.04	132	31	0.895	2.4642	19	0	12.7389	5.0155	24	3	51.7006	13.7619	90	31	0.5096	1.479	10	0	0.1113	9	52.4622	52.6995	155.4843	4.4634	1119.6797	7307.4595
24E_F3_2_FITC.tif	Positive	Positive	PathAnnotationObject	Polygon	576.11	504.23	20.3915	19.202	0.695	7.1444	4.9171	0.695	14.5088	827	6.0301	28	6	22	103.0175	5872	9.6409	128	81	47	1.7895	102	2.9805	10	0	10	115.2902	41.731	0.8319	15.4891	10.6246	0.6908	12.0303	6.47	28	0	58.4209	30.6989	128	13	0.6801	1.9107	11	0	11.4417	6.4429	28	0	47.8292	23.6309	99	13	0.4167	1.4411	11	0	0.1758	6	23.8087	9.9762	68.9498	4.3103	269.0838	1254.8649
24E_F3_2_FITC.tif	Positive	Positive	PathAnnotationObject	Polygon	204.61	505.42	19.9993	20.3677	0.6058	7.3043	4.7319	0.7307	24.2857	1360	6.7896	35	9	26	66	3696	4.7559	76	51	25	0.2143	12	0.6527	4	0	4	124.7016	41.6636	0.9028	15.4561	10.4581	0.7415	19.5732	8.7168	40	2	47.7196	14.6789	76	15	0.2492	0.9389	8	0	18.5774	8.763	40	2	43.8566	13.0614	69	15	0.2566	0.9896	8	0	0.1608	4	23.2595	20.7865	45.6466	5.8186	231.215	705.6703
24E_F3_2_FITC.tif	Positive	Positive	PathAnnotationObject	Polygon	569.86	503.47	6.2743	9.3812	0.8959	3.303	2.395	0.7251	10.6842	203	4.7732	20	2	18	99.4211	1889	4.9139	109	92	17	1.4737	28	3.0978	12	0	12	14.5093	14.2335	0.9	5.5208	3.7413	0.6371	14.4615	6.0604	23	2	93.5385	7.9268	109	72	0.8974	2.2918	12	0	18.05	4.9041	23	5	87.95	5.9425	97	72	0.35	0.8751	3	0	0.4439	3	4.4626	4.3616	4.7161	4.3103	7.0962	9.8455
24E_F3_2_FITC.tif	Positive	Positive	PathAnnotationObject	Polygon	185.86	504.7	9.8036	13.9462	0.6334	4.8118	3.7247	0.6948	26.871	833	8.5117	50	15	35	66.1936	2052	5.2626	74	53	21	0.3226	10	0.9087	4	0	4	96.4673	36.6723	0.9014	13.7308	9.8018	0.72	18.6265	8.8819	50	1	46.2972	13.0375	76	18	0.3855	1.3425	14	0	17.4541	8.3097	47	1	43.4679	11.2176	76	18	0.3945	1.3946	14	0	0.1148	4	54.7895	27.6794	157.8818	5.9175	197.0086	534.5144
24E_F3_2_FITC.tif	Positive	Positive	PathAnnotationObject	Polygon	193.21	507.28	9.4114	14.4261	0.5683	5.6143	3.1645	0.7631	22.5312	721	6.7965	34	11	23	67.25	2152	3.3118	73	59	14	0.625	20	1.5606	6	0	6	41.9594	27.3685	0.7039	11.1915	4.9084	0.9013	21.4018	6.9922	36	6	55.5893	10.9689	73	29	0.5804	1.4926	11	0	20.95	7.0601	36	6	50.925	9.3616	73	29	0.5625	1.4742	11	0	0.2265	5	13.0396	6.335	42.6675	3.3925	23.1354	38.9092
24E_F3_2_FITC.tif	Positive	Positive	PathAnnotationObject	Polygon	197.65	507.56	5.8822	12.2607	0.4917	5.2694	2.2891	0.8987	29.4211	559	7.784	41	17	24	64.4737	1225	3.6419	73	56	17	0.3684	7	1.0116	4	0	4	30.9793	24.9601	0.6249	10.6186	3.8039	0.9352	25.3902	7.7774	45	13	55.9756	7.286	73	39	0.2561	0.8579	4	0	24.1746	7.413	45	13	53.4127	6.0579	68	39	0.2222	0.8121	4	0	0.2256	4	13.5467	5.5556	39.683	3.3925	31.9943	71.718
24E_F3_2_FITC.tif	Positive	Positive	PathAnnotationObject	Polygon	565.95	506.75	3.5293	7.8125	0.7266	2.9264	1.7052	0.8418	13.3636	147	7.5931	21	0	21	95	1045	6.1319	104	86	18	1.9091	21	3.0481	8	0	8	38.0379	24.1817	0.8174	8.6739	6.1214	0.6923	13.932	5.4956	26	0	73.6019	23.2743	104	23	0.5922	1.6054	8	0	14	5.2414	26	2	71.0435	23.261	100	23	0.4348	1.2779	7	0	0.0848	9	20.1228	8.7576	47.0136	4.7161	67.4757	215.4174
24E_F3_2_FITC.tif	Positive	Positive	PathAnnotationObject	Polygon	651.74	506.88	9.8036	13.0366	0.7249	4.8892	3.6184	0.6079	14.7333	442	6.9328	27	4	23	90.6	2718	8.402	111	72	39	0.8333	25	2.3937	11	0	11	119.2116	40.5548	0.9108	13.6354	11.0658	0.5953	17.43	7.9243	40	2	63.9349	22.1714	111	19	0.2964	1.1799	11	0	17.722	7.9809	40	2	61.0469	21.2586	96	19	0.2383	0.9523	8	0	0.083	5	16.8396	20.7391	23.397	6.2979	76.0886	171.1428
24E_F3_2_FITC.tif	Positive	Positive	PathAnnotationObject	Polygon	645.26	510.46	3.9214	7.8759	0.7944	3.253	1.6511	0.7645	39.3077	511	5.2023	46	31	15	91.6923	1192	3.7055	100	86	14	0.8462	11	1.9081	6	0	6	47.0572	28.9519	0.7055	12.0576	5.0184	0.9006	30.187	11.3811	54	4	74.1219	20.8856	101	19	0.6016	1.6283	7	0	29.1091	11.4414	54	4	72.0455	21.108	101	19	0.5727	1.5997	7	0	0.0863	5	10.0394	6.2979	23.1897	5.179	32.7894	63.8139
24E_F3_2_FITC.tif	Positive	Positive	PathAnnotationObject	Polygon	639.9	514.96	5.8822	8.8148	0.9513	2.9371	2.4969	0.5431	39.7222	715	9.2977	56	23	33	91.7222	1651	4.0265	96	80	16	0.0556	1	0.2357	1	0	1	59.998	28.3808	0.936	10.3492	7.9527	0.6078	25.071	13.0494	56	4	54.6774	27.9406	104	7	0.529	1.7444	13	0	23.146	12.2424	56	4	49.8102	26.0092	104	7	0.5912	1.8453	13	0	0.0883	8	31.5209	20.8048	68.9498	3.6353	366.5886	1254.8649
24E_F3_2_FITC.tif	Positive	Positive	PathAnnotationObject	Polygon	646.44	516.39	2.745	6.366	0.8512	2.714	1.1808	0.8003	51.1111	460	5.5101	58	41	17	92.4444	832	3.3208	99	89	10	1	9	2	5	0	5	11.7643	12.3342	0.9718	4.3514	3.4588	0.5342	50.2581	5.9215	64	38	87.2581	4.5823	99	79	0.3226	1.1369	5	0	49.9091	6.1714	64	38	85.1364	3.0906	90	79	0.0455	0.2132	1	0	0.1608	5	4.3301	3.6353	6.2595	3.0876	7.1148	13.1562
24E_F3_2_FITC.tif	Positive	Positive	PathAnnotationObject	Polygon	647.5	520.56	3.9214	7.68	0.8355	2.8536	1.7967	0.6575	43.1667	518	5.734	52	36	16	97.5	1170	3.4245	105	93	12	0.6667	8	1.3707	4	0	4	10.98	16.5837	0.5017	7.357	2.2418	0.9546	38.8438	9.9777	54	17	92.0938	5.7606	105	79	0.2812	0.8884	4	0	36.25	11.1585	54	17	88.85	4.2212	95	79	0.05	0.2236	1	0	0.296	4	5.4808	3.3815	12.4838	2.6764	10.3899	19.7064
24E_F3_2_FITC.tif	Positive	Positive	PathAnnotationObject	Polygon	643.34	520.68	3.9214	6.8047	1	2.4256	1.8626	0.6575	38.3636	422	3.7222	45	31	14	92.6364	1019	3.1709	98	89	9	0.7273	8	1.6787	5	0	5	21.5679	17.8188	0.8536	5.9367	5.2739	0.3574	31.4068	11.4065	58	12	79.661	11.5065	98	51	0.2203	0.8723	5	0	29.8125	11.987	58	12	76.6875	10.6214	94	51	0.1042	0.5153	3	0	0.1425	4	5.4849	4.02	11.2234	2.6764	11.3197	21.8384
24E_F3_2_FITC.tif	Positive	Positive	PathAnnotationObject	Polygon	652.39	521.38	7.0586	10.7047	0.7741	3.9757	2.645	0.6079	33.9091	746	12.9611	53	15	38	94.5	2079	5.7217	106	83	23	1.1364	25	1.7538	6	0	6	89.4087	35.8373	0.8748	13.047	8.4813	0.7612	27.7031	8.3314	53	9	75.8952	9.5787	106	56	0.2838	0.9746	7	0	27.0435	7.4262	49	9	73.9179	7.5709	92	56	0.1932	0.8073	7	0	0.079	7	17.5769	12.8968	41.537	3.3369	27.4433	85.6721
24E_F3_2_FITC.tif	Positive	Positive	PathAnnotationObject	Polygon	230.35	524.15	50.1944	42.894	0.3428	11.3812	9.3263	0.5352	27.9565	3858	7.4441	46	14	32	67.913	9372	5.7471	87	55	32	0.6159	85	1.4364	6	0	6	253.3247	66.1567	0.7273	21.5795	17.5543	0.5148	23.0354	8.8045	46	0	53.3297	12.0877	87	20	0.4129	1.2394	10	0	21.7065	8.6768	44	0	49.3914	10.1828	73	20	0.3581	1.1761	10	0	0.2023	9	42.8906	39.683	154.4389	5.1976	151.7959	705.6703
24E_F3_2_FITC.tif	Positive	Positive	PathAnnotationObject	Polygon	236.79	522.7	3.9214	7.2521	0.937	2.6958	1.7283	0.7673	22.7273	250	2.4532	27	19	8	70.6364	777	2.4196	74	66	8	1	11	2.2361	6	0	6	7.4507	10.3099	0.8808	4.0205	2.5049	0.7449	23.1905	3.4003	31	19	65.2857	6.958	74	52	0.5238	1.6619	6	0	23.7	4.296	31	19	59.4	5.2536	67	52	0	0	0	0	0.496	3	15.966	5.1976	39.4394	3.2609	52.2736	90.6661
24E_F3_2_FITC.tif	Positive	Positive	PathAnnotationObject	Polygon	240.59	523.24	9.0193	14.7109	0.5237	5.3147	2.7406	0.9224	30	870	5.9702	49	23	26	68.2759	1980	4.0435	81	60	21	1.1379	33	2.341	10	0	10	49.4101	36.8417	0.4575	14.5804	6.4414	0.9327	25.2154	7.379	49	1	56.1462	10.8286	81	35	0.4923	1.3711	10	0	23.8416	7.1913	40	1	52.6634	9.5794	70	35	0.3069	0.8572	5	0	0.1921	4	13.6898	5.4909	40.7638	3.0134	57.1538	156.8207
24E_F3_2_FITC.tif	Positive	Positive	PathAnnotationObject	Polygon	244.15	526.85	4.7057	8.7913	0.7651	3.3919	2.1225	0.7738	18.25	292	7.1972	32	5	27	65.625	1050	2.3345	69	61	8	0.0625	1	0.25	1	0	1	56.4687	29.6015	0.8098	12.1027	6.7487	0.8357	17.9456	6.5153	34	5	50.2041	9.8217	69	32	0.3265	1.1655	8	0	17.9084	6.4563	34	6	48.3206	8.6525	69	32	0.3588	1.2283	8	0	0.0931	5	67.1243	41.8325	144.1999	3.0134	570.8505	2695.2864
24E_F3_2_FITC.tif	Positive	Positive	PathAnnotationObject	Polygon	640.05	530.77	31.7636	23.5557	0.7194	8.588	5.1879	0.7817	96.8824	8235	24.6945	145	51	94	105.4706	8965	16.0361	138	77	61	1.1647	99	2.636	17	0	17	203.1303	51.4125	0.9657	17.5009	14.7535	0.4501	39.7457	31.3843	145	0	58.3642	27.0031	138	14	0.4547	1.5059	17	0	28.5553	17.1364	91	0	49.1382	17.3638	104	14	0.3157	1.1165	9	0	0.1549	6	25.5099	14.3668	53.7494	11.2234	176.4524	457.4892
24E_F3_2_FITC.tif	Positive	Positive	PathAnnotationObject	Polygon	589.37	541.45	27.0579	19.5552	0.8892	6.603	5.6067	0.325	36.1594	2495	5.0893	47	25	22	83.2174	5742	3.2624	92	75	17	0.2174	15	0.9373	5	0	5	137.6423	44.3727	0.8785	15.6996	11.4278	0.7213	29.6997	11.0294	58	1	71.3286	10.0507	92	45	0.3513	1.3425	10	0	28.1303	11.5082	58	1	68.4401	8.9585	88	45	0.3838	1.4231	10	0	0.1936	6	37.6555	42.9959	60.8343	5.5735	405.8407	1254.8649
24E_F3_2_FITC.tif	Positive	Positive	PathAnnotationObject	Polygon	584.22	546.82	10.98	14.5873	0.6484	5.6196	3.2821	0.8374	44.1	1323	7.6128	65	31	34	81.8	2454	2.1719	85	77	8	0.1	3	0.4026	2	0	2	62.743	36.3375	0.5971	15.1698	5.2919	0.949	36.1667	14.1532	70	8	71.321	9.5649	85	43	0.2469	0.8851	6	0	34.3636	14.6856	70	8	68.9394	8.9739	85	43	0.2803	0.9596	6	0	0.1637	4	19.3848	13.1012	45.9703	5.3665	86.5298	122.1661
24E_F3_2_FITC.tif	Positive	Positive	PathAnnotationObject	Polygon	577.91	550	14.1172	15.6073	0.7283	5.0218	4.2477	0.6638	40.6923	1587	8.6546	55	21	34	81.2821	3170	4.3887	92	72	20	0.3333	13	0.9551	4	0	4	117.643	41.4192	0.8617	14.8268	10.076	0.7339	28.093	12.8511	56	2	64.2326	12.0554	92	37	0.3189	0.9855	7	0	26.2176	12.3156	56	2	61.6947	10.6931	86	37	0.3168	0.9917	7	0	0.1183	6	31.4016	29.8263	52.6995	5.3665	246.2817	748.2139
24E_F3_2_FITC.tif	Positive	Positive	PathAnnotationObject	Polygon	601.87	556.78	5.0979	7.3977	1	2.5659	2.1159	0.5058	20.0769	261	4.2517	28	15	13	84.8462	1103	7.1045	96	72	24	5.4615	71	5.2379	15	0	15	109.408	37.1261	0.9975	12.3455	11.2718	0.2572	14.4929	6.598	37	2	39.9	19.9937	96	6	0.5321	1.8489	15	0	14.221	6.5763	37	2	37.7116	17.7051	82	6	0.2921	1.0499	9	0	0.0352	6	36.0149	35.2733	56.7316	19.7841	198.1833	457.4892
24E_F3_2_FITC.tif	Positive	Positive	PathAnnotationObject	Polygon	557.08	563.5	9.8036	14.0592	0.6233	5.7961	2.8662	0.8817	37.4483	1086	4.6104	46	25	21	93.3103	2706	6.4868	105	81	24	0.8276	24	1.6051	6	0	6	102.3494	38.1791	0.8824	14.2088	9.5454	0.74	31.3817	9.5315	51	10	71.8702	18.0083	105	30	0.3473	1.2886	12	0	30.6266	9.7195	51	10	69.2017	17.1798	99	30	0.2876	1.2348	12	0	0.1015	5	24.5227	20.6414	62.5935	3.537	286.9081	748.2139
24E_F3_2_FITC.tif	Positive	Positive	PathAnnotationObject	Polygon	550.65	569.61	48.6258	29.6588	0.6947	10.3751	7.3744	0.6551	46.5	6045	8.0437	66	33	33	92.6	12038	6.4069	107	78	29	0.3	39	1.4232	14	0	14	147.8381	53.9316	0.6387	19.878	11.5203	0.8872	35.2042	12.8286	66	1	77.8639	15.7308	107	22	0.2723	1.1813	14	0	29.377	10.7879	56	1	70.2619	13.5659	97	22	0.2579	1.0376	10	0	0.3313	5	8.45	7.2794	14.2595	4.9811	18.9466	29.88
24E_F3_2_FITC.tif	Positive	Positive	PathAnnotationObject	Polygon	554.97	568.36	0.7843	3.7769	0.6909	1.4644	0.9397	0.866	39.75	159	6.3966	49	35	14	88.25	353	1.7078	90	86	4	0.25	1	0.5	1	0	1	3.5293	6.8598	0.9425	2.745	1.5597	0.6658	39.8182	7.9852	53	29	86	5.7619	94	76	0.0909	0.3015	1	0	39.8571	9.2633	53	29	84.7143	6.9693	94	76	0	0	0	0	0.2665	5	19.5156	9.5717	48.3981	3.537	97.2502	306.5019
24E_F3_2_FITC.tif	Positive	Positive	PathAnnotationObject	Polygon	534.53	571.39	35.6851	31.0963	0.4637	10.6131	6.2512	0.8563	43.8958	4214	7.7439	62	21	41	89.3542	8578	6.2272	102	73	29	0.4688	45	1.2135	6	0	6	195.6796	53.969	0.8442	19.6119	13.9238	0.7115	30.3593	12.524	62	4	66.2056	17.4242	102	28	0.2695	0.9619	6	0	27.1506	11.232	56	4	60.7185	14.4608	94	28	0.2222	0.8872	6	0	0.1797	5	30.5817	20.6414	71.9347	6.1404	412.619	1324.6182
24E_F3_2_FITC.tif	Positive	Positive	PathAnnotationObject	Polygon	367.17	573.27	9.8036	14.3113	0.6015	5.2444	3.4264	0.8016	29.5333	886	7.4266	45	15	30	71.1667	2135	2.5875	75	67	8	0.1333	4	0.4342	2	0	2	88.6244	36.2032	0.8497	13.4611	9.7576	0.6611	23.5133	9.1415	50	4	54.4779	14.8115	81	16	0.469	1.4911	12	0	22.5918	9.0439	50	4	51.9235	14.2382	81	16	0.5204	1.5867	12	0	0.1323	6	108.9994	145.3049	182.5192	8.9629	3317.3401	11629.666
24E_F3_2_FITC.tif	Positive	Positive	PathAnnotationObject	Polygon	541.4	576.61	7.4507	10.3408	0.8756	3.6572	2.9302	0.5668	24.9091	548	7.5335	37	12	25	90.9545	2001	4.9423	101	82	19	1.0909	24	2.1361	7	0	7	41.1751	24.6528	0.8514	9.4997	5.703	0.7958	20.0642	8.2116	40	5	68.8257	18.8389	101	32	0.5321	1.4629	8	0	18.8391	7.9561	40	5	63.2299	16.8162	91	32	0.3908	1.2138	8	0	0.173	4	17.0217	8.4393	45.0676	6.1404	35.2583	71.3526
24E_F3_2_FITC.tif	Positive	Positive	PathAnnotationObject	Polygon	377.81	574.09	33.7243	27.1059	0.5768	11.1778	5.2766	0.8949	37.7865	3363	9.4718	60	18	42	81.8764	7287	6.7113	91	62	29	0.5955	53	1.6217	9	0	9	90.193	36.5146	0.8501	12.9823	10.2922	0.636	29.7669	11.7528	60	3	59.0508	24.7131	91	9	0.3559	1.1959	9	0	24.9116	10.2623	57	3	45.2313	21.1187	83	9	0.2109	0.8128	6	0	0.3615	5	37.5077	6.2222	160.7649	4.9667	260.3377	756.2784
24E_F3_2_FITC.tif	Positive	Positive	PathAnnotationObject	Polygon	548.95	577.62	7.8429	11.0989	0.8001	4.2761	2.7425	0.7376	18.0455	397	5.1959	33	11	22	87.1818	1918	3.4591	95	82	13	0.5	11	1.1019	4	0	4	58.4294	28.7889	0.8859	10.3144	7.4954	0.6635	21.6908	7.0825	36	1	74.9934	8.6027	95	57	0.3816	1.1789	8	0	22.3077	7.1883	36	1	72.9308	7.4201	90	57	0.3615	1.1943	8	0	0.1213	5	26.1946	9.5717	56.7316	5.793	44.798	123.2366
24E_F3_2_FITC.tif	Positive	Positive	PathAnnotationObject	Polygon	385.58	574.49	8.235	11.6894	0.7573	4.2095	2.8183	0.8189	29.5833	710	6.9465	50	20	30	77.4167	1858	7.5867	88	64	24	0.9583	23	2.4223	9	0	9	37.6458	26.3863	0.6795	9.8292	6.1149	0.8151	20.101	11.0901	50	0	44.3939	24.939	88	11	0.5253	1.6372	9	0	17.0667	10.4588	50	0	33.8267	18.41	79	11	0.3867	1.2829	7	0	0.2103	5	36.1954	6.2222	159.8853	3.5602	157.1095	493.6839
24E_F3_2_FITC.tif	Positive	Positive	PathAnnotationObject	Polygon	496.11	576.19	5.8822	9.0219	0.9081	3.5094	2.3038	0.6353	11.7059	199	5.0839	22	4	18	68.6471	1167	5.0737	78	60	18	0.6471	11	1.2719	4	0	4	120.388	39.0939	0.9899	13.2664	11.2718	0.4579	14.2955	6.7972	33	0	44.2727	16.4312	78	12	0.3831	1.1818	9	0	14.4467	6.8607	33	0	42.8488	15.733	72	12	0.3677	1.1769	9	0	0.0423	7	89.4062	94.8152	171.1668	39.9323	2897.7236	8531.7588
24E_F3_2_FITC.tif	Positive	Positive	PathAnnotationObject	Polygon	389.71	579.34	11.7643	14.3025	0.7227	5.692	3.0132	0.8861	29.5455	975	9.846	45	10	35	81.3636	2685	7.2793	97	66	31	0.7576	25	1.5006	6	0	6	74.8994	32.5419	0.8888	12.6028	7.9235	0.7537	18.2959	10.4614	45	0	51.2143	20.5862	97	18	0.4184	1.5879	17	0	16.0184	9.0325	39	0	45.1104	16.6433	84	18	0.3497	1.6007	17	0	0.1509	4	69.8077	57.1722	161.3261	3.5602	2232.0688	8531.7588
24E_F3_2_FITC.tif	Positive	Positive	PathAnnotationObject	Polygon	374.37	583.91	39.9986	37.6204	0.3551	14.0904	5.6598	0.9388	34.3774	3644	11.1077	59	9	50	77.6604	8232	7.1152	89	57	32	0.4057	43	1.1529	6	0	6	169.0138	56.6681	0.6614	22.8183	10.9983	0.8942	22.9103	11.9509	59	1	56.4253	17.2247	89	21	0.3678	1.1084	8	0	19.2158	9.6591	53	1	49.5836	13.5532	83	21	0.3556	1.0952	8	0	0.2458	6	54.2912	8.2728	154.4389	4.4847	97.3036	257.1357
24E_F3_2_FITC.tif	Positive	Positive	PathAnnotationObject	Polygon	384.04	583.41	3.9214	7.5994	0.8533	3.1555	1.6387	0.7764	36.1667	434	7.6851	45	23	22	85.4167	1025	6.5845	98	75	23	1.5833	19	3.2602	11	0	11	17.2543	18.912	0.6062	8.0208	2.6621	0.9523	30.1458	10.3554	48	5	72.3125	11.1014	98	50	0.4375	1.7247	11	0	28.1389	10.4339	48	5	67.9444	8.5655	82	50	0.0556	0.2323	1	0	0.1848	5	26.9485	5.2438	113.8261	3.1557	36.1176	126.6426
24E_F3_2_FITC.tif	Positive	Positive	PathAnnotationObject	Polygon	379.29	581	0.3921	2.9712	0.5582	1.1479	0.7017	0	45.3333	136	4.0415	49	41	8	77.6667	233	0.5774	78	77	1	0	0	0	0	0	0	3.1371	6.3716	0.971	2.1881	1.7621	0.5809	43.3	5.4171	50	36	77	1.4907	80	75	0	0	0	0	42.4286	5.9682	50	36	76.7143	1.7043	80	75	0	0	0	0	0.1971	4	4.7455	4.7257	6.3748	3.1557	8.6759	14.3674
