Image	Name	Class	Parent	ROI	Centroid X µm	Centroid Y µm	Nucleus: Area	Nucleus: Perimeter	Nucleus: Circularity	Nucleus: Max caliper	Nucleus: Min caliper	Nucleus: Eccentricity	Nucleus: Red mean	Nucleus: Red sum	Nucleus: Red std dev	Nucleus: Red max	Nucleus: Red min	Nucleus: Red range	Nucleus: Green mean	Nucleus: Green sum	Nucleus: Green std dev	Nucleus: Green max	Nucleus: Green min	Nucleus: Green range	Nucleus: Blue mean	Nucleus: Blue sum	Nucleus: Blue std dev	Nucleus: Blue max	Nucleus: Blue min	Nucleus: Blue range	Cell: Area	Cell: Perimeter	Cell: Circularity	Cell: Max caliper	Cell: Min caliper	Cell: Eccentricity	Cell: Red mean	Cell: Red std dev	Cell: Red max	Cell: Red min	Cell: Green mean	Cell: Green std dev	Cell: Green max	Cell: Green min	Cell: Blue mean	Cell: Blue std dev	Cell: Blue max	Cell: Blue min	Cytoplasm: Red mean	Cytoplasm: Red std dev	Cytoplasm: Red max	Cytoplasm: Red min	Cytoplasm: Green mean	Cytoplasm: Green std dev	Cytoplasm: Green max	Cytoplasm: Green min	Cytoplasm: Blue mean	Cytoplasm: Blue std dev	Cytoplasm: Blue max	Cytoplasm: Blue min	Nucleus/Cell area ratio	Delaunay: Num neighbors	Delaunay: Mean distance	Delaunay: Median distance	Delaunay: Max distance	Delaunay: Min distance	Delaunay: Mean triangle area	Delaunay: Max triangle area
24C_F1_3_FITC.tif	Positive	Positive	PathAnnotationObject	Polygon	766.33	155.59	21.5679	21.1677	0.6049	7.954	4.0366	0.8866	42.4262	2588	9.6565	61	17	44	46.082	2811	6.0945	63	30	33	0.6557	40	1.8698	11	0	11	197.2482	50.581	0.9688	17.8073	13.9535	0.6114	16.7976	13.9332	61	0	26.7659	10.0286	63	3	0.375	1.173	11	0	13.2686	10.2537	50	0	24.1061	7.1294	50	3	0.3363	1.0387	9	0	0.1064	7	324.2221	134.4695	713.9224	34.6357	10412.21	47214.4883
24C_F1_3_FITC.tif	Positive	Positive	PathAnnotationObject	Polygon	792.69	177.45	12.5486	14.0951	0.7937	5.5831	3.3869	0.708	9.3056	335	5.6052	19	0	19	46.9722	1691	8.4057	66	30	36	0.6389	23	1.6063	7	0	7	141.1716	42.9163	0.9632	15.0466	12.469	0.4726	9.1579	5.4686	24	0	23.8227	10.2343	66	6	0.3546	1.2072	9	0	9.1415	5.4618	24	0	21.2585	6.5273	45	6	0.3231	1.1535	9	0	0.087	3	20.4427	15.5623	34.6357	11.1301	88.157	166.8169
24C_F1_3_FITC.tif	Positive	Positive	PathAnnotationObject	Polygon	805.29	186.62	14.5093	14.3565	0.8846	5.4227	3.4876	0.7469	18.5789	706	4.9354	29	8	21	59.7368	2270	11.1299	80	38	42	1.7105	65	2.4814	8	0	8	156.4652	45.13	0.9654	15.444	13.2751	0.3979	14.2925	10.0678	47	0	27.7325	15.2174	80	1	0.595	1.4128	8	0	13.8425	10.3632	47	0	24.3729	11.1406	58	1	0.4779	1.1959	7	0	0.0834	5	89.5138	50.1693	233.8126	14.6604	1887.2188	8414.0674
24C_F1_3_FITC.tif	Positive	Positive	PathAnnotationObject	Polygon	790.61	189.16	15.6857	14.878	0.8905	5.6684	3.6604	0.689	8.4186	362	4.1532	17	1	16	54.186	2330	13.5862	87	32	55	1.3953	60	3.0248	14	0	14	151.3674	45.6605	0.9123	15.4731	12.719	0.5126	10.5711	6.863	32	0	22.2455	13.9915	87	3	0.3514	1.2737	14	0	10.8401	7.088	32	0	18.2529	7.336	48	3	0.2209	0.7427	5	0	0.1006	5	61.6182	41.3493	122.9469	11.1301	658.2316	2361.7412
24C_F1_3_FITC.tif	Positive	Positive	PathAnnotationObject	Polygon	716.84	278.71	5.8822	9.0195	0.9086	3.3036	2.2403	0.7113	11.4706	195	5.8536	18	1	17	53.4706	909	5.3516	63	45	18	1.4118	24	2.7852	10	0	10	78.0366	32.0756	0.9531	11.8011	8.767	0.6574	9.0402	5.5966	25	0	33.0352	11.6988	64	2	0.6181	1.8654	11	0	8.8132	5.5342	25	0	31.1264	10.2127	64	2	0.544	1.7482	11	0	0.0691	5	196.8284	134.4695	480.3976	8.5301	10788.8018	27936.4473
24C_F1_3_FITC.tif	Positive	Positive	PathAnnotationObject	Polygon	718.77	289.44	50.9786	37.7681	0.4491	12.6008	6.7965	0.8684	9.709	1301	5.9696	23	0	23	56.0373	7509	8.1558	74	36	38	0.7388	99	1.6855	9	0	9	260.3833	63.3276	0.8159	22.4553	16.9625	0.6802	9.2764	5.3772	23	0	33.7825	14.4559	74	9	0.571	1.4627	9	0	9.1667	5.2166	23	0	28.1345	9.3502	59	9	0.5284	1.3991	9	0	0.1982	7	130.0589	133.3643	237.8503	8.5301	3447.6707	10394.5195
24C_F1_3_FITC.tif	Positive	Positive	PathAnnotationObject	Polygon	95.25	403.09	7.8429	11.2039	0.7851	4.4282	2.5101	0.7899	22.1304	509	8.047	42	11	31	62.4783	1437	5.961	73	52	21	0.7391	17	1.8145	6	0	6	58.4294	29.2938	0.8556	10.9298	8.1408	0.6591	21.7895	7.3499	42	4	47.4737	8.9502	73	33	0.3092	1.0436	6	0	21.7287	7.2508	38	4	44.7985	6.3816	61	33	0.2326	0.8245	5	0	0.1179	4	181.581	4.5296	713.9224	3.3423	161.4924	470.5573
24C_F1_3_FITC.tif	Positive	Positive	PathAnnotationObject	Polygon	103.34	403.05	8.235	11.6463	0.763	3.8694	3.1055	0.6178	31.25	750	6.7001	47	20	27	60.8333	1460	3.9195	71	54	17	0.875	21	2.0068	7	0	7	59.2137	29.6687	0.8453	11.0884	8.1531	0.6396	24.6039	6.9887	47	9	50.9026	6.8759	71	31	0.4026	1.2604	7	0	23.3769	6.3396	46	9	49.0692	5.6214	64	31	0.3154	1.0568	7	0	0.1287	7	178.09	138.4799	710.2086	3.7676	7130.8867	47214.4883
24C_F1_3_FITC.tif	Positive	Positive	PathAnnotationObject	Polygon	94.61	410.32	4.7057	7.6992	0.9976	2.752	2.204	0.5711	20.7143	290	3.0237	26	15	11	60.0714	841	5.5948	71	50	21	0.5714	8	1.6508	6	0	6	38.4301	23.0909	0.9057	7.6805	6.5389	0.4727	7.9703	8.4846	26	0	32.8911	16.7702	71	9	0.2376	0.8961	6	0	5.9195	7.1856	26	0	28.5172	13.5156	59	9	0.1839	0.7076	4	0	0.1003	3	4.737	3.9182	6.9505	3.3423	6.4546	6.5473
24C_F1_3_FITC.tif	Positive	Positive	PathAnnotationObject	Polygon	100.85	409.14	7.0586	9.5852	0.9654	3.3386	2.5205	0.6063	20.2	404	7.5436	34	11	23	62.7	1254	3.5258	70	57	13	0.65	13	1.268	4	0	4	15.2936	16.9483	0.6691	7.2988	2.9195	0.9087	20.6667	7.2941	36	11	57.4762	6.6268	70	43	0.6429	1.3937	6	0	21.0909	7.2105	36	13	52.7273	4.9874	64	43	0.6364	1.5289	6	0	0.4505	4	4.1852	3.9279	5.1173	3.7676	6.137	7.3727
24C_F1_3_FITC.tif	Positive	Positive	PathAnnotationObject	Polygon	103.54	413.49	6.6664	10.2548	0.7966	3.671	2.7617	0.6209	5.5714	117	5.3063	17	0	17	60.3333	1267	2.556	65	55	10	0.0476	1	0.2182	1	0	1	87.8401	36.1605	0.8442	13.2304	8.7648	0.7508	10.8943	9.0977	41	0	44.7048	12.1973	65	9	0.207	0.9005	7	0	11.4369	9.2358	41	0	43.1117	11.6536	65	9	0.2233	0.9415	7	0	0.076	6	71.412	70.473	139.655	3.9377	183.1464	442.3156
24C_F1_3_FITC.tif	Positive	Positive	PathAnnotationObject	Polygon	774.85	418.7	12.9407	16.5045	0.597	5.4858	3.1614	0.8683	31.5833	1137	8.0013	45	13	32	59.4167	2139	3.1657	68	53	15	0.1944	7	0.7099	4	0	4	165.4845	46.0945	0.9787	15.8083	13.5964	0.4928	26.1655	8.4624	52	4	50.5106	7.678	71	30	0.3026	1.1346	9	0	25.6615	8.3363	52	4	49.6822	7.4469	71	30	0.3127	1.1664	9	0	0.0718	5	107.0563	60.3722	233.8126	48.3006	3297.6567	8414.0674
24C_F1_3_FITC.tif	Positive	Positive	PathAnnotationObject	Polygon	727.17	418.84	21.5679	21.3944	0.5921	7.8786	3.8599	0.8635	8.678	512	4.7541	18	0	18	59.8983	3534	6.8775	74	42	32	0.8305	49	2.1022	10	0	10	148.6224	48.6827	0.788	18.026	10.7898	0.825	8.2368	5.2042	26	0	39.6026	13.7629	74	13	0.4	1.2319	10	0	8.1558	5.2857	26	0	35.8723	11.2188	67	13	0.3209	0.9778	7	0	0.1435	3	61.5584	48.3006	131.1671	5.2075	1159.3691	3166.0366
24C_F1_3_FITC.tif	Positive	Positive	PathAnnotationObject	Polygon	721.96	425.77	11.7643	14.3005	0.7229	5.6338	2.707	0.885	8.5152	281	3.8981	17	2	15	60.2121	1987	8.2756	78	46	32	1.4242	47	2.5984	9	0	9	93.7223	37.6387	0.8313	13.9687	9.1485	0.7684	5.7243	4.3	17	0	32.679	14.227	78	8	0.321	1.1408	9	0	5.2857	4.2023	17	0	28.3524	9.24	60	8	0.1476	0.5008	3	0	0.1179	6	83.7773	75.0725	160.4587	5.2075	3268.0483	10394.5195
24C_F1_3_FITC.tif	Positive	Positive	PathAnnotationObject	Polygon	748.31	473.13	19.6072	17.8996	0.769	6.445	4.1102	0.8071	14.463	781	6.0586	29	4	25	60.3148	3257	10.026	80	41	39	1.2037	65	2.0775	9	0	9	182.7389	48.7054	0.968	16.5004	13.9373	0.5041	11.367	6.5494	31	0	30.2382	14.7708	80	4	0.6352	1.4635	10	0	10.9612	6.5095	31	0	26.2961	9.9725	50	4	0.5607	1.3486	10	0	0.1082	4	73.587	69.3229	100.3664	55.3357	1309.6191	2165.0879
24C_F1_3_FITC.tif	Positive	Positive	PathAnnotationObject	Polygon	571.18	473.38	14.9015	20.7915	0.4332	7.694	3.7307	0.9131	14.7045	647	5.5051	31	6	25	56.0227	2465	5.0278	73	50	23	1.0909	48	2.7687	13	0	13	130.9759	45.6801	0.7888	16.773	10.7881	0.8044	10.2463	6.2456	31	0	35.8813	14.1593	73	8	0.6024	1.6892	13	0	9.5768	6.0809	27	0	32.8567	12.5166	68	8	0.529	1.4536	10	0	0.1168	12	122.7813	83.1537	291.5385	3.5304	4211.7778	27936.4473
24C_F1_3_FITC.tif	Positive	Positive	PathAnnotationObject	Polygon	218.31	473.53	6.2743	9.3142	0.9088	3.5427	2.003	0.7374	21.6111	389	4.474	28	15	13	55.6667	1002	2.1144	62	52	10	0.2222	4	0.7321	3	0	3	49.8022	27.4774	0.8289	9.3729	7.7349	0.2804	20.9924	6.643	41	6	49.0152	7.4588	64	31	0.197	0.7661	5	0	20.8947	6.9338	41	6	47.9649	7.4607	64	31	0.193	0.7743	5	0	0.0998	6	57.223	31.2499	138.4799	3.8612	429.2962	1730.1575
24C_F1_3_FITC.tif	Positive	Positive	PathAnnotationObject	Polygon	226.3	474.38	10.5879	12.926	0.7963	5.065	2.7225	0.8401	17.9355	556	5.7789	32	10	22	60.4839	1875	6.5619	74	50	24	0.3226	10	1.0128	5	0	5	62.3508	29.4292	0.9047	10.6719	7.781	0.6286	13.1553	7.3472	34	0	41.9627	11.5796	74	23	0.2733	1.0723	8	0	12.0154	7.2379	34	0	37.5462	7.3623	66	23	0.2615	1.0894	8	0	0.1678	4	16.2103	5.0632	50.2778	4.4372	39.7102	123.4435
24C_F1_3_FITC.tif	Positive	Positive	PathAnnotationObject	Polygon	273.43	477.69	16.8622	16.148	0.8126	6.2525	3.6805	0.7924	27.6042	1325	7.6457	42	11	31	64.1042	3077	6.5533	77	47	30	0.875	42	1.8291	8	0	8	95.2909	37.9995	0.8293	15.0257	9.1629	0.7789	17.0968	8.7793	42	0	37.8952	16.3882	77	8	0.3508	1.1462	8	0	14.575	6.9885	37	0	31.605	10.8516	69	8	0.225	0.8707	6	0	0.1776	6	58.8729	49.5034	189.2844	4.4835	354.4318	1730.1575
24C_F1_3_FITC.tif	Positive	Positive	PathAnnotationObject	Polygon	219.14	479.11	8.6272	13.1602	0.626	5.0145	2.666	0.8773	21.4231	557	7.6324	42	7	35	60.9615	1585	4.4315	71	54	17	0.6154	16	1.2354	4	0	4	30.5872	25.2868	0.6011	9.9896	4.1023	0.9413	21.5122	9.6061	46	1	53.0732	7.8878	71	37	0.439	1.258	7	0	21.5536	10.4602	46	1	49.4107	6.2951	61	37	0.3571	1.2711	7	0	0.2788	5	4.7209	4.4372	5.7174	3.8612	8.5851	10.8446
24C_F1_3_FITC.tif	Positive	Positive	PathAnnotationObject	Polygon	281.07	477.46	10.98	14.5595	0.6509	5.8891	2.9767	0.857	25.8125	826	4.5112	36	15	21	64.1562	2053	7.2828	81	48	33	0.5938	19	1.7935	8	0	8	47.0572	28.1975	0.7437	10.9231	6.1633	0.8542	19.2439	8.9748	38	3	42.5772	18.0659	81	10	0.7236	1.8075	8	0	16.9341	9.0244	38	3	34.989	14.1551	63	10	0.7692	1.8201	8	0	0.2534	8	196.4359	99.9555	584.8002	4.4047	12262.1152	47214.4883
24C_F1_3_FITC.tif	Positive	Positive	PathAnnotationObject	Polygon	573.93	479.8	4.3136	7.6003	0.9384	2.6963	2.167	0.6847	9.8462	128	3.8697	19	5	14	55.5385	722	4.5206	65	49	16	0.9231	12	2.06	7	0	7	27.8422	20.2617	0.8522	7.352	5.1911	0.7718	11.84	5.5679	26	1	40.9067	11.0968	65	17	0.48	1.6794	10	0	12.2581	5.7998	26	1	37.8387	9.4958	56	17	0.3871	1.5926	10	0	0.1429	4	55.3393	53.7879	110.2509	3.5304	400.8975	1240.7916
24C_F1_3_FITC.tif	Positive	Positive	PathAnnotationObject	Polygon	570.69	482.47	5.49	8.8026	0.8903	3.3402	2.2325	0.6114	17.4118	296	5.3742	24	5	19	56.4706	960	4.4034	67	50	17	0.8824	15	1.8331	6	0	6	24.705	20.9953	0.7043	8.524	3.2472	0.9238	16.7846	4.8654	27	5	43.3846	11.2176	67	18	0.3692	1.3178	7	0	16.5625	4.7126	27	8	38.75	8.9929	57	18	0.1875	1.0449	7	0	0.2183	5	28.4744	6.3777	104.9925	3.699	280.5764	1189.6276
24C_F1_3_FITC.tif	Positive	Positive	PathAnnotationObject	Polygon	229.37	482.02	10.5879	11.8983	0.9398	4.1675	2.9802	0.6569	25.6897	745	7.1319	39	13	26	62.3103	1807	5.6195	77	52	25	0.5172	15	1.7448	9	0	9	51.3708	28.3927	0.8008	9.5399	8.1595	0.3173	14.5448	8.689	39	0	41.8284	12.7648	77	20	0.2761	1.1398	9	0	11.4667	6.2173	33	0	36.1714	7.1124	67	20	0.2095	0.9061	6	0	0.1958	6	27.1715	27.1281	50.5207	3.462	73.8899	129.106
24C_F1_3_FITC.tif	Positive	Positive	PathAnnotationObject	Polygon	216.76	484.06	5.8822	10.0425	0.7329	3.6269	2.5456	0.6198	21.0526	400	5.3487	29	12	17	57.9474	1101	7.3671	71	40	31	0.6842	13	1.2933	4	0	4	45.4886	26.2723	0.8282	9.1914	7.1406	0.6649	11.8917	8.7397	35	0	35.3917	14.5373	75	12	0.3083	1.0753	9	0	10.1683	8.1732	35	0	31.1485	11.2636	75	12	0.2376	1.0213	9	0	0.1385	5	31.2019	4.6322	136.9829	2.9685	110.2	442.3156
24C_F1_3_FITC.tif	Positive	Positive	PathAnnotationObject	Polygon	284.75	481.04	7.8429	10.1911	0.949	3.5902	2.7516	0.6351	15.5455	342	4.3064	24	10	14	66.5909	1465	6.1308	76	54	22	0.3182	7	0.7162	2	0	2	34.9008	22.2141	0.8888	8.4659	4.7232	0.8066	11.0769	8.0791	35	0	41.8901	19.2206	76	12	0.3407	0.8462	4	0	9.6522	8.4936	35	0	34.0145	14.7314	68	12	0.3478	0.8883	4	0	0.225	7	110.8052	103.4091	288.1498	4.3723	1813.9873	6400.4814
24C_F1_3_FITC.tif	Positive	Positive	PathAnnotationObject	Polygon	225.7	486.92	8.6272	11.9125	0.764	4.4434	2.909	0.8037	26.913	619	4.8889	35	20	15	61.4783	1414	4.5912	69	52	17	0.913	21	1.6213	7	0	7	37.6458	25.288	0.7398	9.4042	6.1436	0.8067	14.52	10.8269	40	0	43.77	12.0896	69	22	0.4	1.1282	7	0	10.8182	9.242	40	0	38.4805	7.813	58	22	0.2468	0.8908	5	0	0.218	5	13.8691	4.6322	52.409	3.1247	27.3459	74.6249
24C_F1_3_FITC.tif	Positive	Positive	PathAnnotationObject	Polygon	564.48	484.92	10.1957	14.8421	0.5816	5.4283	3.1938	0.8489	12.2581	380	7.9999	29	0	29	56.0645	1738	6.663	69	41	28	1.4839	46	2.3363	7	0	7	109.0159	39.76	0.8666	14.6942	9.1026	0.7537	12.306	7.2348	29	0	38.3416	13.8178	69	5	0.4057	1.3144	8	0	12.312	7.1517	29	0	36.144	12.8608	60	5	0.272	1.0595	8	0	0.1016	5	13.2509	12.7216	20.0243	4.4952	21.9792	50.992
24C_F1_3_FITC.tif	Positive	Positive	PathAnnotationObject	Polygon	273.61	485.8	8.235	11.8476	0.7373	4.4262	2.3482	0.8609	23.5	611	6.6708	39	13	26	64.8462	1686	5.7598	74	50	24	0.5	13	1.1402	4	0	4	34.5086	24.9276	0.6979	9.6209	4.8312	0.885	15.8889	8.2291	39	2	44.8778	16.4746	74	20	0.2	0.7063	4	0	12.7969	6.6623	30	2	36.7656	11.7834	63	20	0.0781	0.3697	2	0	0.2437	5	13.9137	5.3272	49.561	3.9609	51.6962	129.106
24C_F1_3_FITC.tif	Positive	Positive	PathAnnotationObject	Polygon	280.58	486.33	10.1957	14.6636	0.5959	5.0551	3.7449	0.748	27.8387	863	6.0668	39	14	25	66.3226	2056	2.9932	74	62	12	0.3871	12	0.8437	3	0	3	18.8229	16.4774	0.8712	6.1157	4.4797	0.7072	28.8431	7.2205	45	13	64.0196	4.4833	74	54	0.3529	0.8677	3	0	30.4	8.6536	45	13	60.45	4.0843	70	54	0.3	0.9234	3	0	0.555	6	4.9326	4.6785	6.3099	4.156	10.1656	13.4264
24C_F1_3_FITC.tif	Positive	Positive	PathAnnotationObject	Polygon	220.41	488.19	2.3529	5.4153	1	1.8847	1.542	0.6325	17.75	142	4.8624	25	11	14	61.75	494	3.9551	69	57	12	0.75	6	1.0351	3	0	3	27.8422	19.9892	0.8756	7.0681	5.3294	0.6381	12.96	6.161	29	1	34.44	15.9104	69	12	0.24	0.6333	3	0	12.3881	6.0777	29	1	31.1791	13.4524	59	12	0.1791	0.5484	3	0	0.0751	6	69.9792	57.0753	159.9765	2.9685	318.794	1417.3816
24C_F1_3_FITC.tif	Positive	Positive	PathAnnotationObject	Polygon	288.13	488.06	10.98	14.9502	0.6173	5.1293	3.7366	0.7357	19.5	663	6.7834	31	9	22	64.6176	2197	7.1521	81	50	31	0.8529	29	2.0171	10	0	10	82.7423	34.922	0.8526	13.5474	8.7658	0.7667	13.3611	6.914	31	0	41.3056	13.7181	81	18	0.4167	1.2398	10	0	12.2143	6.324	30	0	36.9506	9.6464	64	18	0.3352	1.0207	7	0	0.136	4	28.9245	5.9242	98.6549	5.1947	103.4276	286.309
24C_F1_3_FITC.tif	Positive	Positive	PathAnnotationObject	Polygon	274.47	490.35	5.49	8.355	0.9883	2.965	2.4106	0.1964	21.4667	322	6.1975	27	6	21	62.5333	938	6.4793	70	45	25	0.6667	10	1.2344	4	0	4	27.8422	21.4083	0.7634	8.2772	4.428	0.8755	12.9189	7.5594	28	1	35.0811	18.4582	70	13	0.2838	0.7498	4	0	10.7458	6.2411	28	1	28.1017	13.1997	63	13	0.1864	0.5406	3	0	0.1685	6	28.4583	27.5551	55.1773	3.9609	44.9239	96.0751
24C_F1_3_FITC.tif	Positive	Positive	PathAnnotationObject	Polygon	279.73	493.08	8.6272	14.1695	0.54	5.7203	2.3737	0.9254	23.2	580	9.9289	39	3	36	59.24	1481	5.6442	69	48	21	0.88	22	2.068	9	0	9	60.7822	30.0067	0.8483	11.0517	7.5123	0.7273	15.327	8.6394	39	1	39.566	13.0484	69	15	0.4088	1.3275	9	0	13.8582	7.5535	38	1	35.8955	10.4969	59	15	0.3209	1.1279	8	0	0.1217	6	46.7549	32.7106	105.231	4.0927	311.4767	1417.3816
24C_F1_3_FITC.tif	Positive	Positive	PathAnnotationObject	Polygon	557.9	491.49	7.8429	12.788	0.6027	5.0363	2.647	0.8986	15	390	5.8378	25	7	18	54.6154	1420	4.3458	62	46	16	0.6154	16	1.2985	5	0	5	74.8994	32.9599	0.8664	12.1567	8.8687	0.6414	14.2969	7.8467	38	0	39.2031	13.1271	63	11	0.4583	1.2856	8	0	14.1867	8.1252	38	0	36.7892	12.3822	63	11	0.4337	1.2858	8	0	0.1126	3	8.9399	7.3704	12.7216	6.7277	16.9973	25.233
24C_F1_3_FITC.tif	Positive	Positive	PathAnnotationObject	Polygon	550.51	496.17	12.5486	15.5333	0.6536	6.0166	3.3445	0.8497	31.1707	1278	6.2044	41	19	22	57	2337	7.5664	76	43	33	1	41	2.1909	10	0	10	61.5665	30.1955	0.8485	10.6479	7.8228	0.6012	19	12.5143	44	0	35.4506	18.1166	76	6	0.4136	1.3312	10	0	14.876	11.381	44	0	28.1488	14.4514	60	6	0.2149	0.7875	5	0	0.2079	6	12.5034	6.8371	30.2701	5.5229	20.7196	50.992
24C_F1_3_FITC.tif	Positive	Positive	PathAnnotationObject	Polygon	559.77	500.62	23.5286	23.782	0.5228	8.3127	4.2365	0.8939	26.5821	1781	10.7198	45	4	41	61.8507	4144	6.5788	76	40	36	0.6418	43	1.9672	12	0	12	100.3887	39.1301	0.8239	13.6028	9.5327	0.6973	12.0233	12.3861	45	0	33.7132	21.6285	76	5	0.3488	1.2137	12	0	6.9162	8.163	43	0	23.8429	15.5112	67	5	0.2461	0.7795	4	0	0.2361	7	25.8302	10.9056	109.9332	5.529	232.2647	1189.6276
24C_F1_3_FITC.tif	Positive	Positive	PathAnnotationObject	Polygon	545.69	500.51	8.6272	11.3045	0.8484	4.3	2.8052	0.7008	19.0385	495	5.793	32	8	24	61.6923	1604	7.4123	73	46	27	0.9615	25	1.7316	5	0	5	36.4693	23.0578	0.862	8.3748	5.1983	0.7805	11.3814	8.2632	32	0	35.8866	19.781	73	10	0.3299	1.048	5	0	8.5775	7.2045	29	0	26.4366	13.382	59	10	0.0986	0.4827	3	0	0.227	7	12.8679	5.5229	35.7222	3.7932	15.4211	50.8558
24C_F1_3_FITC.tif	Positive	Positive	PathAnnotationObject	Polygon	553.67	506.26	13.725	16.5196	0.632	5.4653	4.1504	0.593	27.4737	1044	7.2064	39	11	28	65.8684	2503	7.4186	78	49	29	0.4474	17	1.1076	5	0	5	40.3908	26.0427	0.7484	10.3973	5.0184	0.8761	15.5619	12.5115	41	0	39.181	24.8692	78	5	0.3238	0.8825	5	0	8.806	9.4616	41	0	24.0448	17.3515	68	5	0.2537	0.725	3	0	0.3176	5	5.3089	5.4253	6.3245	3.7918	9.5284	15.6935
24C_F1_3_FITC.tif	Positive	Positive	PathAnnotationObject	Polygon	548.44	505.44	3.9214	8.0295	0.7643	3.0294	2.027	0.7673	18.5	222	7.693	31	8	23	72.5833	871	6.2006	87	66	21	1.3333	16	2.8391	9	0	9	7.0586	11.1122	0.7183	3.8953	2.837	0.6016	20.1	7.3549	33	8	69.25	7.2828	87	54	0.8	2.2618	9	0	22.5	6.5465	33	16	64.25	5.994	75	54	0	0	0	0	0.5148	5	3.9704	3.7932	4.519	3.3642	7.12	8.4082
24C_F1_3_FITC.tif	Positive	Positive	PathAnnotationObject	Polygon	543.62	504.7	2.3529	5.664	0.9216	2.1203	1.456	0.7454	21.375	171	4.5962	27	13	14	61.625	493	5.1807	69	55	14	1.5	12	2	5	0	5	14.1172	16.1224	0.6825	6.9401	3.0806	0.8872	22.0714	7.0448	34	5	46.8095	13.8057	69	21	0.619	1.5919	7	0	22.2353	7.5521	34	5	43.3235	12.8599	62	21	0.4118	1.438	7	0	0.1214	5	5.721	4.416	10.0397	4.3238	7.4593	9.3935
24C_F1_3_FITC.tif	Positive	Positive	PathAnnotationObject	Polygon	678.19	507.35	9.4114	11.9591	0.8269	4.4299	2.7249	0.7549	29.3077	762	5.8704	38	16	22	63.9231	1662	7.4239	81	51	30	0.7692	20	1.9038	6	0	6	140.3874	42.6902	0.968	14.4829	11.8981	0.4918	21.1361	10.6387	41	0	45.5583	16.6709	81	5	0.4167	1.3677	12	0	20.5	10.6683	41	0	44.1287	16.3431	77	5	0.3892	1.3168	12	0	0.0592	5	83.884	94.8092	111.9035	24.1829	1842.4556	5197.9678
24C_F1_3_FITC.tif	Positive	Positive	PathAnnotationObject	Polygon	539.49	507.1	23.9208	19.1078	0.8233	6.6991	4.947	0.6632	25.7647	1752	8.6112	46	10	36	57.8529	3934	6.4906	72	41	31	0.3971	27	1.0387	5	0	5	66.6644	32.6545	0.7856	11.7183	7.5203	0.8167	16.7586	11.7173	47	0	39.1437	18.8335	72	11	0.2184	0.7817	5	0	10.9811	9.6263	47	0	27.1415	13.6168	62	11	0.1038	0.5333	4	0	0.3715	5	5.3837	5.6017	6.0754	4.416	9.4397	13.0391
24C_F1_3_FITC.tif	Positive	Positive	PathAnnotationObject	Polygon	547.97	511.81	10.1957	14.138	0.641	5.8502	2.5115	0.922	23.6333	709	7.7969	36	10	26	63.3333	1900	9.7991	80	40	40	0.4333	13	1.1043	5	0	5	30.195	24.6836	0.6228	10.2666	4.4108	0.934	16.6667	9.1624	36	3	37.321	26.5141	80	3	0.1852	0.7265	5	0	12.5686	7.2671	35	3	22.0196	20.5985	72	3	0.0392	0.2801	2	0	0.3216	5	4.7071	4.519	5.8543	3.2368	8.2286	13.0391
24C_F1_3_FITC.tif	Positive	Positive	PathAnnotationObject	Polygon	551.69	510.83	4.3136	7.1215	1	2.5476	1.8715	0.7243	17.5	210	7.4772	27	3	24	56.8333	682	8.9527	69	40	29	1	12	2.3741	7	0	7	22.3522	18.7213	0.8014	7.4069	3.8376	0.8339	9.6721	6.5796	27	0	21.3279	19.4566	69	1	0.5246	1.3977	7	0	7.7551	4.7149	16	0	12.6327	7.9049	34	1	0.4082	1.0392	5	0	0.1604	6	24.3556	6.7446	115.138	3.2368	156.1699	538.6045
24C_F1_3_FITC.tif	Positive	Positive	PathAnnotationObject	Polygon	534.99	510.13	6.2743	9.2545	0.9206	3.214	2.4508	0.4096	19.2941	328	2.8889	25	15	10	54.7059	930	5.3824	61	44	17	0.2941	5	0.686	2	0	2	22.7443	20.3482	0.6903	8.1031	3.484	0.9098	15.1094	5.2828	25	4	34.9062	18.5513	61	5	0.1719	0.8272	6	0	13.5957	5.1485	25	4	27.7447	16.2474	59	5	0.1277	0.8752	6	0	0.2165	5	7.5771	5.7381	15.3464	3.2221	6.314	9.1049
24C_F1_3_FITC.tif	Positive	Positive	PathAnnotationObject	Polygon	544.29	516.23	13.725	14.3948	0.8324	5.4505	3.3768	0.8337	20.3514	753	9.2892	33	0	33	56.4865	2090	6.049	66	43	23	0.1081	4	0.4585	2	0	2	47.8415	25.9541	0.8925	8.8864	6.8634	0.6058	12.8968	9.2562	37	0	30.8016	21.4849	66	1	0.1111	0.4237	2	0	9.7978	7.3022	37	0	20.1236	15.7486	58	1	0.1124	0.4112	2	0	0.2763	6	25.7377	7.2783	121.1698	4.8225	130.4137	377.4595
24C_F1_3_FITC.tif	Positive	Positive	PathAnnotationObject	Polygon	531.82	512.23	7.0586	9.6156	0.9593	3.4217	2.7496	0.4063	16.75	335	6.4144	26	7	19	53.4	1068	4.3091	61	44	17	0.2	4	0.6156	2	0	2	27.45	21.2912	0.7609	8.2835	3.8759	0.8978	11.5811	6.6867	26	0	32.9054	17.6085	61	11	0.1081	0.4553	2	0	9.6667	5.7462	24	0	25.3148	14.2549	56	11	0.0741	0.3813	2	0	0.2402	10	51.6685	9.0245	252.2076	3.5391	1045.6261	6400.4814
24C_F1_3_FITC.tif	Positive	Positive	PathAnnotationObject	Polygon	538.43	514.91	6.6664	11.8937	0.5922	5.1712	2.1402	0.9172	20.4286	429	9.8263	38	8	30	60.5238	1271	1.4359	63	58	5	0.1905	4	0.5118	2	0	2	10.5879	12.8206	0.8095	5.1417	2.7485	0.8545	22.0333	9.3347	38	8	59.2333	2.8489	63	52	0.3667	0.7649	3	0	25.7778	7.2072	37	14	56.2222	3.1136	63	52	0.7778	1.0929	3	0	0.6889	5	4.8911	5.1355	6.0754	3.2221	10.0521	12.8318
24C_F1_3_FITC.tif	Positive	Positive	PathAnnotationObject	Polygon	529.65	519.58	19.215	24.6872	0.3962	8.1112	4.9404	0.7839	18.2963	988	6.6151	33	4	29	55.9444	3021	5.1448	67	39	28	0.3519	19	1.0489	5	0	5	94.8987	44.9557	0.5901	18.1069	7.0259	0.9438	12.8653	7.7778	33	0	38.1306	16.9306	67	5	0.2163	0.8237	6	0	11.3298	7.3978	32	0	33.0942	15.6539	61	5	0.178	0.7467	6	0	0.1975	4	5.1482	5.9604	6.2378	2.4344	8.5192	15.8023
24C_F1_3_FITC.tif	Positive	Positive	PathAnnotationObject	Polygon	538.18	521.24	16.47	19.708	0.5329	6.5309	4.9533	0.1874	27.0667	1218	10.0508	43	1	42	59.2667	2667	6.8071	78	44	34	0.6667	30	1.9188	9	0	9	67.8408	33.5536	0.7572	11.7574	8.8627	0.5871	15.0114	12.1565	43	0	32.9543	21.2362	78	7	0.5143	1.4577	9	0	10.8385	9.8302	36	0	23.8462	16.3515	60	7	0.4615	1.2646	6	0	0.2399	7	24.1874	6.216	127.6003	3.9427	77.6992	364.4269
24C_F1_3_FITC.tif	Positive	Positive	PathAnnotationObject	Polygon	532.66	518.31	1.9607	4.6132	1	1.6371	1.2402	0	15.3333	92	4.0825	20	9	11	59.8333	359	5.9133	71	56	15	2.5	15	4.4609	11	0	11	4.3136	7.2016	1	2.7801	1.8119	0.6847	16.8333	4.0189	22	9	56.3333	5.63	71	49	1.25	3.2787	11	0	18.3333	3.6697	22	13	52.8333	2.3166	56	49	0	0	0	0	0.3469	3	3.5474	3.9427	4.2651	2.4344	5.2674	8.3183
24C_F1_3_FITC.tif	Positive	Positive	PathAnnotationObject	Polygon	523.8	523.53	8.6272	12.3055	0.7159	4.3437	2.8743	0.7549	14.0385	365	6.4279	25	3	22	53.3462	1387	6.3996	71	42	29	1.4615	38	2.8317	11	0	11	95.2909	37.4482	0.8539	14.0713	8.9328	0.769	9.7429	6.5589	30	0	35.7592	11.9272	71	10	0.4735	1.4781	11	0	9.2329	6.3992	30	0	33.6712	10.6423	57	10	0.3562	1.1813	8	0	0.0856	5	62.6124	11.833	144.7248	6.2378	458.6193	1948.2979
24C_F1_3_FITC.tif	Positive	Positive	PathAnnotationObject	Polygon	663.55	526.63	11.7643	13.333	0.8316	4.7198	3.5569	0.7254	20.3235	691	6.0087	36	8	28	68.9118	2343	8.5329	82	52	30	0.6765	23	1.7006	8	0	8	150.5831	43.7882	0.9869	14.7099	13.1505	0.346	13.4271	6.6206	36	1	49.3516	11.0017	82	24	0.375	1.2369	10	0	12.7571	6.2933	35	1	47.4514	9.2223	72	24	0.3457	1.1815	10	0	0.0811	10	122.7938	112.5356	282.0258	24.1829	723.998	1948.2979
24C_F1_3_FITC.tif	Positive	Positive	PathAnnotationObject	Polygon	367.85	546.71	43.1358	36.2345	0.4129	10.4526	8.8058	0.6736	28.0088	3193	6.0375	41	9	32	81.614	9304	6.9173	98	65	33	0.7105	81	1.8612	11	0	11	185.876	67.1558	0.5179	19.4149	14.9037	0.4775	23.792	7.5843	49	2	64.4895	15.5659	98	26	0.3403	1.2438	11	0	22.4641	7.5427	49	2	59.0967	13.4932	89	26	0.2238	0.9457	7	0	0.234	4	69.1086	56.173	159.9765	4.1118	510.4943	1417.3816
24C_F1_3_FITC.tif	Positive	Positive	PathAnnotationObject	Polygon	365.83	540.18	3.9214	7.9783	0.7742	3.2845	1.5975	0.8924	33.1538	431	6.6439	43	20	23	78.0769	1015	3.9888	87	73	14	0.9231	12	1.9348	6	0	6	34.1165	21.4147	0.9349	7.4698	5.9388	0.5866	23.6517	7.7622	45	11	67.3146	6.4677	87	55	0.236	0.8793	6	0	22.0263	6.731	45	11	65.4737	4.7985	78	55	0.1184	0.4609	3	0	0.1088	6	55.5478	56.9874	103.4091	4.1118	132.7298	286.309
24C_F1_3_FITC.tif	Positive	Positive	PathAnnotationObject	Polygon	377.2	547.02	24.705	21.0709	0.6992	7.885	5.2528	0.7108	28.3529	1928	6.6999	42	15	27	86.6029	5889	10.889	116	62	54	0.6765	46	2.0475	11	0	11	84.3108	43.8244	0.5516	17.5265	6.4772	0.947	20.2055	9.7871	42	0	62.9543	22.3541	116	3	0.3379	1.3495	11	0	16.5364	8.6901	34	0	52.3046	17.4807	77	3	0.1854	0.8359	6	0	0.3072	3	7.6712	7.115	10.1623	5.7363	13.5822	15.5828
24C_F1_3_FITC.tif	Positive	Positive	PathAnnotationObject	Polygon	384.45	545.57	18.4307	21.9394	0.4812	7.1461	3.7367	0.8836	27.6792	1467	8.7832	44	9	35	80.7924	4282	8.9343	95	60	35	1.1698	62	2.2252	9	0	9	132.5445	44.613	0.8369	16.3198	10.0194	0.804	18.764	9.2802	44	0	56.2065	18.5413	95	11	0.3835	1.3191	10	0	17.1119	8.3989	38	0	51.6503	16.1216	82	11	0.2378	1.0119	10	0	0.1293	6	120.0136	131.3116	282.0258	5.7363	1830.1147	6400.4814
