Image	Name	Class	Parent	ROI	Centroid X µm	Centroid Y µm	Nucleus: Area	Nucleus: Perimeter	Nucleus: Circularity	Nucleus: Max caliper	Nucleus: Min caliper	Nucleus: Eccentricity	Nucleus: Red mean	Nucleus: Red sum	Nucleus: Red std dev	Nucleus: Red max	Nucleus: Red min	Nucleus: Red range	Nucleus: Green mean	Nucleus: Green sum	Nucleus: Green std dev	Nucleus: Green max	Nucleus: Green min	Nucleus: Green range	Nucleus: Blue mean	Nucleus: Blue sum	Nucleus: Blue std dev	Nucleus: Blue max	Nucleus: Blue min	Nucleus: Blue range	Cell: Area	Cell: Perimeter	Cell: Circularity	Cell: Max caliper	Cell: Min caliper	Cell: Eccentricity	Cell: Red mean	Cell: Red std dev	Cell: Red max	Cell: Red min	Cell: Green mean	Cell: Green std dev	Cell: Green max	Cell: Green min	Cell: Blue mean	Cell: Blue std dev	Cell: Blue max	Cell: Blue min	Cytoplasm: Red mean	Cytoplasm: Red std dev	Cytoplasm: Red max	Cytoplasm: Red min	Cytoplasm: Green mean	Cytoplasm: Green std dev	Cytoplasm: Green max	Cytoplasm: Green min	Cytoplasm: Blue mean	Cytoplasm: Blue std dev	Cytoplasm: Blue max	Cytoplasm: Blue min	Nucleus/Cell area ratio	Delaunay: Num neighbors	Delaunay: Mean distance	Delaunay: Median distance	Delaunay: Max distance	Delaunay: Min distance	Delaunay: Mean triangle area	Delaunay: Max triangle area
36E_4_FITC.tif	Positive	Positive	PathAnnotationObject	Polygon	195.46	117.14	21.96	24.8368	0.4474	9.1777	5.3196	0.8917	3.9032	242	4.908	23	0	23	42.6936	2647	9.7822	71	23	48	1.629	101	3.1007	14	0	14	213.326	54.0124	0.9189	19.0473	14.4029	0.645	3.4661	4.8404	24	0	19.6349	12.1843	71	1	0.5596	1.6958	14	0	3.4099	4.8339	24	0	16.6749	8.847	42	1	0.4224	1.3648	12	0	0.1077	6	69.8694	50.469	210.4355	16.7962	498.1829	1193.1052
36E_4_FITC.tif	Positive	Positive	PathAnnotationObject	Polygon	406.27	117.65	5.0979	9.0379	0.7843	3.3907	1.9451	0.7644	10.8235	184	4.3766	19	5	14	43.4706	739	7.0367	57	33	24	2.0588	35	3.1319	9	0	9	121.1723	39.2975	0.986	13.2095	11.2718	0.4651	7.1484	5.7056	22	0	27.1935	9.0361	57	7	0.7258	1.8899	11	0	6.9352	5.7068	22	0	26.2491	8.2081	48	7	0.6485	1.77	11	0	0.0433	6	146.5438	132.6755	210.4355	96.7554	3173.0566	5922.6724
36E_4_FITC.tif	Positive	Positive	PathAnnotationObject	Polygon	178.37	120.3	12.1564	15.6122	0.6267	6.5261	2.4348	0.9418	3.3529	114	4.2986	18	0	18	48.3529	1644	12.4751	79	29	50	2.3529	80	4.177	17	0	17	94.1144	40.054	0.7372	13.8914	10.5831	0.5631	2.8537	3.3385	18	0	22.8049	15.3195	79	2	0.6301	2.0377	17	0	2.7736	3.1631	14	0	18.7075	11.2304	54	2	0.3538	1.2401	10	0	0.1203	3	11.2327	7.5713	18.8155	7.3113	43.1826	61.2272
36E_4_FITC.tif	Positive	Positive	PathAnnotationObject	Polygon	168.59	124.35	11.3722	15.325	0.6085	6.4831	2.1994	0.9547	8.7667	263	7.6865	32	0	32	49.8667	1496	9.6552	72	38	34	3.8667	116	6.0614	22	0	22	113.3295	38.1622	0.9779	12.9203	11.2718	0.3806	3.7621	4.4693	32	0	19.0828	13.8269	72	3	0.7931	2.4759	22	0	3.1846	3.5266	13	0	15.5308	8.9699	42	3	0.4385	1.2271	7	0	0.0988	4	42.4127	42.9114	76.2566	7.5713	203.088	356.4326
36E_4_FITC.tif	Positive	Positive	PathAnnotationObject	Polygon	268.34	127.01	26.2736	24.2768	0.5602	9.7034	4.5777	0.9025	4.0435	279	6.1152	26	0	26	64.5652	4455	20.7892	118	26	92	3.971	274	6.1285	26	0	26	165.8767	48.84	0.8739	18.6596	11.0934	0.807	2.4507	3.8174	26	0	21.9883	22.313	118	1	0.7864	2.9631	26	0	2.1429	3.1093	16	0	13.7591	9.6202	52	1	0.1709	0.981	11	0	0.1619	5	66.6146	72.2311	139.5615	5.7074	1283.1858	3783.4341
36E_4_FITC.tif	Positive	Positive	PathAnnotationObject	Polygon	182.98	127.66	9.8036	12.4755	0.7916	5.2399	2.291	0.8893	4.2963	116	6.132	22	0	22	53.6296	1448	12.2196	77	30	47	4.1111	111	6.1976	22	0	22	110.9766	40.1625	0.8646	14.8944	9.5038	0.7772	2.0739	3.1418	22	0	24.1092	13.4074	77	4	1.1232	2.9235	22	0	1.8405	2.5529	12	0	21.0078	9.0545	58	4	0.8093	2.1228	13	0	0.077	5	31.4059	16.7962	85.1213	7.3113	401.7756	1288.4261
36E_4_FITC.tif	Positive	Positive	PathAnnotationObject	Polygon	260.01	131.28	5.8822	9.1664	0.8797	3.5502	2.2249	0.8135	1.8235	31	1.7405	5	0	5	45	765	8.5951	56	30	26	0.5882	10	1.2277	4	0	4	76.468	33.8118	0.8405	12.7068	7.4728	0.8176	3.1378	4.0619	18	0	23.4694	8.5235	56	5	0.3265	1.1438	9	0	3.2626	4.1978	18	0	21.4246	4.9468	38	5	0.3017	1.136	9	0	0.075	5	37.2973	32.2838	67.5686	5.7074	357.5233	843.9753
36E_4_FITC.tif	Positive	Positive	PathAnnotationObject	Polygon	212.27	145.88	3.5293	6.7732	0.9667	2.4016	1.9604	0.6658	9.9091	109	10.8945	28	0	28	48.3636	532	17.9793	79	29	50	7.7273	85	11.0099	28	0	28	107.0552	36.6291	1	11.8719	11.2718	0.1452	2.4088	3.6766	28	0	19	9.2209	79	2	0.5328	2.7176	28	0	2.0951	2.6635	13	0	17.7719	6.2083	45	2	0.2319	0.8971	8	0	0.0292	7	65.5993	46.7142	138.1183	33.3694	1228.7708	2873.4033
36E_4_FITC.tif	Positive	Positive	PathAnnotationObject	Polygon	105.67	157.45	5.8822	9.6317	0.7968	3.985	1.8293	0.8744	5	85	7.7298	27	0	27	45.0588	766	14.515	79	27	52	4.8824	83	7.745	27	0	27	92.5459	36.036	0.8956	13.5037	8.7652	0.7633	1.5756	2.9683	27	0	13.0252	11.8264	79	0	0.437	2.3977	27	0	1.3122	2.0421	8	0	10.5611	7.068	32	0	0.095	0.4317	3	0	0.0605	3	42.1487	46.3768	73.2884	6.7807	151.5303	227.6934
36E_4_FITC.tif	Positive	Positive	PathAnnotationObject	Polygon	255.89	158.13	11.3722	13.5004	0.7841	5.2207	3.2604	0.8041	1.8182	60	3.2926	14	0	14	50.0909	1653	10.51	71	33	38	1.6667	55	3.1885	14	0	14	111.7609	39.2144	0.9133	14.0639	10.505	0.6535	1.6329	2.8791	14	0	24.4441	11.6295	71	5	0.4301	1.3969	14	0	1.6087	2.8272	13	0	21.0988	6.4465	42	5	0.2688	0.8303	5	0	0.1017	5	21.5102	14.9082	46.7142	5.7042	230.406	673.6709
36E_4_FITC.tif	Positive	Positive	PathAnnotationObject	Polygon	263.35	163.4	7.0586	9.7585	0.9315	3.3184	2.8401	0.521	6.6	132	8.6596	27	0	27	55.5	1110	16.6338	93	35	58	5.8	116	8.7275	27	0	27	70.1937	31.2846	0.9013	11.7172	8.571	0.6301	2.5275	3.8861	27	0	17.2418	16.283	93	3	1.1538	3.5098	27	0	2.0247	2.411	10	0	12.5185	7.8196	41	3	0.5802	1.3592	7	0	0.0907	5	30.4914	32.2838	70.7478	5.7042	342.2566	1241.3683
36E_4_FITC.tif	Positive	Positive	PathAnnotationObject	Polygon	106.77	166.45	12.5486	15.7986	0.6318	5.8228	3.6505	0.8664	6.6111	238	6.1471	24	0	24	46.75	1683	13.0786	71	27	44	2.3889	86	3.1738	10	0	10	137.2502	45.0009	0.8517	15.6842	11.4997	0.7142	3.8946	4.2497	24	0	22.1567	11.2398	71	5	0.4786	1.479	10	0	3.5841	3.8699	20	0	19.346	6.6695	37	5	0.2603	0.9215	7	0	0.0912	6	60.8721	62.6071	107.5603	6.7807	736.6	2302.1746
36E_4_FITC.tif	Positive	Positive	PathAnnotationObject	Polygon	498.52	164.6	5.49	9.0251	0.847	3.4279	2.0809	0.7926	5.6875	91	4.6147	12	0	12	41.1875	659	4.2461	48	36	12	1.0625	17	1.7308	6	0	6	77.6444	34.4695	0.8212	13.333	7.6675	0.8219	6.2871	4.929	20	0	30.7475	7.0584	48	14	0.6386	1.4671	7	0	6.3387	4.9635	20	0	29.8495	6.5139	46	14	0.6022	1.4418	7	0	0.0682	7	45.2173	15.5318	105.3582	3.8807	783.0021	4038.2693
36E_4_FITC.tif	Positive	Positive	PathAnnotationObject	Polygon	504.87	165.93	6.2743	9.5037	0.873	3.7604	1.9976	0.8614	8.7222	157	4.3899	16	1	15	41.4444	746	4.4619	51	37	14	1.1667	21	2.1213	7	0	7	27.45	20.3198	0.8354	7.8009	4.428	0.8099	7.6711	4.5296	19	0	36.7763	4.8924	51	26	1.2237	1.9155	9	0	7.3448	4.5597	19	0	35.3276	4.0669	51	26	1.2414	1.8667	9	0	0.1924	4	27.5206	6.596	93.0096	3.8807	60.3299	200.7319
36E_4_FITC.tif	Positive	Positive	PathAnnotationObject	Polygon	257.62	171.01	10.5879	14.6749	0.6178	5.9087	3.1273	0.8044	7.3125	234	6.9395	22	0	22	66.0625	2114	24.4381	106	24	82	5.375	172	6.5537	21	0	21	109.0159	39.9068	0.8602	14.8523	9.6047	0.7977	2.9644	4.1772	22	0	22.2527	19.5927	106	1	0.7829	2.8055	21	0	2.4056	3.3057	16	0	16.6225	8.9037	52	1	0.1928	0.6683	5	0	0.095	7	72.8987	73.6986	139.2041	7.4577	1475.0114	4349.5957
36E_4_FITC.tif	Positive	Positive	PathAnnotationObject	Polygon	504.67	170.54	23.1365	24.6488	0.4785	8.149	5.024	0.8344	5.7937	365	5.9573	21	0	21	44.2381	2787	3.9091	58	36	22	0.254	16	1.1067	8	0	8	85.0951	47.0118	0.4838	17.9292	8.45	0.9412	6.7054	5.3365	21	0	34.6473	8.6743	58	14	0.442	1.5289	14	0	7.0621	5.0481	20	0	30.8944	6.9683	55	14	0.5155	1.6625	14	0	0.2796	4	5.3288	4.9205	7.3804	4.094	8.9676	11.4362
36E_4_FITC.tif	Positive	Positive	PathAnnotationObject	Polygon	248.81	172.72	7.0586	9.6894	0.9448	3.6517	2.3834	0.6601	6.6842	127	6.1559	21	0	21	55.2105	1049	17.8281	91	27	64	4.8421	92	6.9303	21	0	21	100.7809	36.9539	0.9274	13.5356	9.2581	0.6945	3.6744	3.718	21	0	21.8101	12.1709	91	2	0.6977	2.4466	21	0	3.4351	3.3586	15	0	19.1548	6.307	37	2	0.3682	1.1624	9	0	0.0574	5	73.1496	46.3082	163.8185	7.4577	2905.7795	10785.2236
36E_4_FITC.tif	Positive	Positive	PathAnnotationObject	Polygon	512.46	173.62	5.49	8.4754	0.9604	3.2131	2.214	0.6114	5.3125	85	3.7544	12	0	12	43.0625	689	7.1037	59	35	24	1.8125	29	3.2908	11	0	11	46.6651	26.1855	0.8552	9.8277	6.9704	0.6546	3.8264	4.0077	18	0	30.5868	7.0542	59	16	0.5124	1.6838	11	0	3.6	4.0134	18	0	28.6857	4.7481	42	16	0.3143	1.1874	7	0	0.1022	7	22.1716	9.0979	85.1103	4.0406	233.4028	1301.2515
36E_4_FITC.tif	Positive	Positive	PathAnnotationObject	Polygon	502.24	176.36	6.2743	10.5032	0.7147	3.7556	2.5217	0.7821	8.9474	170	8.8096	22	0	22	42.4211	806	3.4851	49	34	15	0.6316	12	1.0651	3	0	3	27.8422	20.2838	0.8504	8.3734	4.3451	0.8345	5.3333	6.0098	22	0	32.9867	8.2388	49	14	0.5867	1.1161	4	0	4.1071	4.1415	14	0	29.7857	6.795	41	14	0.5714	1.1419	4	0	0.1943	5	5.908	5.0433	10.6585	3.9672	9.3835	11.4362
36E_4_FITC.tif	Positive	Positive	PathAnnotationObject	Polygon	330.6	177.87	5.8822	10.3643	0.6881	3.5351	2.7935	0.5372	11	209	9.5336	41	0	41	55.8947	1062	18.9734	103	36	67	6.3684	121	9.7137	37	0	37	128.6231	40.3415	0.9932	13.2652	12.2967	0.2761	4.9544	5.0281	41	0	21.6596	10.8507	103	5	0.6748	2.9198	37	0	4.5839	4.3768	20	0	19.5613	5.2462	42	5	0.3258	1.1988	11	0	0.0506	9	94.427	96.2552	139.9751	70.7478	2318.1716	5922.6724
36E_4_FITC.tif	Positive	Positive	PathAnnotationObject	Polygon	509.03	177.9	4.3136	8.1433	0.8174	3.1049	1.8565	0.7981	5.2857	74	4.1218	14	0	14	46.9286	657	4.0281	53	40	13	1.5	21	1.8708	5	0	5	11.3722	14.4322	0.6861	5.497	3.1243	0.8302	6.7353	4.508	14	0	38.2353	8.4926	53	24	1.2941	1.6611	5	0	7.75	4.5869	14	0	32.15	4.4162	40	24	1.15	1.5313	5	0	0.3065	4	4.415	4.1215	5.4496	3.9672	6.5838	8.0946
36E_4_FITC.tif	Positive	Positive	PathAnnotationObject	Polygon	502.47	181.79	7.8429	12.1061	0.6725	5.0303	2.0945	0.919	3.7727	83	3.4077	11	0	11	43.7273	962	3.6539	53	34	19	0.7273	16	1.7507	7	0	7	39.6065	25.4522	0.7683	9.7413	6.4002	0.7748	3.5189	3.6677	14	0	29.3679	10.4383	53	10	0.3208	1.0286	7	0	3.4524	3.7494	14	0	25.6071	8.0929	45	10	0.2143	0.7126	3	0	0.1683	5	19.1888	5.0433	68.1133	3.0534	117.6777	462.4103
36E_4_FITC.tif	Positive	Positive	PathAnnotationObject	Polygon	507.83	185.15	9.8036	14.9579	0.5506	5.9109	2.5482	0.9421	5.5357	155	4.9776	21	0	21	41.6071	1165	8.1665	63	27	36	1.7857	50	3.6753	16	0	16	84.703	36.7122	0.7897	14.8248	7.523	0.8589	3.1553	3.434	21	0	20.6895	12.0383	63	2	0.895	1.9799	16	0	2.8063	3.0086	12	0	17.623	9.1032	37	2	0.7644	1.5634	8	0	0.1156	5	22.9909	9.343	67.7967	3.0534	234.0896	955.9492
36E_4_FITC.tif	Positive	Positive	PathAnnotationObject	Polygon	592.61	193.84	5.0979	8.5569	0.8749	2.9078	2.4376	0.6431	9.1429	128	7.7644	26	0	26	52.3571	733	15.2951	82	39	43	5.6429	79	9.2204	27	0	27	115.2902	38.2208	0.9918	12.6946	11.2718	0.2957	7.0271	5.7326	26	0	27.278	9.8587	82	4	0.739	2.5145	27	0	6.9217	5.61	23	0	26.0285	7.6274	46	4	0.4947	1.1956	8	0	0.041	9	81.0994	85.1103	201.3627	13.6635	483.9375	1301.2515
36E_4_FITC.tif	Positive	Positive	PathAnnotationObject	Polygon	87.21	200.82	10.5879	12.7557	0.8177	4.6254	3.0958	0.6633	4.5172	131	4.947	17	0	17	43.7586	1269	9.054	69	32	37	1.1379	33	2.9243	13	0	13	140.3874	42.6375	0.9704	14.4298	12.6936	0.3042	3.7611	3.9472	19	0	19.2944	11.0888	69	2	0.2722	1.136	13	0	3.6949	3.8495	19	0	17.1511	8.3431	46	2	0.1964	0.779	7	0	0.0702	3	32.7621	40.5563	46.3768	11.3531	122.4368	169.5063
36E_4_FITC.tif	Positive	Positive	PathAnnotationObject	Polygon	599.76	203.3	7.8429	10.8816	0.8323	4.3344	2.0847	0.8637	8.9545	197	4.4452	20	3	17	45.0455	991	4.4452	60	41	19	1.0455	23	2.8365	11	0	11	91.3694	35.804	0.8957	12.9488	9.2075	0.6887	6.8941	4.1114	20	0	31.072	8.136	60	13	0.4195	1.3952	11	0	6.6822	4.0271	20	0	29.6355	6.9888	51	13	0.3551	1.1445	6	0	0.0821	5	16.1546	15.761	25.134	5.0326	93.8992	192.4833
36E_4_FITC.tif	Positive	Positive	PathAnnotationObject	Polygon	521.9	208.46	12.9407	16.4389	0.6018	7.3722	2.5107	0.9354	11.5556	416	11.6385	49	0	49	91.75	3303	32.061	148	35	113	9.4722	341	11.0181	46	0	46	166.2688	46.98	0.9467	17.5427	12.158	0.7183	4.4965	5.3865	49	0	25.4306	24.143	148	4	0.9859	4.1731	46	0	3.8432	3.7996	16	0	19.2931	9.9191	68	4	0.2005	0.8828	7	0	0.0711	7	55.5794	65.1092	72.3732	29.3118	993.5256	1724.8337
36E_4_FITC.tif	Positive	Positive	PathAnnotationObject	Polygon	614.51	212.03	26.2736	29.7522	0.373	12.7009	3.2121	0.9792	9.3623	646	7.9372	43	0	43	62.2754	4297	19.9085	123	28	95	4.9275	340	7.7333	43	0	43	174.1117	55.3231	0.7149	22.0265	11.6825	0.893	4.875	4.9915	43	0	28.6228	18.4269	123	1	1.0938	3.604	43	0	4.058	3.7128	18	0	22.496	9.2666	56	1	0.3958	1.1959	10	0	0.1423	6	16.7619	13.6189	32.664	6.5413	119.4429	383.295
36E_4_FITC.tif	Positive	Positive	PathAnnotationObject	Polygon	603.3	210.36	7.0586	11.5859	0.6608	4.5346	2.4964	0.8619	7.1905	151	7.0329	20	0	20	41.7143	876	4.161	51	35	16	0.7143	15	1.5856	6	0	6	70.978	34.2693	0.7595	12.1717	9.0085	0.6156	7.4757	5.6435	23	0	34.4649	6.3314	51	10	0.4973	1.3718	7	0	7.5122	5.4654	23	0	33.5366	5.9573	48	10	0.4695	1.3449	7	0	0.103	3	13.6742	11.4769	24.5131	5.0326	64.1611	113.1436
36E_4_FITC.tif	Positive	Positive	PathAnnotationObject	Polygon	626.53	212.98	23.5286	27.5232	0.3903	10.4488	5.0547	0.8806	4.2063	265	5.9111	30	0	30	58.746	3701	20.8032	121	29	92	3.6349	229	5.9495	30	0	30	165.8767	56.1135	0.662	20.4282	11.4784	0.8368	2.392	3.5505	30	0	22.5047	19.3414	121	2	0.777	2.6954	30	0	2.0771	2.8536	12	0	16.2149	9.8398	58	2	0.281	0.894	7	0	0.1449	5	23.3868	17.8228	66.1106	4.5739	114.2576	393.4663
36E_4_FITC.tif	Positive	Positive	PathAnnotationObject	Polygon	619.98	208.7	4.3136	7.0508	1	2.5864	1.8988	0.7243	3	36	3.8612	12	0	12	46.1667	554	7.7908	63	35	28	3.0833	37	3.8485	12	0	12	17.6465	16.4128	0.8232	6.342	3.8516	0.7589	4.2083	3.7697	12	0	36.125	11.6027	63	9	1.6875	2.8891	12	0	4.6111	3.7054	12	0	32.7778	10.752	55	9	1.2222	2.3798	8	0	0.1774	5	27.1269	21.1821	70.4357	4.5739	63.738	130.3572
36E_4_FITC.tif	Positive	Positive	PathAnnotationObject	Polygon	91.05	212.12	8.235	10.1411	1	3.699	2.791	0.6467	5.2273	115	3.6375	12	0	12	46.8636	1031	11.1154	71	32	39	2.1364	47	3.563	11	0	11	121.9566	39.7744	0.9687	13.6012	11.2339	0.5072	4.524	3.9452	18	0	16.7284	11.4265	71	1	0.4153	1.4893	13	0	4.4708	3.9682	18	0	14.4502	7.5777	42	1	0.2852	1.1069	13	0	0.0596	7	169.8955	163.8185	372.6308	11.3531	5900.3369	10861.8301
36E_4_FITC.tif	Positive	Positive	PathAnnotationObject	Polygon	585.52	223.37	5.49	9.1933	0.8163	3.2068	2.448	0.6114	9.6471	164	6.8002	23	1	22	48.8824	831	12.8106	79	31	48	3.7059	63	6.0701	23	0	23	100.7809	36.6407	0.9433	12.5002	9.8658	0.5715	6.2423	5.1404	24	0	28.7654	9.4527	79	6	0.7385	2.2006	23	0	6.0041	4.9347	24	0	27.358	7.3731	53	6	0.5309	1.4439	8	0	0.0524	7	33.1322	31.4313	65.2776	7.5301	294.4633	1025.8762
36E_4_FITC.tif	Positive	Positive	PathAnnotationObject	Polygon	634.37	227.78	5.0979	8.2976	0.9304	3.3824	1.6236	0.8454	4.8571	68	5.1569	15	0	15	44.4286	622	11.5473	65	26	39	2.0714	29	3.4073	11	0	11	69.0173	32.7015	0.811	13.1761	7.0848	0.8375	4.8667	4.9063	20	0	21.3	10.805	65	4	0.7389	1.838	11	0	4.8675	4.9009	20	0	19.3494	8.1812	55	4	0.6265	1.6084	8	0	0.0579	4	28.4261	28.0258	54.1694	3.4835	314.9044	768.7476
36E_4_FITC.tif	Positive	Positive	PathAnnotationObject	Polygon	628.18	231.3	14.9015	16.1636	0.7167	6.2025	3.6649	0.8261	3.825	153	5.9004	27	0	27	62.95	2518	17.563	107	33	74	3.55	142	6.0126	28	0	28	116.8587	43.035	0.7929	16.3247	9.4923	0.8221	2.7759	3.4359	27	0	25.6321	19.2455	107	4	0.6656	2.5741	28	0	2.6139	2.8594	10	0	19.8687	11.486	64	4	0.2201	0.8363	5	0	0.123	7	32.1642	38.3736	47.7276	3.4835	330.2513	915.3583
36E_4_FITC.tif	Positive	Positive	PathAnnotationObject	Polygon	582.13	232.32	6.2743	9.6627	0.8445	3.9374	2.0258	0.8176	6.1667	111	4.5016	14	0	14	47.1111	848	10.232	65	32	33	3.4444	62	4.1048	11	0	11	101.9573	37.1037	0.9307	13.5109	10.0092	0.623	4.1724	4.348	19	0	26.5211	9.2813	65	6	0.7088	1.9883	11	0	4.0247	4.3092	19	0	24.9959	7.1642	48	6	0.5062	1.5703	9	0	0.055	6	42.6586	39.8685	74.2037	7.5301	673.1345	1724.8337
36E_4_FITC.tif	Positive	Positive	PathAnnotationObject	Polygon	459.68	231.25	4.3136	7.5443	0.9524	2.865	1.9596	0.5811	8.5	102	9.2392	28	0	28	37.4167	449	15.8943	70	20	50	9.1667	110	11.5431	33	0	33	112.5452	37.8148	0.989	12.9536	11.2718	0.4137	2.7222	3.6691	28	0	10.6146	7.267	70	2	0.5938	2.9511	33	0	2.471	3.0192	14	0	9.4493	3.507	21	2	0.221	0.6425	5	0	0.0261	8	90.1884	72.4887	139.9751	63.3816	2678.417	5922.6724
36E_4_FITC.tif	Positive	Positive	PathAnnotationObject	Polygon	686.24	236.94	6.2743	8.9233	0.9902	2.9151	2.759	0.562	10.8889	196	13.266	45	0	45	51.9444	935	17.5482	90	34	56	5.6111	101	9.388	32	0	32	119.6038	38.9112	0.9927	12.7236	11.8981	0.1633	4.0651	5.3335	45	0	21.241	9.8525	90	6	0.6189	2.7561	32	0	3.6401	4.0921	19	0	19.3287	4.7301	31	6	0.308	1.1018	8	0	0.0438	8	64.0911	60.14	103.1947	29.2378	385.9996	768.7476
36E_4_FITC.tif	Positive	Positive	PathAnnotationObject	Polygon	708.57	255.6	10.5879	11.5359	0.9998	4.0002	3.1483	0.5634	2.0345	59	2.3066	7	0	7	46.1724	1339	7.0512	60	31	29	0.8621	25	1.4324	5	0	5	139.2109	42.0346	0.9901	14.0224	12.4987	0.37	2.4141	3.1092	13	0	22.2563	10.8973	60	2	0.3972	1.2544	9	0	2.4479	3.1713	13	0	20.1288	8.3358	58	2	0.3558	1.2313	9	0	0.0674	5	52.8975	49.212	71.7211	29.2378	631.961	1559.5702
36E_4_FITC.tif	Positive	Positive	PathAnnotationObject	Polygon	592.44	257.4	11.7643	14.1599	0.7373	5.5941	3.1202	0.869	4.3143	151	4.0495	16	0	16	43.9714	1539	4.3487	52	35	17	0.5143	18	1.3366	5	0	5	114.5059	40.0035	0.8992	14.6919	10.9155	0.661	5.2983	4.5884	17	0	29.1729	10.5341	52	6	0.3017	0.9586	5	0	5.4308	4.6473	17	0	27.1808	9.4816	47	6	0.2731	0.8953	5	0	0.1001	5	30.3791	29.3715	62.0979	5.853	373.1554	915.3583
36E_4_FITC.tif	Positive	Positive	PathAnnotationObject	Polygon	653.8	260.58	6.6664	9.4654	0.935	3.5643	2.2668	0.7651	12.8947	245	13.6662	39	0	39	78.8947	1499	26.5453	127	44	83	11.3684	216	14.0681	39	0	39	125.0938	39.9429	0.9853	13.5797	11.8981	0.435	4.1438	5.3841	39	0	25.7094	17.0579	127	6	1.2062	4.5563	39	0	3.5914	3.803	16	0	22.3522	8.7557	65	6	0.5648	1.8018	13	0	0.0452	7	49.8046	40.2652	77.7922	28.5152	763.6184	1753.9154
36E_4_FITC.tif	Positive	Positive	PathAnnotationObject	Polygon	515.15	262.32	5.49	8.607	0.9313	3.3306	1.8786	0.8248	5.8667	88	2.5598	11	3	8	39.8	597	4.0567	47	34	13	1.2	18	2.0771	6	0	6	115.6823	38.4047	0.9856	12.9507	10.6456	0.5112	8.3953	4.7159	24	0	31.1689	5.9823	51	4	0.5405	1.5639	11	0	8.5302	4.7689	24	0	30.7082	5.7165	51	4	0.5053	1.5286	11	0	0.0423	9	123.0677	104.9493	260.7976	54.592	5243.8345	20450.4492
36E_4_FITC.tif	Positive	Positive	PathAnnotationObject	Polygon	584.44	263.61	5.49	9.4635	0.7703	3.7915	1.8666	0.863	8.875	142	7.9572	23	0	23	44.875	718	2.391	51	42	9	0.6875	11	1.7017	5	0	5	76.8601	32.8797	0.8934	12.6374	7.6803	0.8051	6.6193	5.9404	25	0	29.9898	12.0463	51	4	0.2437	0.8521	5	0	6.4199	5.7145	25	0	28.674	11.6661	44	4	0.2044	0.7282	5	0	0.0666	5	34.7018	32.3793	71.2236	4.4929	669.1104	1988.9648
36E_4_FITC.tif	Positive	Positive	PathAnnotationObject	Polygon	592.32	267.17	7.0586	11.518	0.6686	4.5108	2.1883	0.8698	13.5217	311	5.5667	24	3	21	49.6522	1142	5.9437	65	40	25	1.8261	42	3.3663	10	0	10	61.5665	30.7563	0.8179	10.466	8.3602	0.5089	9.6478	7.502	30	0	31.9497	13.1802	65	4	0.5472	1.5819	10	0	8.9926	7.6046	30	0	28.9559	11.6249	47	4	0.3309	0.8697	4	0	0.113	4	32.4376	30.949	63.3594	4.4929	513.1094	1753.9154
36E_4_FITC.tif	Positive	Positive	PathAnnotationObject	Polygon	346.01	269.33	13.3329	15.2321	0.7221	5.0851	3.7002	0.7547	4.0286	141	4.9258	24	0	24	87.4	3059	15.6378	114	57	57	3.9429	138	5.1561	25	0	25	68.6251	31.6755	0.8595	10.9809	8.9935	0.4944	2.2626	3.6908	24	0	39.1844	30.8174	114	11	1.1844	3.1039	25	0	1.8333	3.1997	19	0	27.4653	20.4139	106	11	0.5139	1.8321	14	0	0.1684	4	27.3818	5.0136	95.1068	4.3934	112.2282	218.9134
36E_4_FITC.tif	Positive	Positive	PathAnnotationObject	Polygon	352.89	269.29	6.6664	10.1113	0.8194	3.4617	2.8873	0.4714	1.7143	36	2.7954	10	0	10	86.0952	1808	15.5496	104	47	57	1.5238	32	2.6574	9	0	9	34.1165	23.4034	0.7827	8.6232	5.5563	0.8092	2.1739	3.133	13	0	37.75	31.8801	104	7	0.3587	1.4031	9	0	2.3099	3.2319	13	0	23.4507	18.5363	92	7	0.0141	0.1187	1	0	0.1994	5	23.2897	6.0308	96.2552	3.4925	72.6248	210.9169
36E_4_FITC.tif	Positive	Positive	PathAnnotationObject	Polygon	357.16	273.73	5.8822	9.4736	0.8236	3.3917	2.3948	0.6959	8.1579	155	5.6002	16	0	16	71.8421	1365	18.0316	104	37	67	3.8947	74	5.4456	16	0	16	56.4687	28.319	0.8848	10.976	7.2444	0.6925	2.8707	3.7183	16	0	21.9184	22.4419	104	3	0.6735	2.379	16	0	2.0859	2.578	10	0	14.5078	10.2312	61	3	0.1953	0.7215	4	0	0.0983	5	76.5512	98.6926	161.0487	3.4925	1757.0419	5548.0684
36E_4_FITC.tif	Positive	Positive	PathAnnotationObject	Polygon	340.59	274.6	5.0979	8.6333	0.8595	3.4077	1.8763	0.8172	5.0667	76	4.9058	16	0	16	67.0667	1006	13.3335	90	50	40	3.1333	47	4.5019	14	0	14	41.5672	24.1612	0.8948	8.6818	6.8815	0.5599	5.0642	5.0135	18	0	33.6422	18.2394	90	9	0.7706	2.1197	14	0	5.0638	5.0563	18	0	28.3085	12.2729	72	9	0.3936	1.0597	6	0	0.1029	7	40.9107	15.5217	135.3199	3.841	773.6849	3525.4619
36E_4_FITC.tif	Positive	Positive	PathAnnotationObject	Polygon	350.8	280.43	23.9208	20.2012	0.7366	7.5666	5.0026	0.7926	3.6515	241	4.3589	19	0	19	115.3939	7616	23.0116	166	57	109	3.8182	252	4.5638	20	0	20	87.8401	37.4005	0.7891	12.7613	10.2075	0.5467	2.3246	3.5045	19	0	51.1579	46.8843	166	5	1.2237	3.0701	20	0	1.784	2.9377	11	0	24.9877	22.4679	119	5	0.1667	0.9984	11	0	0.2738	7	67.5134	6.1128	259.7638	3.5019	3426.0464	20450.4492
36E_4_FITC.tif	Positive	Positive	PathAnnotationObject	Polygon	347.02	275.67	1.5686	4.0559	1	1.6037	0.9535	0.7319	5	20	3.559	8	0	8	81.5	326	4.5092	88	78	10	4.75	19	3.594	8	0	8	3.5293	6.452	1	2.2115	1.7424	0.6658	2.5	3.1358	8	0	74.9	9.9045	88	55	1.9	3.2128	8	0	0.8333	1.3292	3	0	70.5	10.3102	86	55	0	0	0	0	0.3096	5	4.4325	4.2313	6.0308	3.5019	8.6181	10.1769
36E_4_FITC.tif	Positive	Positive	PathAnnotationObject	Polygon	342.31	280.93	9.8036	11.5742	0.9196	4.3537	2.6304	0.7969	3.2	80	3.6171	14	0	14	65.24	1631	17.0643	95	34	61	2.08	52	3.5698	13	0	13	48.6258	28.3763	0.7589	9.8045	7.4065	0.6974	4.1417	4.2384	18	0	32.7953	21.7271	95	11	0.748	2.0196	13	0	4.3725	4.3621	18	0	24.8431	13.975	75	11	0.4216	1.2303	5	0	0.172	6	11.0639	9.9547	20.7102	3.841	18.4605	38.3102
36E_4_FITC.tif	Positive	Positive	PathAnnotationObject	Polygon	671.35	283	18.8229	15.7897	0.9487	5.425	4.6328	0.4147	17.96	898	7.315	31	6	25	51.6	2580	7.2619	74	35	39	0.42	21	1.4299	9	0	9	165.8767	46.0376	0.9835	15.3573	13.7767	0.3157	13.191	6.7927	32	0	33.3703	12.8137	74	1	0.5943	1.5176	9	0	12.5535	6.4684	32	0	30.9332	11.3477	56	1	0.6176	1.5293	9	0	0.1053	7	63.7112	76.8558	91.3679	28.5152	1460.2043	3385.8691
36E_4_FITC.tif	Positive	Positive	PathAnnotationObject	Polygon	747.34	286.05	14.1172	15.6703	0.7224	5.5494	3.9057	0.696	4.1951	172	4.3659	17	0	17	71.0488	2913	17.8086	113	40	73	3.0976	127	4.3807	17	0	17	164.7003	46.1907	0.9701	15.7065	13.1505	0.4926	5.2162	4.561	19	0	29.1116	16.3325	113	8	0.5724	1.8613	17	0	5.3263	4.5735	19	0	24.5868	7.166	63	8	0.3	1.0245	9	0	0.0843	5	30.8856	30.3447	49.212	20.8227	245.6694	672.6334
36E_4_FITC.tif	Positive	Positive	PathAnnotationObject	Polygon	334.1	285.92	12.1564	15.5831	0.6291	6.4804	2.9251	0.8828	3.0882	105	4.1148	17	0	17	55.4412	1885	13.2258	82	32	50	2.4118	82	3.4564	11	0	11	103.5259	41.6767	0.749	15.9621	9.3499	0.8286	2.9888	3.4396	17	0	24.618	14.8735	82	7	0.633	1.8292	11	0	2.9742	3.3398	15	0	20.1202	8.3192	49	7	0.3734	1.2671	11	0	0.1176	4	10.6686	11.3348	15.5217	4.4832	19.705	25.9999
36E_4_FITC.tif	Positive	Positive	PathAnnotationObject	Polygon	323.83	292.26	18.0386	16.6621	0.8165	6.3871	4.0841	0.7989	4.7843	244	5.1354	19	0	19	104.0196	5305	26.1775	158	53	105	4.4314	226	4.989	19	0	19	112.153	40.8017	0.8466	15.5598	10.0802	0.7766	3.3172	3.7971	19	0	36.2621	35.2479	158	4	0.9345	2.7108	19	0	3.0042	3.3775	12	0	21.8033	13.0747	91	4	0.1883	0.7175	5	0	0.1605	6	41.5127	16.2215	139.2041	5.9433	1021.3909	4349.5957
36E_4_FITC.tif	Positive	Positive	PathAnnotationObject	Polygon	333.33	292.9	13.725	19.8542	0.4375	7.4368	3.8347	0.8562	3.2955	145	4.9489	20	0	20	70.3409	3095	13.4128	100	45	55	2.9545	130	4.9507	20	0	20	48.2336	30.9814	0.6315	10.4701	7.1327	0.8052	2.1654	3.692	20	0	41.874	25.6051	100	8	1.1181	3.2259	20	0	1.5663	2.6558	13	0	26.7831	15.7395	65	8	0.1446	0.6075	4	0	0.3231	4	7.8871	5.2237	17.9176	3.1833	13.5705	17.9151
36E_4_FITC.tif	Positive	Positive	PathAnnotationObject	Polygon	768.3	292.98	11.7643	15.307	0.631	4.9425	3.9878	0.611	4.2353	144	5.2689	21	0	21	62.2941	2118	13.6371	95	40	55	4.2941	146	5.7183	23	0	23	94.1144	36.0792	0.9086	12.3721	10.0368	0.4075	2.1276	3.2607	21	0	29.2593	17.7206	95	4	0.893	2.8059	23	0	1.7847	2.6686	16	0	23.8852	11.3331	54	4	0.3397	1.3317	9	0	0.1274	5	41.7296	23.0166	100.8023	6.4883	90.0296	142.674
36E_4_FITC.tif	Positive	Positive	PathAnnotationObject	Polygon	331.23	297.46	1.5686	4.1565	1	1.4642	1.0227	0.7319	2	10	3.937	9	0	9	44.2	221	10.0349	58	33	25	2.2	11	4.3818	10	0	10	26.2736	19.5617	0.8628	6.8265	5.7021	0.5146	1.5143	2.518	10	0	14.5857	9.8179	58	5	0.1571	1.1995	10	0	1.4769	2.4181	10	0	12.3077	4.8828	30	5	0	0	0	0	0.0382	7	72.5537	25.5257	253.1499	3.1833	3001.5601	14186.6426
36E_4_FITC.tif	Positive	Positive	PathAnnotationObject	Polygon	774.69	299.9	11.3722	14.8396	0.6489	5.4676	3.1499	0.8846	3.5161	109	3.6685	11	0	11	52.4516	1626	9.1281	67	35	32	4.3548	135	4.5427	18	0	18	108.2316	39.8911	0.8547	14.3974	9.7662	0.734	2.1613	2.9624	14	0	23.5054	16.399	67	0	1.0753	2.452	18	0	1.9919	2.8256	14	0	19.8871	13.2005	53	0	0.6653	1.6558	10	0	0.1038	5	16.1975	13.1806	28.6727	6.4883	50.5499	111.7311
36E_4_FITC.tif	Positive	Positive	PathAnnotationObject	Polygon	762.1	299.94	7.4507	10.9721	0.7777	3.9681	2.6881	0.7384	5.2727	116	4.0377	12	0	12	53.2727	1172	9.6421	68	33	35	1.9545	43	2.7164	8	0	8	92.938	35.4207	0.9309	12.74	9.4021	0.6873	4.4454	3.7936	18	0	27.0924	11.9725	68	8	0.4118	1.2523	8	0	4.3611	3.7676	18	0	24.4259	8.4647	58	8	0.2546	0.8599	8	0	0.0829	5	15.365	15.4813	24.0905	6.6199	116.4403	250.4918
36E_4_FITC.tif	Positive	Positive	PathAnnotationObject	Polygon	261.67	305.38	3.1371	6.4495	0.9477	2.4259	1.6114	0.7174	10.5	105	12.3401	35	0	35	47.3	473	18.8211	82	28	54	9.4	94	12.808	35	0	35	104.7023	36.4795	0.9887	12.2605	10.6456	0.3845	3.9739	5.0149	35	0	20.8507	8.9543	82	6	0.5672	3.061	35	0	3.7209	4.3673	19	0	19.8256	6.5283	40	6	0.2248	0.9146	8	0	0.0239	6	116.3986	116.6258	194.6395	65.5218	4606.2241	10785.2236
36E_4_FITC.tif	Positive	Positive	PathAnnotationObject	Polygon	771.6	313.02	21.96	24.039	0.4775	10.628	2.839	0.9681	3.8387	238	4.4175	18	0	18	70.6129	4378	20.3811	113	37	76	3	186	4.5557	18	0	18	199.9932	52.7156	0.9044	19.6261	12.5108	0.7691	3.3762	3.6019	19	0	28.7719	19.1593	113	5	0.6179	2.1255	18	0	3.3126	3.4759	19	0	23.02	9.3265	64	5	0.2905	1.199	14	0	0.1171	8	19.8429	18.7094	26.6916	13.1806	112.1378	336.2721
36E_4_FITC.tif	Positive	Positive	PathAnnotationObject	Polygon	739.43	314.5	3.9214	7.4606	0.8853	2.9366	1.5589	0.7764	8.8333	106	6.2789	17	0	17	65	780	4.264	72	58	14	1.0833	13	1.5643	4	0	4	61.1744	29.9075	0.8594	11.7454	7.0346	0.7895	8.6943	5.0455	21	0	45.1592	12.1109	72	19	0.4841	1.2331	8	0	8.6828	4.9563	21	0	43.5172	11.0448	67	19	0.4345	1.195	8	0	0.0524	6	35.828	30.0012	77.0522	3.548	583.761	1559.5702
36E_4_FITC.tif	Positive	Positive	PathAnnotationObject	Polygon	749.71	315.89	11.7643	16.8455	0.521	6.5589	2.6621	0.9496	5.7143	200	5.4964	19	0	19	62.7429	2196	4.9725	73	52	21	0.6	21	1.5941	7	0	7	87.0558	36.581	0.8175	14.8913	7.9907	0.8434	5.6053	5.107	24	0	37.8465	17.2251	73	10	0.3421	1.3591	15	0	5.5855	5.0481	24	0	33.3316	14.5922	72	10	0.2953	1.3113	15	0	0.1346	7	14.211	6.2537	31.0318	2.57	78.2996	250.4918
36E_4_FITC.tif	Positive	Positive	PathAnnotationObject	Polygon	787.99	314.65	9.4114	11.3431	0.9192	4.3061	2.6638	0.7677	3.2308	84	4.1982	14	0	14	58.0385	1509	14.0442	88	35	53	3.3077	86	4.077	14	0	14	71.7623	32.7626	0.8401	12.4022	8.5236	0.7252	1.0161	2.1321	14	0	22.1774	17.9111	88	2	0.8871	2.1493	14	0	0.6562	1.2592	8	0	16.35	9.8888	42	2	0.4938	1.2837	9	0	0.1135	4	12.6706	11.4678	22.8355	4.9112	42.4169	111.7311
36E_4_FITC.tif	Positive	Positive	PathAnnotationObject	Polygon	741.14	320.49	7.8429	11.3502	0.765	4.3355	2.6516	0.7768	7.0909	156	4.7999	15	0	15	68.2727	1502	6.3485	87	61	26	0.9545	21	2.7164	11	0	11	38.8222	24.9221	0.7855	10.0758	5.2671	0.8292	7.9	5.2214	19	0	56.57	8.8446	87	39	0.44	1.5784	11	0	8.1282	5.3412	19	0	53.2692	6.2785	68	39	0.2949	1.0458	6	0	0.179	6	12.2262	5.4022	28.2779	3.2582	35.002	86.9749
36E_4_FITC.tif	Positive	Positive	PathAnnotationObject	Polygon	783.04	320.77	12.9407	14.0963	0.8184	4.7834	3.9791	0.3378	1.5641	61	2.5005	10	0	10	52.0513	2030	8.0751	74	34	40	1.6923	66	2.4296	11	0	11	68.6251	32.5078	0.8161	10.8527	9.3455	0.3698	1.2542	2.0609	10	0	35.4859	13.4621	74	5	0.9492	1.9285	11	0	1.1667	1.9202	10	0	30.8043	10.7022	65	5	0.7391	1.7143	10	0	0.2007	4	8.4315	6.4703	15.8743	4.9112	26.7914	38.7798
36E_4_FITC.tif	Positive	Positive	PathAnnotationObject	Polygon	603.03	319.65	3.5293	6.5036	1	2.4636	1.6233	0.6658	14.4	144	14.7588	50	0	50	51.9	519	20.6422	96	25	71	12.6	126	14.6758	49	0	49	103.918	36.2517	0.9937	12.2287	10.6456	0.369	2.2331	4.4389	50	0	13.218	9.886	96	3	0.7105	3.6964	49	0	1.7578	2.5994	11	0	11.707	5.0554	28	3	0.2461	0.915	6	0	0.0278	10	80.7498	77.6307	104.9493	56.0451	1588.2518	3653.5527
36E_4_FITC.tif	Positive	Positive	PathAnnotationObject	Polygon	746.12	319.59	1.9607	4.1751	1	1.5399	0.982	0.7651	3	15	2.8284	6	0	6	64.2	321	1.4832	66	62	4	0.6	3	0.8944	2	0	2	2.745	5.4151	1	1.8846	1.542	0.3531	3.875	2.5319	6	0	63.375	2.2638	66	59	1.375	1.7678	4	0	5.3333	1.1547	6	4	62	3	65	59	2.6667	2.3094	4	0	0.4524	3	3.269	3.2582	3.979	2.57	4.4614	6.0394
36E_4_FITC.tif	Positive	Positive	PathAnnotationObject	Polygon	793.69	320.78	8.235	11.0051	0.8544	4.1689	2.4377	0.7938	3.1739	73	3.8216	12	0	12	58.6087	1348	12.3794	84	40	44	4	92	3.7295	12	0	12	57.6451	28.6448	0.8828	10.0994	7.665	0.6334	0.8618	2.0717	12	0	22.5592	20.4731	84	0	0.8618	2.0971	12	0	0.4496	1.1922	8	0	16.1318	13.8915	51	0	0.3023	0.8441	5	0	0.1197	6	10.888	7.6282	28.6727	5.85	14.0279	20.1539
36E_4_FITC.tif	Positive	Positive	PathAnnotationObject	Polygon	747.16	325.75	18.0386	16.861	0.7973	5.5064	4.8686	0.24	4.8627	248	4.9154	18	0	18	70.9216	3617	7.3344	92	55	37	0.6078	31	1.6623	8	0	8	104.3102	38.2495	0.896	14.4572	10.1665	0.7048	4.7269	4.9313	21	0	54.1033	11.3935	92	30	0.6125	1.6356	9	0	4.6955	4.9456	21	0	50.2045	8.1621	68	30	0.6136	1.6332	9	0	0.1797	7	18.4583	20.2882	39.7084	3.979	130.2624	402.5395
36E_4_FITC.tif	Positive	Positive	PathAnnotationObject	Polygon	784.76	327	8.235	10.5613	0.9278	3.8407	2.6347	0.6999	2.08	52	2.8711	9	0	9	61.72	1543	10.6869	85	46	39	2.12	53	2.8624	9	0	9	31.7636	22.6159	0.7804	8.8002	5.3485	0.7968	0.9639	2.0329	9	0	43.4217	16.0458	85	20	0.8916	2.0122	9	0	0.4828	1.301	6	0	35.5345	10.59	61	20	0.3621	1.195	6	0	0.246	5	9.2468	7.4331	20.3332	4.5578	29.4526	60.3024
36E_4_FITC.tif	Positive	Positive	PathAnnotationObject	Polygon	790.01	328.41	10.98	11.9592	0.9647	4.3491	3.2402	0.6189	1.5517	45	2.5155	8	0	8	61.7931	1792	12.428	89	42	47	3.1034	90	4.5853	16	0	16	25.0972	20.7613	0.7317	7.6298	4.4305	0.8422	1.3676	2.2587	8	0	43.8235	19.3776	89	12	1.4118	3.3244	16	0	1.2308	2.0706	8	0	30.4615	10.889	59	12	0.1538	0.4315	2	0	0.364	4	5.8935	5.884	7.7711	4.0349	15.3795	16.4821
36E_4_FITC.tif	Positive	Positive	PathAnnotationObject	Polygon	796.36	328.98	10.98	12.6007	0.869	4.6892	3.0925	0.7218	0.8438	27	2.1268	10	0	10	52.75	1688	8.4853	73	36	37	0.8125	26	2.0703	10	0	10	65.8801	31.5165	0.8335	11.978	8.1133	0.758	0.4795	1.3343	10	0	21.3041	19.0566	73	1	0.2807	1.0362	10	0	0.3957	1.0674	7	0	14.0647	12.2108	50	1	0.1583	0.5283	3	0	0.1602	5	14.7269	8.4719	43.2874	4.0349	17.5911	37.3305
36E_4_FITC.tif	Positive	Positive	PathAnnotationObject	Polygon	783.81	334.2	14.1172	16.7434	0.6328	6.5796	3.1349	0.8832	8.1951	336	11.0028	46	0	46	92.6585	3799	32.8166	161	37	124	7.2927	299	10.701	46	0	46	99.9966	39.012	0.8257	14.457	9.4478	0.7709	2.7577	5.4757	46	0	35.7346	30.6162	161	4	1.3846	5.0156	46	0	1.7397	2.6092	11	0	25.0776	13.8755	85	4	0.2785	1.0405	7	0	0.1332	9	19.8161	10.8075	43.9306	7.4331	160.3879	495.8524
36E_4_FITC.tif	Positive	Positive	PathAnnotationObject	Polygon	796.73	337.72	10.5879	12.5032	0.8511	4.3878	3.3768	0.5682	1.5517	45	2.3082	8	0	8	54.9655	1594	10.1752	75	36	39	1.6897	49	2.2851	8	0	8	85.8794	34.0814	0.9291	11.559	9.8219	0.4467	1.4369	2.3094	13	0	24.6306	18.3298	75	2	0.7207	1.692	11	0	1.4197	2.315	13	0	20.0725	14.5518	61	2	0.5751	1.5397	11	0	0.1188	5	14.9638	10.6536	35.6085	7.6821	30.2094	44.9283
36E_4_FITC.tif	Positive	Positive	PathAnnotationObject	Polygon	722.27	338.98	12.1564	14.6605	0.7107	6.1163	2.575	0.9133	4.4688	143	3.9266	14	0	14	66.6562	2133	7.1464	85	51	34	1.75	56	3.0796	12	0	12	119.6038	41.555	0.8704	15.6875	9.9736	0.7626	4.4951	4.092	17	0	49.1068	10.8235	85	22	0.6246	1.685	12	0	4.4982	4.1175	17	0	47.0794	9.2282	68	22	0.4946	1.3926	9	0	0.0932	6	34.2427	28.9678	76.8558	6.3333	576.1523	1838.1354
36E_4_FITC.tif	Positive	Positive	PathAnnotationObject	Polygon	730.18	343.29	10.1957	11.858	0.9112	4.1601	2.9397	0.7503	2.3929	67	3.1545	12	0	12	63.6429	1782	5.5792	76	51	25	0.8929	25	2.4242	12	0	12	93.7223	37.4876	0.8381	13.7656	9.5691	0.7267	3.0165	3.3951	17	0	46.8678	13.2031	76	15	0.7769	1.8912	12	0	3.0981	3.4238	17	0	44.6729	12.3069	68	15	0.7617	1.8165	10	0	0.1019	7	15.6792	12.9699	27.4689	6.3333	62.9305	128.2044
36E_4_FITC.tif	Positive	Positive	PathAnnotationObject	Polygon	787.04	344.43	18.8229	18.6206	0.6822	6.6599	4.5784	0.7346	2.7647	141	4.1211	18	0	18	58.9608	3007	10.6583	79	38	41	1.5098	77	2.8731	13	0	13	121.1723	41.1214	0.9005	13.8309	11.7491	0.4163	4.2652	5.5669	24	0	32.9201	15.094	79	9	0.6965	1.8434	13	0	4.5573	5.7677	24	0	27.8511	9.6067	64	9	0.5382	1.5252	9	0	0.1465	4	10.9716	9.9187	14.3068	9.7424	48.3754	68.5362
36E_4_FITC.tif	Positive	Positive	PathAnnotationObject	Polygon	742.65	341.53	3.9214	7.8652	0.7966	3.0681	1.8167	0.8062	11.75	141	18.0662	52	0	52	72.5	870	22.1092	119	53	66	13.1667	158	18.8286	55	0	55	78.8208	33.8689	0.8635	12.6746	7.8609	0.7839	3.6049	5.8162	52	0	37.1463	18.8682	119	5	1.1561	5.3993	55	0	3.0984	3.5832	13	0	34.9482	16.3487	67	5	0.4093	1.0425	8	0	0.048	5	25.2161	20.2882	44.4993	4.3928	230.0073	495.8524
36E_4_FITC.tif	Positive	Positive	PathAnnotationObject	Polygon	739.56	348.21	5.0979	7.6628	1	2.6512	2.2855	0.5058	8.7857	123	10.6133	36	0	36	63.9286	895	19.1129	104	45	59	7.4286	104	11.305	36	0	36	73.723	32.4372	0.8805	11.3533	7.9602	0.7141	5.2842	4.882	36	0	29.6421	12.3262	104	13	0.9316	3.7417	36	0	5.0057	4.0391	16	0	26.9148	5.9521	43	13	0.4148	1.4076	7	0	0.0544	5	24.1935	12.9023	46.6244	4.3928	144.2115	273.2345
36E_4_FITC.tif	Positive	Positive	PathAnnotationObject	Polygon	797.3	348.57	7.0586	9.8023	0.9231	3.5011	2.6501	0.4761	1.8571	39	2.8335	10	0	10	50.7619	1066	8.9326	71	37	34	3.5714	75	3.6135	14	0	14	99.2123	36.056	0.959	12.429	10.5151	0.5534	1.0863	1.9156	10	0	18.2706	13.7521	71	2	0.6078	1.7261	14	0	1.0171	1.8036	7	0	15.3547	9.779	61	2	0.3419	1.1245	8	0	0.0633	5	16.2589	15.7815	25.0397	9.7424	74.0953	187.6447
36E_4_FITC.tif	Positive	Positive	PathAnnotationObject	Polygon	730.74	354.31	7.8429	12.355	0.6457	4.7826	2.8508	0.7691	10.6	265	14	50	0	50	94.24	2356	34.8656	158	34	124	9.6	240	14.3469	50	0	50	96.0751	42.1313	0.6802	15.2388	9.9135	0.805	5.156	6.2655	50	0	31.624	25.4992	158	7	1.236	5.341	50	0	4.5511	4.3546	20	0	24.6667	10.3117	70	7	0.3067	0.9907	5	0	0.0891	5	28.2019	12.9023	59.1262	3.7619	376.4008	1438.0458
36E_4_FITC.tif	Positive	Positive	PathAnnotationObject	Polygon	724.13	356.36	7.4507	10.4289	0.8609	3.6222	2.7487	0.6797	4.7	94	5.2825	15	0	15	53.7	1074	8.8799	67	40	27	2.3	46	3.4504	11	0	11	69.8015	31.3569	0.8921	12.2846	7.9029	0.7592	5.4916	4.9337	20	0	26.5978	12.5678	67	11	0.5196	1.6088	11	0	5.5912	4.8967	20	0	23.1887	7.9867	58	11	0.2956	1.016	6	0	0.0995	6	29.1979	28.6185	57.7133	3.7619	287.7988	1200.5128
36E_4_FITC.tif	Positive	Positive	PathAnnotationObject	Polygon	783.75	355.71	11.7643	12.7095	0.9152	4.7331	3.4331	0.6387	18.4839	573	6.0711	29	6	23	49.5484	1536	5.7087	66	39	27	1.129	35	2.2471	9	0	9	100.3887	37.8999	0.8783	13.963	8.8736	0.7466	14.0856	8.1691	37	0	33.8794	13.4599	68	4	0.5914	1.6227	14	0	13.4823	8.2452	37	0	31.7301	12.7796	68	4	0.5177	1.5091	14	0	0.1104	7	23.17	15.7815	45.1243	7.1131	148.296	495.8524
36E_4_FITC.tif	Positive	Positive	PathAnnotationObject	Polygon	787.1	364.79	22.3522	20.5958	0.6622	8.9274	3.4066	0.9376	14.1639	864	7.4368	33	0	33	78.2623	4774	14.6115	111	49	62	2.9016	177	4.4598	15	0	15	101.173	40.6398	0.7698	14.7154	10.3571	0.6829	7.7625	7.0053	33	0	41.9119	23.9552	111	4	1.0115	2.626	15	0	5.81	5.5722	22	0	30.825	12.5223	66	4	0.435	1.2584	7	0	0.219	6	13.2941	13.6124	20.0773	6.3475	65.0793	187.6447
36E_4_FITC.tif	Positive	Positive	PathAnnotationObject	Polygon	778.99	368.28	3.1371	7.2764	0.7446	2.8508	1.5749	0.7607	13.2	132	10.6854	29	0	29	54.2	542	13.4891	79	41	38	6.8	68	9.807	27	0	27	49.8022	26.0041	0.9255	9.2689	6.7534	0.6314	6.3923	5.6011	29	0	36.3692	9.3362	79	12	1.1	3.3034	27	0	5.825	4.5993	16	0	34.8833	7.1962	50	12	0.625	1.264	6	0	0.0614	7	28.7821	17.5408	60.2103	4.5564	355.376	1438.0458
36E_4_FITC.tif	Positive	Positive	PathAnnotationObject	Polygon	783.6	374.87	20.3915	20.8442	0.5898	7.6931	4.5214	0.8788	11.8545	652	6.0779	26	0	26	66.4364	3654	14.4399	97	45	52	1.8727	103	2.9317	13	0	13	99.6044	40.972	0.7456	13.9888	11.1968	0.727	8.8521	6.7269	26	0	36.6576	20.3769	97	2	1.0233	2.1559	13	0	8.0347	6.6761	25	0	28.5495	12.8101	61	2	0.7921	1.8329	11	0	0.1923	6	11.4739	12.8881	16.1629	4.5564	33.2749	70.4333
36E_4_FITC.tif	Positive	Positive	PathAnnotationObject	Polygon	803.68	370.62	14.9015	15.0737	0.8241	6.17	3.4315	0.8053	1.7857	75	4.0637	20	0	20	55.1429	2316	14.7211	92	29	63	2.119	89	4.0437	20	0	20	117.643	41.4985	0.8584	15.8045	10.0368	0.7543	1.5066	2.6251	20	0	17.8783	18.7779	92	0	0.8816	2.3754	20	0	1.4618	2.3219	11	0	11.9046	10.7715	66	0	0.6832	1.9225	12	0	0.1216	6	25.0597	23.4774	43.2874	5.5053	53.7244	187.6447
36E_4_FITC.tif	Positive	Positive	PathAnnotationObject	Polygon	690.12	371.25	7.0586	10.8157	0.7583	4.5738	2.0384	0.8523	18.7368	356	5.2265	24	5	19	56.7895	1079	6.5708	71	45	26	0.8947	17	2.1054	8	0	8	88.6244	37.392	0.7965	14.4439	7.7867	0.8456	15.0522	6.4583	33	0	42.2391	10.7011	71	16	0.3391	1.1322	8	0	14.7204	6.4655	33	0	40.9289	10.0147	62	16	0.2891	0.9937	6	0	0.0621	5	56.8183	47.8436	101.1396	2.991	1147.7775	3385.8691
36E_4_FITC.tif	Positive	Positive	PathAnnotationObject	Polygon	686.84	377.15	4.3136	7.9255	0.863	2.8711	1.8754	0.7243	12.1538	158	5.843	19	2	17	59.1538	769	4.8964	70	52	18	1.2308	16	2.8622	9	0	9	67.8408	32.0811	0.8283	12.7574	7.0703	0.8246	13.9371	6.4702	27	0	48.7829	7.4863	70	33	0.5486	1.53	10	0	14.0802	6.5132	27	0	47.9506	7.0286	68	33	0.4938	1.3707	10	0	0.0569	8	62.6569	65.1028	101.6833	2.991	1272.109	3488.7122
36E_4_FITC.tif	Positive	Positive	PathAnnotationObject	Polygon	798.72	376.7	8.6272	11.9728	0.7563	4.6965	2.5168	0.8223	3.8846	101	4.4211	17	0	17	47.9231	1246	10.2369	68	33	35	3.0769	80	3.9286	17	0	17	80.7816	35.8666	0.7891	13.7901	6.9274	0.8638	1.6048	3.538	24	0	20.981	15.3186	68	1	0.9667	3.2962	24	0	1.2826	3.2838	24	0	17.1739	11.6611	68	1	0.6685	3.0948	24	0	0.1009	5	13.0616	16.1629	18.5079	5.5053	40.9751	70.4333
36E_4_FITC.tif	Positive	Positive	PathAnnotationObject	Polygon	794.47	382.22	8.235	11.8787	0.7334	4.4821	2.8788	0.7055	3.76	94	4.3711	16	0	16	78.32	1958	18.896	114	46	68	3.84	96	4.327	16	0	16	67.0565	34.3985	0.7121	13.0936	7.6513	0.8659	2.1445	3.2985	18	0	28.2832	26.2527	114	2	1.1965	2.7946	18	0	1.8716	3.0153	18	0	19.8311	15.824	106	2	0.75	2.1661	18	0	0.1191	4	8.5457	8.5268	13.6309	3.4983	27.8777	59.2149
36E_4_FITC.tif	Positive	Positive	PathAnnotationObject	Polygon	784.47	385.72	16.47	19.1002	0.5673	7.5115	2.8406	0.9329	5.625	270	7.3416	24	0	24	90.5833	4348	24.3563	138	46	92	5.2292	251	7.4868	25	0	25	98.8202	38.6836	0.8299	13.3434	9.4611	0.7148	4.543	5.6066	24	0	40.2344	30.3961	138	6	1.2617	3.8468	25	0	4.2933	5.1137	22	0	28.6154	16.7328	91	6	0.3462	1.005	6	0	0.1672	5	19.1699	13.1868	54.611	3.8339	139.08	471.5698
36E_4_FITC.tif	Positive	Positive	PathAnnotationObject	Polygon	789.82	382.9	7.0586	10.0066	0.8858	3.5779	2.7802	0.5732	2.6667	56	4.4535	17	0	17	82.7619	1738	9.2299	101	64	37	2.2381	47	2.8619	9	0	9	18.4307	18.2391	0.6962	8.1474	3.4989	0.8738	1.3469	3.2567	17	0	61.6327	23.0106	101	20	1.4898	2.2465	9	0	0.3571	1.3393	6	0	45.7857	16.4483	79	20	0.9286	1.4639	5	0	0.3925	4	6.7278	5.4119	12.5894	3.4983	17.5957	24.1323
36E_4_FITC.tif	Positive	Positive	PathAnnotationObject	Polygon	792.57	392.28	9.0193	11.6974	0.8283	4.6027	2.6346	0.8408	1.4615	38	2.6112	8	0	8	54.1154	1407	13.6509	82	31	51	1.5385	40	2.5804	8	0	8	84.3108	34.7238	0.8787	13.6384	8.767	0.762	0.7569	1.618	8	0	17.4954	17.7798	82	0	0.5367	1.5152	8	0	0.6615	1.4161	7	0	12.5365	11.2914	59	0	0.401	1.2577	8	0	0.1054	8	38.9021	19.1794	124.1474	6.6772	176.0556	883.727
36E_4_FITC.tif	Positive	Positive	PathAnnotationObject	Polygon	588.65	392.95	6.6664	10.7973	0.7186	4.3059	2.1656	0.8982	2.6316	50	3.2696	14	0	14	53.7368	1021	6.4536	71	45	26	1.1053	21	3.0893	13	0	13	79.6051	36.0742	0.7687	13.9425	7.9914	0.8173	4.5167	4.4453	23	0	35.5789	11.5186	71	9	0.8278	1.9238	13	0	4.7053	4.5095	23	0	33.7632	10.2757	66	9	0.8	1.7764	10	0	0.0798	7	63.4391	15.4375	182.5489	2.8432	2650.0288	13528.1729
36E_4_FITC.tif	Positive	Positive	PathAnnotationObject	Polygon	593.8	393.48	2.745	6.3744	0.8489	2.5738	1.3881	0.7795	1.8889	17	2.5221	7	0	7	52.3333	471	2.1213	57	50	7	0.4444	4	1.3333	4	0	4	12.1564	15.306	0.6521	6.1124	2.8575	0.889	4.3824	4.2499	12	0	46.8529	5.5	57	33	0.2353	0.8549	4	0	5.28	4.4208	12	0	44.88	4.9776	52	33	0.16	0.6245	3	0	0.2016	4	21.9148	4.4287	75.9585	2.8432	70.3804	160.6004
36E_4_FITC.tif	Positive	Positive	PathAnnotationObject	Polygon	598.9	396.51	7.4507	11.2019	0.7461	3.8641	3.0449	0.7369	8.4783	195	6.0518	21	0	21	51.0435	1174	3.0671	56	45	11	0.087	2	0.2881	1	0	1	64.3115	29.988	0.8987	11.4892	7.954	0.709	8.5536	5.074	23	0	38.7798	8.1391	56	18	0.3214	0.9623	6	0	8.5655	4.9256	23	0	36.8345	6.8961	52	18	0.3586	1.0252	6	0	0.1194	7	39.1716	8.3431	93.9899	4.0288	929.8978	3488.7122
36E_4_FITC.tif	Positive	Positive	PathAnnotationObject	Polygon	593.03	399.44	10.1957	14.8685	0.5796	6.0871	2.6154	0.9159	4.7353	161	4.2018	13	0	13	55.1176	1874	3.6245	66	48	18	0.3235	11	0.9761	5	0	5	23.9208	21.4631	0.6525	8.1915	4.5812	0.8666	5.5735	4.7953	17	0	49.8529	7.3164	66	29	0.2647	0.8033	5	0	6.4118	5.2519	17	0	44.5882	6.1993	55	29	0.2059	0.5918	3	0	0.4255	4	4.7202	4.6149	5.6225	4.0288	7.7007	9.4013
36E_4_FITC.tif	Positive	Positive	PathAnnotationObject	Polygon	589.89	404.56	16.0779	16.8206	0.7141	5.281	4.579	0.687	4.3778	197	4.2602	13	0	13	56.2444	2531	6.2818	70	42	28	0.4444	20	1.3409	7	0	7	63.5272	30.5252	0.8567	10.4416	8.3533	0.6326	4.0422	3.7857	13	0	41.0542	12.0716	70	19	0.3072	1.1046	7	0	3.9174	3.6046	13	0	35.405	8.1971	55	19	0.2562	1.0044	7	0	0.2583	5	6.705	5.3242	10.2659	5.0947	10.2553	19.9183
36E_4_FITC.tif	Positive	Positive	PathAnnotationObject	Polygon	264.27	405.16	9.8036	12.2745	0.8177	4.6155	3.1332	0.6754	22.5517	654	5.6795	37	15	22	49.6552	1440	4.5769	58	41	17	0.5517	16	1.2702	4	0	4	143.1324	42.7765	0.983	14.3014	12.4655	0.4281	17.6458	7.5477	38	0	33.4578	8.5637	58	11	0.3297	1.0177	7	0	17.2249	7.5459	38	0	32.068	7.3071	58	11	0.3107	0.9931	7	0	0.0679	9	155.7394	132.9679	259.7509	99.996	5314.7085	14186.6426
36E_4_FITC.tif	Positive	Positive	PathAnnotationObject	Polygon	600.5	406.19	9.8036	15.7689	0.4954	5.2209	3.7771	0.6263	6	186	5.0465	18	0	18	51.871	1608	2.7658	58	46	12	0.4516	14	0.9605	4	0	4	71.7623	32.1657	0.8716	11.1829	9.306	0.4223	6.5266	4.9828	23	0	45.0372	5.9556	59	28	0.2713	0.9897	7	0	6.6306	4.9798	23	0	43.6879	5.4712	59	28	0.2357	0.9945	7	0	0.1467	5	19.3411	5.4427	72.3081	5.2876	96.9835	250.0588
36E_4_FITC.tif	Positive	Positive	PathAnnotationObject	Polygon	591.22	410.65	3.9214	9.3808	0.56	3.7572	1.672	0.9234	3.6429	51	3.8751	13	0	13	56.3571	789	7.5611	76	49	27	1.7143	24	3.6884	13	0	13	32.1558	23.3274	0.7426	8.9231	5.0184	0.8598	6.9529	5.0918	18	0	45.4706	9.0562	76	25	0.7529	2.2462	13	0	7.6056	5.0695	18	0	43.3239	7.7086	65	25	0.5634	1.8184	10	0	0.1396	6	53.282	10.3625	175.8593	2.6855	1610.3622	8278.9893
36E_4_FITC.tif	Positive	Positive	PathAnnotationObject	Polygon	596.47	413.35	3.5293	6.8943	0.9331	2.6345	1.693	0.6943	8.2	82	4.2374	17	2	15	51.2	512	2.8983	59	49	10	0.7	7	2.2136	7	0	7	47.4494	26.1995	0.8687	10.1947	6.62	0.7615	3.3306	3.7541	17	0	33.0968	13.6092	59	5	0.5403	1.5323	10	0	2.9035	3.41	16	0	31.5088	13.0148	59	5	0.5263	1.4707	10	0	0.0563	6	64.2253	83.9233	113.4945	2.6855	839.3063	1893.0214
36E_4_FITC.tif	Positive	Positive	PathAnnotationObject	Polygon	738.92	411.98	10.98	14.8782	0.6233	6.2024	2.8324	0.8799	6.9394	229	7.4328	28	0	28	62.3636	2058	16.2477	100	34	66	8.0303	265	8.1681	32	0	32	158.426	45.3081	0.9698	16.4845	13.1228	0.5815	3.3679	4.0364	28	0	16	16.9074	100	0	1.1901	3.3272	32	0	3.0511	3.4266	15	0	11.8871	8.964	56	0	0.5833	1.3302	8	0	0.0696	7	52.1478	57.7133	62.7339	14.0496	562.7231	1438.0458
36E_4_FITC.tif	Positive	Positive	PathAnnotationObject	Polygon	728.25	420.97	17.2543	15.8341	0.8648	5.8198	4.0666	0.737	7.7609	357	6.6406	28	0	28	104.0652	4787	27.1256	153	54	99	6.0217	277	7.277	30	0	30	167.4453	46.1719	0.987	15.3481	13.6072	0.4505	6.3575	6.0583	29	0	38.6005	28.1079	153	0	0.8178	3.056	30	0	6.1885	5.9716	29	0	30.7173	14.7919	80	0	0.1911	0.7407	6	0	0.0973	6	47.4403	49.3588	70.0877	14.0496	481.9994	1233.8644
36E_4_FITC.tif	Positive	Positive	PathAnnotationObject	Polygon	662.34	438.2	9.0193	13.4479	0.6267	5.4679	2.5861	0.8963	12.52	313	13.6263	50	0	50	77.32	1933	22.6655	123	51	72	6.64	166	9.806	35	0	35	144.3088	43.3791	0.9637	15.2404	11.8981	0.6097	3.458	5.5959	50	0	37.0271	17.1042	123	8	0.7127	3.1267	35	0	2.7994	3.7662	17	0	34.0988	12.2882	65	8	0.282	1.0068	7	0	0.0591	8	57.7661	60.3341	77.284	32.1781	881.055	2572.7334
36E_4_FITC.tif	Positive	Positive	PathAnnotationObject	Polygon	693.45	442.59	13.3329	13.6741	0.8961	4.9874	3.5612	0.6305	8.9737	341	8.2117	36	0	36	138.5	5263	31.6934	184	77	107	8	304	8.5139	34	0	34	119.6038	41.4981	0.8728	14.6976	10.6762	0.7048	6.0649	5.6241	36	0	57.4416	35.184	184	10	1.4935	4.2926	34	0	5.6556	5.0459	24	0	46.0333	14.691	147	10	0.5778	2.0585	25	0	0.1007	6	34.1936	34.1489	68.5599	4.8712	504.992	1233.8644
36E_4_FITC.tif	Positive	Positive	PathAnnotationObject	Polygon	698	449.34	4.3136	7.5491	0.9512	2.7092	1.9974	0.7243	14.3846	187	14.7453	41	0	41	115.9231	1507	28.0073	159	73	86	14.5385	189	15.2185	41	0	41	70.1937	31.4347	0.8927	11.936	7.7645	0.7336	5.2928	5.9961	41	0	49.5691	23.2721	159	21	1.558	5.5451	41	0	4.5893	4.0244	14	0	44.4345	12.5749	97	21	0.5536	1.539	9	0	0.0494	3	21.6575	18.7007	41.4005	4.8712	122.9003	237.8964
36E_4_FITC.tif	Positive	Positive	PathAnnotationObject	Polygon	692.77	466.17	11.3722	14.1702	0.7117	5.0266	3.8123	0.6087	3.9722	143	4.669	17	0	17	74.7222	2690	18.0295	113	49	64	5.2222	188	7.1238	28	0	28	158.426	45.1688	0.9758	14.9743	13.7548	0.2315	4.0741	4.9975	24	0	28.3432	19.6076	113	2	1.0198	2.9256	28	0	4.084	5.0342	24	0	23.8184	12.6569	61	2	0.6098	1.635	11	0	0.0777	6	46.2424	28.5983	124.1474	18.7007	300.8471	883.727
36E_4_FITC.tif	Positive	Positive	PathAnnotationObject	Polygon	674.37	473.97	4.7057	7.3357	1	2.4701	2.1818	0	13.6923	178	7.3415	28	2	26	61.3846	798	13.2699	85	48	37	4.9231	64	7.1701	19	0	19	109.408	37.1204	0.9978	12.2763	11.2718	0.2573	8.0429	5.8222	28	0	36.2357	9.5959	85	15	0.6286	2.0871	19	0	7.7678	5.6113	21	0	35.0112	7.4981	54	15	0.4195	1.1422	8	0	0.032	6	25.3644	21.4985	37.9161	15.8327	214.8791	535.5519
36E_4_FITC.tif	Positive	Positive	PathAnnotationObject	Polygon	666.56	486.52	10.98	13.355	0.7736	4.9898	3.0111	0.8215	6.5667	197	7.9511	29	0	29	93.2667	2798	20.5543	137	61	76	6.2333	187	7.9684	29	0	29	104.3102	38.6209	0.8788	13.0967	9.9864	0.5948	4.3346	5.0468	29	0	34.3978	27.833	137	1	1.0967	3.4303	29	0	4.0544	4.5022	16	0	27.0084	18.1432	70	1	0.4519	1.3303	9	0	0.101	6	35.3771	25.2646	92.3184	4.7019	86.5551	225.2213
36E_4_FITC.tif	Positive	Positive	PathAnnotationObject	Polygon	659.95	486.66	4.7057	8.2555	0.8677	2.8372	2.3616	0.5711	7.9286	111	7.4158	23	0	23	61.5	861	11.8824	85	45	40	3.2857	46	6.6034	20	0	20	35.6851	27.9318	0.5748	11.9634	3.6374	0.9591	6.1895	4.8953	23	0	37.2526	15.849	85	3	0.5263	2.7205	20	0	5.8889	4.3128	16	0	33.0617	12.3099	59	3	0.0494	0.218	1	0	0.1239	4	9.664	7.4391	19.3209	4.457	16.1183	27.8224
36E_4_FITC.tif	Positive	Positive	PathAnnotationObject	Polygon	655.66	486.34	5.0979	8.7664	0.8336	3.4226	1.9437	0.7081	7.75	124	6.8751	19	0	19	71.0625	1137	13.0357	92	51	41	5	80	6.0553	16	0	16	41.5672	27.81	0.6754	11.3964	5.2068	0.905	7.1376	4.758	19	0	43.422	15.1476	92	15	1	2.9282	16	0	7.0323	4.335	16	0	38.6667	9.2693	59	15	0.3118	0.9086	5	0	0.1204	4	20.7571	14.4108	49.7497	4.457	142.838	414.8602
36E_4_FITC.tif	Positive	Positive	PathAnnotationObject	Polygon	648.92	490.26	16.47	17.163	0.7026	6.3525	3.8916	0.8093	13.5106	635	6.355	34	0	34	85.5106	4019	18.1526	129	56	73	3.2553	153	5.6663	28	0	28	144.3088	45.3642	0.8812	15.2014	11.9787	0.6036	7.252	6.1815	34	0	43.4932	20.9525	129	12	0.878	2.5863	28	0	6.3385	5.6077	26	0	37.3602	12.6427	79	12	0.5311	1.4557	8	0	0.1208	7	35.9024	35.5489	95.8826	5.9175	557.163	1893.0214
36E_4_FITC.tif	Positive	Positive	PathAnnotationObject	Polygon	617.06	501.9	4.7057	8.3718	0.8437	2.9025	2.2473	0.4915	7.2857	102	4.1218	15	2	13	58.2143	815	2.607	64	54	10	0.3571	5	0.9288	3	0	3	61.5665	29.4156	0.8941	11.2535	7.66	0.7323	6.4658	5.0386	24	0	47.0994	8.9493	64	15	0.4161	1.1914	7	0	6.3878	5.1224	24	0	46.0408	8.6134	62	15	0.4218	1.2159	7	0	0.0654	5	34.2369	28.3448	95.8224	5.5895	510.4724	1674.1737
36E_4_FITC.tif	Positive	Positive	PathAnnotationObject	Polygon	622.34	510.73	19.215	19.2397	0.6523	7.2274	4.24	0.8256	8.0943	429	5.3539	25	0	25	77.0755	4085	14.5309	103	50	53	1.566	83	2.9254	13	0	13	118.8195	44.8906	0.7409	16.6497	10.6203	0.8056	7.101	5.6069	25	0	40.3485	21.6295	103	6	0.6254	1.7225	13	0	6.8937	5.6464	25	0	32.685	13.4504	75	6	0.4291	1.2671	8	0	0.16	6	27.4825	31.3873	49.8826	3.4057	84.7354	225.2213
36E_4_FITC.tif	Positive	Positive	PathAnnotationObject	Polygon	614.69	510.05	5.8822	9.9339	0.749	4.0046	1.8147	0.9169	12.6875	203	4.3927	23	8	15	65.6875	1051	6.7401	75	53	22	1.375	22	2.6045	9	0	9	55.2922	27.7104	0.9049	10.4001	6.9902	0.7285	9	5.9525	23	0	51.7887	7.5708	75	35	0.3803	1.1531	9	0	8.5317	5.9742	23	0	50.0238	5.5978	68	35	0.254	0.7369	4	0	0.0945	3	11.0275	5.5895	24.0873	3.4057	26.2608	47.2002
36E_4_FITC.tif	Positive	Positive	PathAnnotationObject	Polygon	453.91	515.94	6.6664	9.3867	0.9508	3.5394	2.2377	0.7259	9.4211	179	5.1995	17	0	17	56.5263	1074	3.9912	66	51	15	0.5263	10	1.8369	8	0	8	122.7409	39.466	0.9903	13.2132	11.2718	0.4344	6.8949	5.6273	24	0	35.9904	13.6399	66	5	0.5064	1.3286	11	0	6.7322	5.623	24	0	34.6678	12.9648	62	5	0.5051	1.2933	11	0	0.0491	11	165.4076	175.8593	260.7976	41.952	6368.9771	20450.4492
36E_4_FITC.tif	Positive	Positive	PathAnnotationObject	Polygon	597.99	524.17	7.0586	9.8399	0.9161	3.3379	2.7132	0.435	12	240	4.6679	20	3	17	60.6	1212	11.0091	83	46	37	2.2	44	3.4274	10	0	10	127.8388	40.3764	0.9854	13.3027	11.8981	0.2771	10.3211	6.6132	29	0	38.3303	10.6619	83	15	0.5443	1.6754	12	0	10.2117	6.7114	29	0	36.8795	8.8912	61	15	0.4365	1.4389	12	0	0.042	7	66.9743	28.3448	144.3476	16.2966	1334.8572	8278.9893
36E_4_FITC.tif	Positive	Positive	PathAnnotationObject	Polygon	276.57	527.07	7.4507	13.9376	0.482	5.1238	2.9729	0.7603	4.72	118	4.5048	15	0	15	48.56	1214	10.8554	73	28	45	0.88	22	2.3861	9	0	9	90.5851	35.4072	0.908	12.3787	9.5225	0.5967	6.0855	4.2529	16	0	30.6325	10.5396	73	16	0.235	1.0235	9	0	6.2488	4.2034	16	0	28.488	8.2212	67	16	0.1579	0.6786	5	0	0.0828	6	28.4811	9.4243	124.7594	5.3069	214.5307	976.3729
36E_4_FITC.tif	Positive	Positive	PathAnnotationObject	Polygon	287.98	534.46	31.7636	28.1345	0.5043	9.4932	6.2239	0.7671	3.3678	293	4.3539	18	0	18	63.4368	5519	12.8522	86	33	53	1.0345	90	2.1858	8	0	8	129.7995	49.0624	0.6776	16.3946	12.4138	0.769	3.4174	3.8625	18	0	34.4865	21.9562	86	4	0.4294	1.3573	8	0	3.435	3.6825	16	0	24.248	13.8711	74	4	0.2154	0.802	7	0	0.2604	5	11.9975	9.0585	22.5854	4.9849	28.6768	81.0848
36E_4_FITC.tif	Positive	Positive	PathAnnotationObject	Polygon	295.91	531.56	8.6272	12.6884	0.6734	4.804	3.1464	0.6679	6.75	189	2.8626	13	2	11	48	1344	6.5884	63	36	27	0.5714	16	1.3724	6	0	6	87.448	35.4728	0.8733	13.3516	9.1675	0.6677	6.1145	4.7125	17	0	31.1498	9.5859	63	11	0.2819	0.95	6	0	6.0251	4.9159	17	0	28.7789	7.2913	47	11	0.2412	0.8716	5	0	0.1089	5	36.0898	16.2284	129.9917	6.4051	393.3784	976.3729
36E_4_FITC.tif	Positive	Positive	PathAnnotationObject	Polygon	282.82	530.46	3.1371	5.9856	1	2.1792	1.4361	0.7823	4.5	36	3.9641	11	0	11	60.125	481	7.2592	71	51	20	2	16	2.8284	8	0	8	11.7643	14.6281	0.6909	5.87	2.7079	0.8966	7.4	5.4837	18	0	43.0571	15.6505	71	23	1.1429	1.8173	8	0	8.2593	5.6336	18	0	38	13.7813	70	23	0.8889	1.3681	4	0	0.1926	4	6.6809	5.4506	10.8375	4.9849	11.3487	13.0934
36E_4_FITC.tif	Positive	Positive	PathAnnotationObject	Polygon	278.45	536.65	21.96	17.9325	0.8581	6.2182	5.063	0.5543	5.4918	335	6.1958	30	0	30	114.8689	7007	19.5085	164	79	85	4.0164	245	7.0297	34	0	34	57.6451	29.6687	0.823	10.557	7.3009	0.7495	3.7338	4.9587	30	0	65.8247	45.937	164	8	1.6688	4.8386	34	0	2.5806	3.5304	14	0	33.6559	24.9048	100	8	0.129	0.8106	6	0	0.3772	5	6.6053	5.3651	9.0585	5.158	12.3062	20.7038
36E_4_FITC.tif	Positive	Positive	PathAnnotationObject	Polygon	586.97	536.57	34.5086	26.3788	0.6232	8.2703	6.2981	0.5875	7.3298	689	4.8734	22	0	22	62.4894	5874	5.7375	74	49	25	0.4468	42	1.1511	5	0	5	238.4232	55.2255	0.9824	18.0094	16.6419	0.3005	6.8194	4.8321	22	0	44.4023	13.2648	74	8	0.2956	1.0088	10	0	6.7262	4.8234	21	0	41.101	11.4643	64	8	0.268	0.9794	10	0	0.1474	5	79.5109	92.3184	134.9584	16.2966	875.0554	2289.1057
36E_4_FITC.tif	Positive	Positive	PathAnnotationObject	Polygon	271.54	534.44	8.235	11.4373	0.7911	4.1937	2.9831	0.7044	3.3333	80	3.841	14	0	14	75.5	1812	14.0774	105	52	53	1.7917	43	3.2701	12	0	12	36.8615	25.3114	0.723	10.2718	4.428	0.8875	3.6667	3.5679	14	0	43.1146	23.4116	105	12	0.5833	1.89	12	0	3.7778	3.4933	13	0	32.3194	14.0169	73	12	0.1806	0.8106	6	0	0.2137	3	5.4415	5.3651	7.9432	3.0163	6.9013	14.153
36E_4_FITC.tif	Positive	Positive	PathAnnotationObject	Polygon	309.5	537.45	10.5879	11.9505	0.9316	4.4286	3.3545	0.5833	4.6071	129	5.0136	17	0	17	47.3571	1326	8.7187	68	36	32	1.8571	52	3.3078	11	0	11	139.2109	42.4139	0.9724	14.469	12.5243	0.3228	3.6573	4.536	21	0	25.1152	11.5871	68	5	0.4747	1.4562	11	0	3.5762	4.492	21	0	23.2165	9.6697	46	5	0.3567	1.105	7	0	0.0692	5	52.9349	38.6169	139.7064	16.9864	1112.9166	2935.053
36E_4_FITC.tif	Positive	Positive	PathAnnotationObject	Polygon	269.57	539.59	3.5293	6.9278	0.9241	2.5464	1.789	0.6658	7.3636	81	1.9117	10	4	6	45.0909	496	5.1663	52	36	16	0.1818	2	0.603	2	0	2	61.1744	31.1097	0.7943	12.1032	6.862	0.8017	3.2025	3.4563	14	0	24.6013	14.1601	56	2	0.6456	1.8956	12	0	2.8912	3.3457	14	0	23.068	13.4086	56	2	0.6803	1.9549	12	0	0.0436	8	83.5517	27.7853	372.6308	3.0163	1976.63	10861.8301
36E_4_FITC.tif	Positive	Positive	PathAnnotationObject	Polygon	355.88	543.47	14.5093	17.9116	0.5683	5.8025	4.4815	0.673	15.7143	660	6.4592	28	3	25	53.1429	2232	6.8524	66	39	27	0.1905	8	0.5942	3	0	3	173.7196	47.4627	0.9691	16.2406	13.7767	0.4455	9.0113	6.4239	28	0	36.0946	10.5798	66	9	0.1914	0.7989	10	0	8.3109	6.0104	25	0	34.3134	9.2322	56	9	0.1915	0.8179	10	0	0.0903	6	106.5857	109.8669	165.686	46.7795	3002.8538	8020.8906
36E_4_FITC.tif	Positive	Positive	PathAnnotationObject	Polygon	471.76	552.44	9.4114	11.7802	0.8522	4.6458	2.8283	0.6639	7.6538	199	6.2414	20	0	20	57.1538	1486	7.7804	71	45	26	0.8462	22	1.8696	6	0	6	97.6437	37.4098	0.8768	13.2741	9.1736	0.7247	5.75	4.8816	22	0	33.4643	16.3472	71	3	0.4683	1.384	9	0	5.531	4.6678	22	0	30.7389	14.8011	70	3	0.4248	1.3152	9	0	0.0868	3	54.7066	41.952	117.9612	4.2066	729.2621	2086.9626
36E_4_FITC.tif	Positive	Positive	PathAnnotationObject	Polygon	479.53	554.47	6.6664	10.3691	0.7791	3.9	2.3594	0.8394	10.45	209	7.5983	27	0	27	77.05	1541	20.2445	115	49	66	5.45	109	8.7267	27	0	27	81.1737	34.9085	0.8371	13.0675	8.1215	0.7746	5.9714	5.5423	27	0	34.381	19.6273	115	6	0.7714	3.2021	27	0	5.5	5.0811	21	0	29.8895	13.1094	63	6	0.2789	1.0596	8	0	0.0851	4	70.5377	77.9068	122.1307	4.2066	1144.429	2289.1057
