Image	Object ID	Object type	Name	Classification	Parent	ROI	Centroid X µm	Centroid Y µm	Nucleus: Area	Nucleus: Perimeter	Nucleus: Circularity	Nucleus: Max caliper	Nucleus: Min caliper	Nucleus: Eccentricity	Nucleus: Red mean	Nucleus: Red sum	Nucleus: Red std dev	Nucleus: Red max	Nucleus: Red min	Nucleus: Red range	Nucleus: Green mean	Nucleus: Green sum	Nucleus: Green std dev	Nucleus: Green max	Nucleus: Green min	Nucleus: Green range	Nucleus: Blue mean	Nucleus: Blue sum	Nucleus: Blue std dev	Nucleus: Blue max	Nucleus: Blue min	Nucleus: Blue range	Cell: Area	Cell: Perimeter	Cell: Circularity	Cell: Max caliper	Cell: Min caliper	Cell: Eccentricity	Cell: Red mean	Cell: Red std dev	Cell: Red max	Cell: Red min	Cell: Green mean	Cell: Green std dev	Cell: Green max	Cell: Green min	Cell: Blue mean	Cell: Blue std dev	Cell: Blue max	Cell: Blue min	Cytoplasm: Red mean	Cytoplasm: Red std dev	Cytoplasm: Red max	Cytoplasm: Red min	Cytoplasm: Green mean	Cytoplasm: Green std dev	Cytoplasm: Green max	Cytoplasm: Green min	Cytoplasm: Blue mean	Cytoplasm: Blue std dev	Cytoplasm: Blue max	Cytoplasm: Blue min	Nucleus/Cell area ratio	Delaunay: Num neighbors	Delaunay: Mean distance	Delaunay: Median distance	Delaunay: Max distance	Delaunay: Min distance	Delaunay: Mean triangle area	Delaunay: Max triangle area
43_7_FITC.tif	ba6f214e-e535-4602-b964-ea11638859b8	Cell		Positive	Annotation	Polygon	381.41	432.79	8.6977	17.7906	0.3453	7.6768	1.4269	NaN	13.4167	644	8.8048	31	0	31	106.5208	5113	24.0894	148	65	83	11.0833	532	12.9448	41	0	41	102.3012	52.5041	0.4663	24.0608	4.9676	NaN	11.2222	6.4653	31	0	49.8586	23.7423	148	11	1.5152	5.2341	41	0	10.9866	6.1283	29	0	43.774	13.4376	92	11	0.4877	1.3323	10	0	0.0883	7	519.4966	352.5793	1121.8752	228.0872	13892.6074	30802.8086
43_7_FITC.tif	227cb914-7952-4605-962e-d929e8f0be82	Cell		Positive	Annotation	Polygon	391.96	658.9	9.9402	17.0259	0.4309	7.8242	1.7291	NaN	30.6042	1469	5.7046	41	17	24	109.4792	5255	5.6606	119	96	23	0.8542	41	1.429	6	0	6	67.9247	47.4807	0.3786	22.7952	4.4585	NaN	21.4713	10.2945	47	1	77.1178	25.08	119	18	0.6465	1.5292	11	0	19.9223	10.0989	47	1	71.629	22.8526	111	18	0.6113	1.5451	11	0	0.1324	3	121.9111	129.3044	228.0872	8.3418	1734.0483	4945.8267
43_7_FITC.tif	63f46398-1842-4f5a-a037-29efe2c341eb	Cell		Positive	Annotation	Polygon	393.48	671.44	9.9402	20.3122	0.3028	9.5113	1.6128	NaN	36.1	1805	8.428	55	22	33	109.52	5476	4.8916	121	98	23	0.56	28	1.0529	5	0	5	71.8593	49.8965	0.3627	24.103	4.6964	NaN	30.235	11.8543	66	0	83.7249	18.7443	121	34	0.5158	1.2699	9	0	29.2542	12.0701	66	0	79.4114	16.6149	119	34	0.5084	1.304	9	0	0.1333	8	533.9605	688.4383	1092.9872	8.3418	13715.7441	57945.9414
43_7_FITC.tif	9245e94f-1aa8-4bcf-a16e-abbcd86cc5b2	Cell		Positive	Annotation	Polygon	317.42	702.26	9.3189	15.5926	0.4817	6.7099	1.9126	NaN	7.8627	401	7.4324	24	0	24	80.8431	4123	16.6029	110	51	59	5.9804	305	6.8073	24	0	24	98.1594	49.7675	0.498	23.0234	5.3723	NaN	4.0654	4.5287	24	0	33.6603	19.6807	110	5	1.1498	3.118	24	0	3.6076	3.8066	19	0	27.9716	9.9997	75	5	0.5674	1.4987	11	0	0.0949	5	394.343	277.2233	718.3604	90.1894	31547.4316	60604.7461
43_7_FITC.tif	d22eae47-925d-4775-9838-d3055a978b6c	Cell		Positive	Annotation	Polygon	354.96	784.32	9.3189	15.7722	0.4707	7.524	1.881	NaN	12.6	630	9.9406	36	0	36	106.26	5313	24.6716	150	62	88	10.32	516	11.8742	40	0	40	96.9169	50.6402	0.4749	24.0062	5.3843	NaN	8.7974	6.2767	36	0	47.1834	25.0472	150	14	1.8273	5.0921	40	0	8.3437	5.5308	25	0	40.1337	12.7971	92	14	0.8138	1.6869	9	0	0.0941	6	386.4255	240.9418	981.7902	90.1894	22507.7305	97130.6094
43_7_FITC.tif	bcdeaba0-8323-492b-9a4a-29e7295e552e	Cell		Positive	Annotation	Polygon	68.25	823.95	16.3599	23.5867	0.3695	10.2268	2.3542	NaN	4.3529	370	4.7377	19	0	19	91.9059	7812	16.8464	127	54	73	4.1412	352	4.7962	19	0	19	122.8028	57.6419	0.4645	27.0083	5.7984	NaN	2.1554	3.2268	19	0	36.5557	27.2803	127	5	0.9291	2.6323	19	0	1.787	2.7364	13	0	27.2761	14.8727	85	5	0.3905	1.5001	13	0	0.1354	9	432.0647	438.3764	501.0704	277.2233	12934.6172	60604.7461
43_7_FITC.tif	f8a02cbc-9d58-46b1-b794-0bb3e632a840	Cell		Positive	Annotation	Polygon	111.3	1250.7	4.9701	10.9271	0.5231	4.5198	1.5645	NaN	16.3846	426	5.3147	27	7	20	96.9231	2520	7.4023	111	82	29	1.2308	32	1.9861	6	0	6	31.2702	28.0461	0.4996	13.0094	3.1008	NaN	9.3636	6.9685	30	0	59.9156	26.0597	111	20	0.7727	1.7951	8	0	7.9375	6.3874	30	0	52.3984	21.68	101	20	0.6797	1.7476	8	0	0.1433	5	92.4685	7.0185	432.5454	6.1363	579.1256	1851.7054
43_7_FITC.tif	0835ce04-493e-4259-9ef5-c4cd9645a582	Cell		Positive	Annotation	Polygon	114.3	1262.5	38.3112	41.8406	0.275	15.4625	3.6034	NaN	3.7005	692	4.5266	22	0	22	108.0642	20208	17.7793	141	68	73	1.6096	301	2.2367	11	0	11	113.0697	68.8839	0.2994	32.0891	5.2744	NaN	3.4655	4.076	22	0	65.7545	36.9483	141	11	0.9018	1.8271	11	0	3.3444	3.8242	18	0	43.9587	22.514	123	11	0.5372	1.4492	11	0	0.3395	4	4.6233	4.2951	7.0185	2.8844	8.8729	12.6906
43_7_FITC.tif	219b46ba-fae8-4bee-a68d-927dd2e08b20	Cell		Positive	Annotation	Polygon	104.3	1259.4	15.5316	24.0987	0.3361	11.4302	1.9929	NaN	6.9	552	4.7163	19	0	19	92.425	7394	13.5149	116	58	58	2.3	184	2.7897	10	0	10	92.5681	57.3143	0.3541	27.674	5.0517	NaN	7.7089	6.7052	29	0	51.56	24.4833	116	15	0.9422	1.9913	12	0	7.8838	7.055	29	0	42.7243	15.81	99	15	0.6486	1.6349	12	0	0.1721	5	94.7228	10.312	438.3764	6.5874	737.9272	1851.7054
43_7_FITC.tif	4d31a8f7-ac7e-4065-b10c-3445c414671d	Cell		Positive	Annotation	Polygon	116.98	1255.3	5.1772	13.7948	0.3419	6.2095	1.4366	NaN	4	128	4.3105	16	0	16	91.8125	2938	7.1231	104	73	31	1.6875	54	2.1914	7	0	7	26.9214	43.375	0.1798	20.7365	2.581	NaN	5.0074	4.5671	17	0	61.9185	26.1859	104	26	0.6815	1.6511	8	0	5.3204	4.6193	17	0	52.6311	22.7583	95	26	0.3689	1.306	8	0	0.1881	5	91.0414	6.1363	436.6083	1.6074	263.9524	999.188
43_7_FITC.tif	286839e8-2b02-4658-8e7e-45233f98b4f4	Cell		Positive	Annotation	Polygon	119.07	1258	3.7276	9.7774	0.49	4.5078	1.1665	NaN	2	44	2.4103	8	0	8	84.6364	1862	11.1079	102	62	40	1.8636	41	2.274	8	0	8	40.1749	38.352	0.3432	18.6673	2.8942	NaN	2.2335	3.6444	17	0	47.401	19.5142	102	23	0.4518	1.2552	8	0	2.2629	3.7752	17	0	42.72	14.7214	93	23	0.2743	0.9311	6	0	0.0884	5	99.7013	24.7471	437.4878	1.6074	406.1136	1642.7039
43_7_FITC.tif	f91021f8-35aa-44e0-8d37-c774c808053a	Cell		Positive	Annotation	Polygon	110.41	1263	3.9347	11.5596	0.37	5.485	1.1349	NaN	9.0455	199	7.5874	23	0	23	86.6364	1906	13.675	103	61	42	3.5909	79	4.1018	14	0	14	39.9679	38.3428	0.3416	18.6791	3.1506	NaN	3.5333	5.3393	23	0	39.0462	28.3577	103	5	0.8667	2.414	15	0	2.8324	4.5547	23	0	32.9942	23.6148	101	5	0.5202	1.8571	15	0	0.0946	6	41.4624	7.0225	213.8939	2.8844	275.6902	982.206
43_7_FITC.tif	c2484243-8548-41ac-9268-b0a8d76c74a8	Cell		Positive	Annotation	Polygon	117.26	1267.9	3.5205	9.9328	0.4484	4.6962	1.0661	NaN	3.5	70	3.8044	14	0	14	98.8	1976	8.2819	112	84	28	3.1	62	3.9855	14	0	14	14.4961	25.0471	0.2904	12.2103	1.6668	NaN	3.0667	3.3745	14	0	64.0933	29.7108	112	18	1.12	2.4712	14	0	2.9091	3.2276	11	0	51.4727	24.0246	97	18	0.4	0.8944	4	0	0.2309	7	40.7478	6.7337	210.4398	4.4278	301.2005	1419.7555
43_7_FITC.tif	9eb3a769-7bca-4b8f-9f48-7d57d41ab2e7	Cell		Positive	Annotation	Polygon	101.04	1268.2	17.6024	20.3948	0.5318	8.3962	3.2949	NaN	9.3977	827	6.6342	28	0	28	96.3182	8476	17.1743	128	51	77	5.2614	463	5.4171	23	0	23	92.5681	52.8473	0.4165	24.8758	4.9768	NaN	6.4956	5.7317	28	0	46.9667	30.2416	128	9	1.26	3.2121	23	0	5.7901	5.2632	22	0	34.9696	18.1209	100	9	0.2873	0.9534	8	0	0.1945	5	63.023	11.6214	206.9767	5.4687	515.2422	1361.7567
43_7_FITC.tif	136fcf50-2f32-42ed-b013-5020303f1ac4	Cell		Positive	Annotation	Polygon	96.26	1269.4	15.3245	22.3911	0.3841	10.5532	2.217	NaN	8.25	627	5.5788	20	0	20	95.4737	7256	20.0016	133	55	78	5.1184	389	5.2813	18	0	18	108.928	57.0259	0.4209	27.0283	5.1498	NaN	4.2129	4.4551	20	0	42.4943	27.7372	133	3	1.1407	2.9054	18	0	3.5311	3.845	16	0	33.5467	16.6558	86	3	0.4689	1.4423	12	0	0.1414	6	101.6084	32.7564	445.9117	5.4687	1621.3906	6619.8623
43_7_FITC.tif	d85eb755-9cfa-4889-8780-a49e154ae96a	Cell		Positive	Annotation	Polygon	128.49	1279.2	12.8394	22.265	0.3255	10.2461	2.3683	NaN	1.9855	137	3.3453	16	0	16	92.5652	6387	10.4029	119	72	47	1.6377	113	3.2987	16	0	16	87.1838	52.9739	0.3904	25.0363	5.8365	NaN	2.9225	3.6151	17	0	57.3826	23.7178	119	18	0.7559	2.0319	16	0	3.1036	3.6417	17	0	50.5826	19.0947	97	18	0.5854	1.6341	12	0	0.1444	6	213.0425	97.5116	608.8832	4.8753	17615.5449	60604.7461
43_7_FITC.tif	a4570acf-471a-4f10-836d-82d04be78b19	Cell		Positive	Annotation	Polygon	67.09	1280.6	8.4906	19.5767	0.2784	8.2929	1.7971	NaN	7.7872	366	7.1777	27	0	27	104.7872	4925	5.672	117	93	24	1.0851	51	1.4719	5	0	5	77.2436	51.4535	0.3666	24.5491	4.7902	NaN	15.7234	10.2016	40	0	81.1835	18.1737	117	32	0.6436	1.4517	11	0	16.8571	10.072	40	0	77.8116	16.7887	108	32	0.5805	1.44	11	0	0.1122	4	157.647	83.1761	458.2296	6.0061	2262.6931	6619.8623
43_7_FITC.tif	3fb5ec90-6bfe-482e-9d20-53675dcd28b4	Cell		Positive	Annotation	Polygon	125.75	1287.4	2.485	9.0103	0.3846	3.5995	0.9463	NaN	3.4667	52	3.3989	9	0	9	80	1200	4.2088	87	74	13	0.6667	10	1.4475	4	0	4	24.0221	28.859	0.3625	13.6471	2.9459	NaN	2.4831	2.785	10	0	62.4915	13.2908	87	32	0.6356	1.6207	9	0	2.3398	2.6736	10	0	59.9417	12.1879	85	32	0.6311	1.6508	9	0	0.106	4	15.1699	14.1927	28.4813	3.8128	25.8834	47.4494
43_7_FITC.tif	f61587b4-3c3e-4efa-a6fc-610c1d5b89c0	Cell		Positive	Annotation	Polygon	68.92	1291	3.9347	11.1473	0.3979	5.2954	1.0079	NaN	6.0952	128	5.0686	17	0	17	104.2381	2189	5.7698	116	95	21	1.9524	41	2.8892	11	0	11	48.4584	37.5286	0.4324	17.8541	3.8007	NaN	7.6878	7.5703	32	0	81.0253	15.3777	116	33	0.6414	1.6653	11	0	7.8426	7.7618	32	0	78.7685	14.0971	107	33	0.5139	1.4434	10	0	0.0701	4	58.1797	49.0221	128.6683	6.0061	584.9429	1145.4825
43_7_FITC.tif	3d3ef5ae-cec2-4765-9d57-a1a5330d11fa	Cell		Positive	Annotation	Polygon	127.62	1294.5	4.3488	13.5086	0.2995	6.5833	0.909	NaN	2.1364	47	3.5361	11	0	11	81.9091	1802	8.2457	98	67	31	1.2727	28	2.7287	10	0	10	33.7552	30.3755	0.4597	14.3787	3.4682	NaN	1.6726	2.475	11	0	47.6429	20.9094	98	17	0.3988	1.2955	10	0	1.6027	2.2818	9	0	42.4795	16.991	83	17	0.2671	0.8493	5	0	0.1256	6	103.6546	95.7513	231.0133	3.8128	2840.9353	13510.4531
43_7_FITC.tif	edafeb00-e53c-467c-a219-10855ae13a4b	Cell		Positive	Annotation	Polygon	85.85	1350	2.8992	9.7042	0.3869	4.4528	0.9035	NaN	1.9375	31	2.9545	11	0	11	69.625	1114	8.1721	83	52	31	1.9375	31	2.9545	11	0	11	71.2381	44.508	0.4519	21.0113	4.3477	NaN	3.0986	3.6219	16	0	43.742	17.4499	83	8	0.7507	1.719	11	0	3.155	3.6455	16	0	42.4833	16.7938	82	8	0.693	1.6211	11	0	0.0364	5	84.7899	81.7309	124.2461	64.32	1036.9277	1454.5536
43_7_FITC.tif	afc88ed2-0504-42cd-973b-42b1bf73f8d4	Cell		Positive	Annotation	Polygon	232.76	1415.5	7.4551	16.7442	0.3341	8.0262	1.6119	NaN	14.6341	600	12.8155	41	0	41	74.8293	3068	22.1324	114	37	77	9.3659	384	10.9972	35	0	35	97.124	52.5256	0.4424	25.0134	5.3503	NaN	4.1911	5.8802	41	0	27.3779	19.0012	114	4	1.1168	4.2222	35	0	3.1953	3.3392	13	0	22.8535	10.6849	67	4	0.3302	1.0634	7	0	0.0814	10	541.6137	664.9983	1038.2001	164.2551	38940.6523	103034.1094
43_7_FITC.tif	353c7362-6654-40e3-b468-aff9177b4e2e	Cell		Positive	Annotation	Polygon	67.51	1417	12.0111	20.1021	0.3735	9.7801	1.6365	NaN	19.9677	1238	17.5396	64	0	64	127.9516	7933	32.2599	187	78	109	19.2742	1195	17.9043	64	0	64	102.5083	54.7532	0.4297	26.0108	4.9701	NaN	4.9253	8.9852	64	0	35.6626	39.4724	187	3	2.7596	8.975	64	0	2.7714	3.4286	22	0	22.448	15.4051	82	3	0.3949	1.4494	14	0	0.1162	5	102.1749	114.848	134.5637	63.6027	1005.4849	1454.5536
43_7_FITC.tif	6070596f-4ee9-4521-b234-8724c1717601	Cell		Positive	Annotation	Polygon	95.42	1474.4	39.3466	40.0675	0.308	18.6433	3.2105	NaN	4.5393	867	4.5777	20	0	20	94.4921	18048	21.9089	134	44	90	2.5445	486	3.3477	15	0	15	179.7518	73.7279	0.4155	35.0093	6.6268	NaN	2.5713	3.4666	20	0	41.0195	33.2482	134	1	0.6747	1.9472	15	0	2.0177	2.8517	16	0	25.9779	15.8197	109	1	0.1487	0.6762	7	0	0.2199	10	120.0332	93.9244	213.8939	39.7604	909.0768	1617.8605
43_7_FITC.tif	1b0acbed-f317-42e0-8035-eb58039350f6	Cell		Positive	Annotation	Polygon	93.52	1514.1	19.2591	28.7722	0.2923	12.8598	2.6303	NaN	2.1458	206	2.5463	11	0	11	87.4167	8392	9.986	104	54	50	1.0625	102	1.9937	11	0	11	137.0918	62.9054	0.4354	30.0022	6.0055	NaN	3.7225	3.9596	19	0	55.6501	20.115	104	19	0.6712	1.6186	12	0	3.9894	4.0934	19	0	50.2716	16.0115	93	19	0.6049	1.5384	12	0	0.1414	3	25.0793	24.6684	39.7604	10.809	209.0699	325.9693
43_7_FITC.tif	25248723-3361-4b62-8bac-e4a12f1fa624	Cell		Positive	Annotation	Polygon	105.48	1519	30.0277	37.6665	0.266	14.3718	3.0994	NaN	5.9548	923	5.1426	23	0	23	88.7677	13759	12.6043	111	55	56	1.3548	210	2.041	9	0	9	134.3997	69.5638	0.349	33.0028	5.3398	NaN	5.7935	5.198	25	0	49.2219	28.1543	111	4	0.5763	1.4221	9	0	5.7429	5.2194	25	0	36.8138	18.609	93	4	0.332	1.052	9	0	0.233	7	338.4219	164.5188	978.3674	3.1454	16194.9941	65775.7891
43_7_FITC.tif	a74be1ef-fca2-4413-b287-d014a7febbaf	Cell		Positive	Annotation	Polygon	102.25	1522.3	8.9048	25.0551	0.1783	12.2626	1.2675	NaN	2.5	130	2.7618	13	0	13	92.0385	4786	13.9016	117	60	57	1.4808	77	2.6457	13	0	13	46.8017	59.1857	0.1679	28.7462	2.8876	NaN	5.1783	4.9095	19	0	61.287	23.6092	117	18	0.8565	2.1272	14	0	5.9607	5.1248	19	0	52.3034	17.5067	104	18	0.6742	1.9209	14	0	0.2026	4	252.2416	15.6587	976.3691	1.2798	3591.3979	13161.6904
43_7_FITC.tif	44339aea-3c77-4b3e-8903-473a8894a160	Cell		Positive	Annotation	Polygon	100.63	1521.6	2.278	7.5444	0.5029	3.4312	0.9276	NaN	6	78	6.2981	19	0	19	94.9231	1234	7.365	107	85	22	5.6923	74	6.7378	19	0	19	27.9568	32.9219	0.3241	16.1616	2.6778	NaN	3.1439	3.7601	19	0	62.4676	16.6926	107	29	1.1367	3.0413	19	0	2.8492	3.2962	14	0	59.119	13.4745	93	29	0.6667	1.8633	13	0	0.0807	5	18.089	10.809	47.2552	1.2798	171.3626	627.2097
43_7_FITC.tif	18ab060d-b76d-41f6-b274-1d37a346209c	Cell		Positive	Annotation	Polygon	76.15	1531.7	3.9347	10.821	0.4223	5.0173	0.948	NaN	12.95	259	7.0448	23	0	23	72.3	1446	8.7365	85	53	32	3	60	2.8837	9	0	9	77.6578	45.0831	0.4801	21.0407	4.6668	NaN	9.0718	7.2438	30	0	45.391	16.1261	85	9	0.7633	2.0199	16	0	8.8539	7.2026	30	0	43.8792	15.0842	82	9	0.6376	1.8886	16	0	0.0457	6	204.0309	44.3144	968.5714	24.6684	2601.5457	13161.6904
43_7_FITC.tif	18d6d404-54ac-4896-bf2c-08cc0f0a130b	Cell		Positive	Annotation	Polygon	584.08	1331.6	9.9402	22.8606	0.239	11.2024	1.1545	NaN	43.2353	2205	7.2404	57	31	26	95.6274	4877	11.9615	114	67	47	3.8039	194	4.6218	18	0	18	80.1428	58.2277	0.297	28.0129	3.9101	NaN	23.5219	14.2189	61	0	55.1131	23.7165	114	23	0.9846	2.7414	18	0	20.5473	12.5424	61	0	49	18.4521	112	23	0.5592	2.0246	18	0	0.1256	7	150.0272	75.7295	689.0836	2.3639	1595.1705	10497.8838
43_7_FITC.tif	81e88500-5814-4421-bd6c-2ddbecd68132	Cell		Positive	Annotation	Polygon	586.73	1327.8	5.3843	14.7557	0.3108	7.2437	1.0249	NaN	52.7143	1476	10.9031	79	37	42	97	2716	9.3532	112	78	34	4.2857	120	4.1975	15	0	15	50.3222	46.297	0.295	22.69	3.0184	NaN	36.3429	14.1704	88	4	66.4612	19.0402	112	33	1.2939	3.0801	17	0	34.2304	13.1432	88	4	62.5207	16.1893	105	33	0.9078	2.6841	17	0	0.0942	6	335.01	153.4439	919.3878	2.3639	9175.7236	30802.8086
43_7_FITC.tif	98d8080e-27b2-43b0-b252-f4af0a723c21	Cell		Positive	Annotation	Polygon	561.98	1362.6	7.2481	14.2859	0.4463	6.8396	1.3591	NaN	9.4211	358	7.1002	25	0	25	98.6842	3750	11.0309	115	72	43	4.8421	184	5.1911	18	0	18	87.3909	48.7517	0.4621	23.0144	4.9516	NaN	8.2506	6.4008	30	0	51.6714	24.0164	115	10	1.1962	2.9685	18	0	8.1351	6.326	30	0	47.0312	19.5407	104	10	0.8364	2.3754	17	0	0.0796	4	202.3308	40.4437	713.7288	14.7073	3957.0359	10497.8838
43_7_FITC.tif	f7d23a6b-8941-49aa-8da2-d0a9bc3c0f91	Cell		Positive	Annotation	Polygon	551.71	1373	8.6977	15.9976	0.4271	7.2883	1.8707	NaN	4.4	198	5.2328	17	0	17	113	5085	9.835	131	91	40	2.1778	98	3.3391	14	0	14	97.124	50.8086	0.4728	24.0217	5.3805	NaN	6.2957	5.4655	26	0	84.6383	14.2078	131	48	0.7532	1.939	14	0	6.4965	5.457	26	0	81.6353	10.9012	111	48	0.6024	1.6624	10	0	0.0914	6	342.2924	411.8157	721.6883	14.7073	13902.1094	57945.9414
43_7_FITC.tif	9bafc465-ee71-43cb-88cd-bbc7c490cbae	Cell		Positive	Annotation	Polygon	572.17	1402.8	10.9756	15.7028	0.5594	7.2026	1.9767	NaN	27.2456	1553	17.0914	55	4	51	102.9123	5866	14.7905	128	73	55	4.193	239	4.7149	21	0	21	85.5271	50.8067	0.4164	24.0074	4.5559	NaN	16.363	11.5187	57	0	55.5072	26.0793	128	15	0.9856	2.5039	21	0	14.6351	9.2876	57	0	47.9805	18.4279	106	15	0.4763	1.3757	10	0	0.1194	6	98.7426	39.3906	428.0906	4.3799	1043.2915	4975.7158
43_7_FITC.tif	42c5d982-bd14-47d8-afa5-3806b20a33d2	Cell		Positive	Annotation	Polygon	575.56	1404.4	7.6622	14.8539	0.4364	6.8713	1.8408	NaN	18.8636	830	5.0467	29	5	24	91.8636	4042	12.9858	115	67	48	3.0909	136	3.9226	15	0	15	48.6655	46.3878	0.2842	22.4721	2.8473	NaN	14.2899	6.8815	33	0	55.3319	23.5554	115	18	0.9832	2.4147	15	0	13.2526	6.8282	33	0	47.0464	16.4475	114	18	0.5052	1.5778	10	0	0.1675	3	27.9686	4.3799	75.7295	3.7965	68.2394	134.1548
43_7_FITC.tif	4fd3b5f3-e861-4b64-af36-7a9074cfa8d0	Cell		Positive	Annotation	Polygon	577.77	1410.9	6.8339	14.9562	0.3839	7.235	1.3253	NaN	12.8108	474	7.2143	30	4	26	92.4595	3421	14.2548	115	58	57	2.4324	90	2.8337	10	0	10	63.3687	51.6469	0.2985	25.0139	3.7895	NaN	11.7161	7.0212	30	0	55.3258	19.3957	115	20	0.8548	1.8083	10	0	11.5678	6.995	27	0	50.293	13.6923	89	20	0.641	1.5059	9	0	0.1005	7	81.9882	18.967	422.0077	3.7965	527.6782	2818.687
43_7_FITC.tif	c4c1a238-7283-479f-8dd0-adae7f9c3c1e	Cell		Positive	Annotation	Polygon	588.27	1418.7	2.0709	7.4209	0.4726	3.3023	1.139	NaN	25	350	6.8725	33	9	24	111.1429	1556	10.1894	125	90	35	3.2857	46	3.6884	11	0	11	30.0277	26.5321	0.536	12.1999	3.5086	NaN	30.0403	10.1441	65	7	84.7517	14.1033	125	60	0.6779	1.839	11	0	30.563	10.3026	65	7	82.0148	11.3709	110	60	0.4074	1.2772	9	0	0.0705	7	33.8002	11.3499	93.6278	3.5155	144.4129	474.242
43_7_FITC.tif	cdf90c5b-9707-4615-a85f-3d58de23c0bd	Cell		Positive	Annotation	Polygon	597.85	1419.5	1.8638	7.5298	0.4131	3.6131	0.6789	NaN	37.8182	416	7.5474	47	23	24	114.9091	1264	6.188	126	104	22	0.8182	9	1.1677	3	0	3	24.2292	25.9548	0.452	12.327	2.9742	NaN	23.7769	8.3131	49	7	85.1322	15.7427	126	52	0.4959	1.0577	5	0	22.3727	6.9978	49	7	82.1545	13.073	122	52	0.4636	1.0464	5	0	0.0526	6	58.5032	52.6932	130.4195	5.8458	1483.0868	4222.1558
43_7_FITC.tif	e5acb9e9-f3c4-4bc6-a2fe-63142982bbc3	Cell		Positive	Annotation	Polygon	585.9	1425.8	3.9347	11.54	0.3713	5.4968	1.1664	NaN	31.84	796	5.9769	40	18	22	116.96	2924	5.3031	126	108	18	1.4	35	1.9365	7	0	7	36.6545	38.8707	0.3049	19.0778	3.0373	NaN	27.2556	17.3363	73	0	87.4222	22.2996	126	39	0.7167	1.6179	10	0	26.5161	18.4339	73	0	82.6581	20.2271	122	39	0.6065	1.5395	10	0	0.1142	3	9.5977	6.3107	18.967	3.5155	15.8406	25.7479
43_7_FITC.tif	211c2bfa-41dc-4654-a2b4-2131541ee9e3	Cell		Positive	Annotation	Polygon	596.11	1430	6.2126	18.7613	0.2218	9.2106	1.0077	NaN	54.9412	1868	13.4027	87	33	54	118.2941	4022	6.1964	131	105	26	0.6765	23	1.2485	4	0	4	44.5238	45.2101	0.2737	22.2836	2.9772	NaN	28.1198	22.3688	92	0	91.1106	21.9487	131	39	0.6129	1.5627	12	0	23.1366	20.0477	92	0	86.0601	20.0272	126	39	0.6011	1.617	12	0	0.1445	5	7.0613	6.3065	11.3499	2.9888	21.2858	40.3405
43_7_FITC.tif	3fb3470a-b493-4450-af3d-d8e97f8fc3d6	Cell		Positive	Annotation	Polygon	588.85	1435.2	18.845	28.1087	0.2997	13.1367	2.408	NaN	22.5102	2206	6.5633	37	9	28	115.7041	11339	9.8055	131	84	47	0.949	93	1.5819	8	0	8	100.2303	57.5763	0.3799	27.7392	5.3212	NaN	15.6124	8.2754	42	0	80.499	27.927	131	19	0.6392	1.5211	10	0	13.8656	7.7398	42	0	71.584	23.6519	118	19	0.5607	1.4973	10	0	0.1948	7	81.6301	10.034	400.9568	6.3107	1334.5615	7261.4204
43_7_FITC.tif	0eebf4eb-27d6-4a7c-bab5-4f94f71010e5	Cell		Positive	Annotation	Polygon	599.45	1434.5	10.3544	24.9402	0.2092	12.2245	1.4571	NaN	79.9649	4558	16.8819	107	48	59	121.0351	6899	6.4751	131	100	31	1.0175	58	1.4819	5	0	5	64.6113	53.9863	0.2786	26.0657	3.4893	NaN	55.9937	30.0879	115	1	91.0984	21.5554	131	44	0.6286	1.3864	9	0	50.6977	29.8054	115	1	84.4845	17.7727	123	44	0.5426	1.3524	9	0	0.1655	4	26.9646	6.0807	92.7082	2.9888	25.7638	65.2548
43_7_FITC.tif	b5bd69bb-6f79-47da-a82d-5175a469d01f	Cell		Positive	Annotation	Polygon	597.31	1439.9	0.8283	4.3399	0.5527	1.9279	0.5812	NaN	85.6667	514	3.2042	89	80	9	112.1667	673	2.7142	115	108	7	0.1667	1	0.4082	1	0	1	11.3898	20.3844	0.3445	9.7824	1.5297	NaN	73.7719	17.9265	97	31	93.8596	12.9621	116	63	0.4386	1.2395	7	0	72.3726	18.4369	97	31	91.7059	11.937	116	63	0.4706	1.3016	7	0	0.0699	5	42.9574	10.034	105.4583	3.8218	160.2581	459.2705
43_7_FITC.tif	de203f66-bc4b-462a-ab5d-d935505d1f26	Cell		Positive	Annotation	Polygon	696.09	1509.8	5.5914	11.5978	0.5224	5.5115	1.3465	NaN	19.2143	538	11.3443	46	4	42	83.6786	2343	18.1231	113	54	59	11.2857	316	10.7319	37	0	37	79.9357	46.5282	0.464	22.0047	4.763	NaN	5.6917	6.3786	46	0	30.8731	20.0041	113	5	1.3083	4.4577	37	0	4.6341	4.3221	18	0	26.743	13.073	94	5	0.5279	2.0737	18	0	0.0598	8	399.2047	350.132	1121.8752	83.5891	7097.4321	30802.8086
43_7_FITC.tif	b9a7a510-b313-4c76-9c09-b55a95c29e8f	Cell		Positive	Annotation	Polygon	613.63	1523.6	23.815	42.1562	0.1684	20.7416	1.5914	NaN	43.4273	5081	14.491	74	14	60	96.2735	11264	13.9751	123	62	61	8.4188	985	7.6274	28	0	28	178.5093	77.2531	0.3759	37.2397	6.7595	NaN	18.5168	14.4908	74	0	50.8888	25.5203	123	11	1.7937	4.6615	28	0	14.6099	9.8756	57	0	43.7708	18.68	102	11	0.7547	2.8478	23	0	0.1372	8	105.7746	96.868	157.806	17.0598	1806.4845	6453.1162
43_7_FITC.tif	ba40aebd-e8b6-4c31-9197-aba809abc6ce	Cell		Positive	Annotation	Polygon	611.12	1540.6	3.1063	7.885	0.6278	3.6014	1.0965	NaN	38.8235	660	6.4443	51	28	23	89.5882	1523	6.2656	100	79	21	3.7647	64	3.5094	12	0	12	71.031	42.707	0.4894	20.0144	4.5559	NaN	22.782	10.4606	51	2	66.0872	16.4619	101	29	0.9797	2.4983	18	0	21.948	9.9487	50	2	64.8654	15.9029	101	29	0.8349	2.3531	18	0	0.0383	6	161.333	121.6094	303.7929	17.0598	2737.3333	7793.2539
43_7_FITC.tif	fe4cf81a-70ac-4560-9dda-7a05c1e46729	Cell		Positive	Annotation	Polygon	426.52	2119.3	24.2292	33.7039	0.268	14.7479	2.7796	NaN	32.8167	3938	8.0846	54	9	45	93.2917	11195	16.0532	121	46	75	1.9167	230	2.6932	12	0	12	93.6035	60.5476	0.3209	29	4.9933	NaN	19.1366	12.0636	54	0	53.0947	29.0914	121	14	0.6608	1.7351	12	0	14.2216	9.1076	42	0	38.6527	16.3624	90	14	0.2096	0.8548	9	0	0.2498	4	139.8134	17.3693	520.0651	4.4496	438.1799	1027.3885
43_7_FITC.tif	ba7aff4b-ac21-4603-a04f-493b713dfd12	Cell		Positive	Annotation	Polygon	431.12	2118.6	6.2126	17.1694	0.2648	8.4386	1.0721	NaN	24.3889	878	7.2714	42	12	30	79.3889	2858	10.6805	99	54	45	2.1667	78	3.2558	11	0	11	61.2979	51.859	0.2864	25.0118	3.2448	NaN	14.7826	8.4056	42	0	49.0635	21.484	99	7	0.8027	1.9843	14	0	13.4677	7.6736	34	0	44.9125	19.1334	95	7	0.616	1.6649	14	0	0.1075	7	206.9615	44.1086	610.5977	4.4496	7144.5649	27192.1992
43_7_FITC.tif	9ec13ee7-9800-4bd5-a271-09d262e18dd6	Cell		Positive	Annotation	Polygon	222.39	2454.5	8.9048	15.9305	0.4409	7.3411	1.5947	NaN	10.9302	470	9.9938	37	0	37	81.3721	3499	17.0182	115	48	67	5.6512	243	7.0538	28	0	28	96.7098	52.6577	0.4383	25.0237	5.1646	NaN	7.6581	6.1368	37	0	39.6004	17.7023	115	17	1.1154	3.2471	28	0	7.3271	5.5128	26	0	35.3741	11.0274	91	17	0.6565	2.0944	20	0	0.0814	8	401.0031	225.3813	1038.2001	74.5817	31580.5723	103034.1094
43_7_FITC.tif	d02021a9-6fe7-43ab-869f-8b67f4ad346b	Cell		Positive	Annotation	Polygon	161.08	2496.5	9.1118	16.7723	0.407	7.8187	1.7813	NaN	13.3	665	16.4729	55	0	55	74.8	3740	36.5608	141	20	121	13.2	660	17.1833	57	0	57	105.2004	52.9138	0.4722	25.0668	5.72	NaN	4.1142	6.897	55	0	22.0492	22.0836	141	2	1.5	6.642	57	0	3.1114	3.6658	16	0	16.2904	7.7483	64	2	0.2227	0.82	7	0	0.0931	5	612.0305	968.5714	978.3674	62.2629	11964.8379	31188.9375
43_7_FITC.tif	32b1ce2b-98a5-4258-892a-73c4f07e6a13	Cell		Positive	Annotation	Polygon	195.73	2548	6.4197	11.848	0.5747	5.1353	1.885	NaN	39.5833	1425	9.2655	58	19	39	87.1667	3138	14.0804	115	58	57	6.7222	242	7.7261	30	0	30	95.8815	47.4883	0.5343	22.0189	5.5705	NaN	22.3218	10.4439	58	0	57.4341	16.3388	115	21	1.5486	3.7517	30	0	20.8665	9.1617	57	0	54.9274	13.8644	89	21	1.1124	2.812	21	0	0.0719	3	92.8664	97.7388	118.5975	62.2629	3344.4053	4367.1499
43_7_FITC.tif	c399ece6-f056-4be5-9a8a-79db96d49e2a	Cell		Positive	Annotation	Polygon	392.73	2634.8	3.9347	13.6977	0.2635	6.6596	1.0106	NaN	25.2083	605	6.2483	37	15	22	84.3333	2024	7.9107	99	70	29	3.5833	86	4.1275	14	0	14	80.557	48.3486	0.4331	23.0094	4.5559	NaN	18.0793	8.4326	37	0	52.6394	22.0145	99	4	0.9437	2.1078	14	0	17.6131	8.3527	36	0	50.5668	21.0311	94	4	0.7711	1.7824	12	0	0.057	7	269.4811	115.6108	529.6322	30.7405	5686.1611	19441.0176
43_7_FITC.tif	4b97f594-7cc3-4bed-989b-5e82e674337c	Cell		Positive	Annotation	Polygon	263.46	2645.5	9.7331	17.1349	0.4166	7.2093	2.0044	NaN	38	1938	12.324	62	12	50	82.7843	4222	13.3466	107	56	51	5.2745	269	5.6536	21	0	21	88.0121	51.2194	0.4216	24.0791	4.5555	NaN	18.7518	10.937	62	0	46.3536	18.5975	107	12	1.3044	2.9647	21	0	16.141	7.643	50	0	41.4122	12.813	77	12	0.766	1.8136	11	0	0.1057	4	90.338	80.9555	195.9731	3.4679	1480.5625	4604.3628
43_7_FITC.tif	059d6ee0-e4ed-4f09-b0db-2cb66dce5d6f	Cell		Positive	Annotation	Polygon	259.87	2648.1	3.1063	9.7737	0.4086	4.6577	0.9181	NaN	41.2222	742	13.1532	65	15	50	77.1111	1388	11.8515	98	58	40	6.6111	119	7.9272	25	0	25	58.1916	44.1269	0.3755	21.0145	3.537	NaN	15.1099	13.4004	65	0	42.9894	17.4799	98	8	1.2553	3.597	25	0	13.3295	11.4381	56	0	40.6629	15.2402	93	8	0.8902	2.7685	21	0	0.0474	4	102.6449	104.9913	197.1289	3.4679	1614.916	4367.1499
43_7_FITC.tif	be8c2a6f-40d8-4a5b-b53d-44dac4c18188	Cell		Positive	Annotation	Polygon	388.27	2665.6	16.1528	34.014	0.1754	14.6865	2.1183	NaN	28.1341	2307	7.128	45	7	38	79.6585	6532	14.5731	104	38	66	3.4756	285	4.1699	16	0	16	142.269	66.9943	0.3983	32.0068	6.1796	NaN	16.508	9.7107	45	0	45.3788	21.3651	104	12	0.9507	2.6243	21	0	14.9374	8.9165	43	0	40.7479	17.5886	96	12	0.6096	2.125	21	0	0.1191	3	60.6925	55.1842	96.1528	30.7405	1250.8815	2399.3398
43_7_FITC.tif	45283533-3600-4ef7-abba-2788da6fce19	Cell		Positive	Annotation	Polygon	320	2688.8	49.4939	68.7616	0.1315	27.2418	5.5194	NaN	44.2798	10760	14.0282	78	8	70	95.177	23128	17.4244	134	51	83	4.9671	1207	5.3171	23	0	23	237.3221	97.5046	0.3137	43.2953	8.2292	NaN	19.363	16.8951	78	0	48.2443	28.8706	134	5	1.26	3.2307	23	0	12.6578	9.863	58	0	35.6146	14.9504	93	5	0.2625	0.9826	9	0	0.2075	7	225.5983	71.0331	598.686	5.1553	6944.1064	41031.2656
43_7_FITC.tif	bba93e1c-f894-4982-b907-9db4aae48e1b	Cell		Positive	Annotation	Polygon	325.95	2690.3	13.4607	25.9563	0.2511	11.685	1.6907	NaN	35.7606	2539	12.2573	69	14	55	88.4225	6278	15.2687	114	49	65	3.8028	270	5.1454	21	0	21	87.3909	56.1233	0.3487	27.0081	4.191	NaN	14.9883	13.5099	69	0	45.3583	24.3299	114	15	0.9297	2.7149	21	0	10.8455	9.2676	64	0	36.7697	14.815	109	15	0.3567	1.2823	17	0	0.1523	5	153.835	56.5109	591.3166	5.1553	4322.4106	16950.3691
43_7_FITC.tif	17f2fd17-4a8f-47f6-a1a2-253f6a25e213	Cell		Positive	Annotation	Polygon	373.59	2718.4	6.8339	20.0399	0.2138	9.8321	1.1545	NaN	10.2703	380	7.3999	25	0	25	75.3784	2789	13.6714	100	46	54	7.3514	272	7.1384	25	0	25	95.0531	54.5528	0.4014	26.0135	4.672	NaN	9.8283	6.2889	32	0	37.3435	16.4506	100	10	1.1717	3.3194	25	0	9.7896	6.1909	32	0	34.0165	11.8521	89	10	0.6312	1.9991	17	0	0.0691	7	81.3085	85.7676	140.2115	51.758	1560.0714	3752.6445
43_7_FITC.tif	5172be5a-84e6-4673-9137-d218a657ecb4	Cell		Positive	Annotation	Polygon	318.99	2717.7	4.9701	11.7425	0.453	5.4281	1.3426	NaN	43.2857	1212	10.018	57	18	39	87.5357	2451	10.9763	112	61	51	6.8929	193	6.2795	28	0	28	45.5592	41.8863	0.3263	20.3429	3.2895	NaN	17.973	15.0059	57	0	47.6306	21.9396	112	19	1.3423	3.4352	28	0	14.3196	11.7231	56	0	41.8711	16.4304	93	19	0.5412	1.6976	14	0	0.1114	4	53.4834	59.9217	91.3852	2.7048	343.234	840.2885
43_7_FITC.tif	11ebeef6-66ae-4d8b-b475-b334110b4275	Cell		Positive	Annotation	Polygon	322.41	2718.6	12.6323	20.1175	0.3922	8.2256	2.5106	NaN	37.3729	2205	13.196	70	6	64	82.9322	4893	17.5557	120	43	77	6.661	393	7.6578	31	0	31	94.4318	54.8028	0.3951	25.0767	4.6996	NaN	14.7751	12.9696	70	0	37.7576	22.7932	120	2	1.2183	3.6559	31	0	11.4336	8.993	40	0	31.0777	14.2961	77	2	0.4135	1.3269	11	0	0.1296	4	28.6581	30.0848	51.758	2.7048	290.6225	762.4666
43_7_FITC.tif	c4157d83-9559-4274-a77d-e34eb4b49e54	Cell		Positive	Annotation	Polygon	631.34	1671.5	17.6024	23.8998	0.3873	11.2471	2.2691	NaN	13.0449	1161	5.6345	27	2	25	119.0337	10594	18.3033	157	85	72	2.5618	228	3.0968	12	0	12	101.887	59.1094	0.3665	28.0151	4.7062	NaN	15.4838	7.3049	38	0	70.1458	29.6252	157	25	0.9838	2.053	12	0	16.0198	7.5235	38	0	59.4025	18.8627	121	25	0.637	1.5444	10	0	0.1724	5	203.7819	148.7958	541.0911	7.783	7265.9233	27040.4824
43_7_FITC.tif	b30049a3-e8bd-46fd-96a8-a263b67b32c3	Cell		Positive	Annotation	Polygon	671.74	1670.6	5.7984	13.429	0.404	6.4288	1.2947	NaN	15.75	504	10.2012	38	0	38	83.25	2664	16.902	113	52	61	9.3125	298	8.8297	31	0	31	83.6633	48.4431	0.448	23.0178	4.76	NaN	7.8	6.2249	38	0	33.9778	18.4316	113	7	1.2444	3.6866	31	0	7.118	5.2448	22	0	29.7507	10.8806	77	7	0.5523	1.4776	10	0	0.0676	5	222.6626	162.6007	420.514	37.0394	7696.8101	11457.5059
43_7_FITC.tif	07eda393-addb-4887-9877-52c9ea25cb62	Cell		Positive	Annotation	Polygon	635.87	1682.3	2.278	8.8215	0.3679	4.2565	0.7229	NaN	7.2143	101	5.6457	18	0	18	100.0714	1401	7.2903	110	87	23	0.4286	6	0.9376	3	0	3	34.3765	28.6043	0.528	13.0348	3.3275	NaN	15.3333	6.8602	30	0	66.1369	19.5187	113	35	0.4821	1.2283	8	0	16.0714	6.4869	30	0	63.0519	17.2156	113	35	0.487	1.2537	8	0	0.065	5	230.3217	156.044	534.1389	7.783	4902.7036	12773.6748
43_7_FITC.tif	681ab419-5263-4385-aab4-901159760148	Cell		Positive	Annotation	Polygon	473.96	1759.4	18.2237	24.3231	0.3871	9.2826	3.2277	NaN	26.3563	2293	7.874	45	8	37	78.8966	6864	10.7498	100	56	44	3.1724	276	3.9831	18	0	18	133.3643	55.3791	0.5465	25.1877	6.6268	NaN	15.4348	9.4435	45	0	44.1429	21.4614	100	11	1.0668	2.6076	18	0	13.7289	8.4832	44	0	38.7145	17.2127	94	11	0.7379	2.1465	16	0	0.1324	8	453.215	359.1433	1092.9872	41.6193	29323.1914	97130.6094
43_7_FITC.tif	856019dc-7894-4342-ab44-6d85dee633c9	Cell		Positive	Annotation	Polygon	488.01	1795.8	11.1827	20.6334	0.3301	9.7969	1.7457	NaN	33.6833	2021	12.1118	62	14	48	87.7167	5263	14.4481	116	61	55	6.55	393	7.1838	26	0	26	82.0066	46.685	0.4728	21.2996	5.747	NaN	16.4712	10.928	62	0	47.5363	23.1772	116	12	1.6967	4.1037	26	0	13.4248	7.288	36	0	40.4248	16.0869	87	12	0.8378	2.4289	17	0	0.1414	5	112.8113	41.6193	429.9528	12.4027	3277.9766	11592.5986
43_7_FITC.tif	1a55deaa-27d8-43dc-9000-af2af30c60b1	Cell		Positive	Annotation	Polygon	487.02	1813.1	28.371	42.2061	0.2001	20.5184	2.5358	NaN	35.773	5044	9.9631	54	9	45	98.0638	13827	19.7752	131	50	81	2.7092	382	3.2744	12	0	12	104.372	67.3479	0.2892	31.9494	5.9057	NaN	20.1761	13.3855	54	0	56.8689	31.7002	131	14	1.0176	2.361	13	0	14.2324	9.0332	42	0	41.1703	18.5728	109	14	0.373	1.4581	13	0	0.2671	4	87.6043	32.9028	275.7651	8.8463	957.1968	3228.0327
43_7_FITC.tif	684692d0-4a86-449f-bdaf-82c274b37bd1	Cell		Positive	Annotation	Polygon	490.31	1821.1	6.6268	15.3564	0.3531	7.3372	1.2379	NaN	19.25	693	8.9837	37	0	37	79.3889	2858	10.2408	95	52	43	2.1111	76	2.7545	11	0	11	50.3222	44.6738	0.3169	21.6751	3.1994	NaN	13.2286	7.9215	37	0	46.5837	18.2138	95	21	0.7714	1.7121	11	0	12.1914	7.2577	35	0	40.933	12.3761	85	21	0.5407	1.3408	8	0	0.1264	6	147.2673	51.8316	482.2903	8.8463	5067.3447	18569.5547
43_7_FITC.tif	c2c361fa-bf6c-4da5-9206-16a609e5196e	Cell		Positive	Annotation	Polygon	537.23	1828	2.8992	10.5742	0.3258	5.1601	0.8599	NaN	30.7222	553	11.4625	49	15	34	85.6111	1541	13.8315	104	63	41	10.9444	197	9.1682	27	0	27	47.6301	41.5899	0.346	20.1932	3.674	NaN	14.3846	11.9188	49	0	39.688	21.8999	104	7	1.6453	4.5367	27	0	13.0231	10.9249	45	0	35.8611	17.7019	94	7	0.8704	2.7957	19	0	0.0548	9	237.7703	298.4682	457.0509	5.7467	3228.1582	11592.5986
43_7_FITC.tif	55cd6b59-47a8-45ac-8ecf-aebadb441032	Cell		Positive	Annotation	Polygon	538.88	1838.2	5.7984	16.2964	0.2744	7.9367	0.9881	NaN	29.4333	883	6.8666	42	17	25	75.6	2268	10.7434	93	55	38	5.3333	160	5.2413	18	0	18	55.2923	44.9601	0.3437	21.7481	3.7799	NaN	13.6903	9.8356	42	0	38.694	19.2209	93	6	1.2313	2.8467	18	0	11.7059	8.2394	42	0	34.042	14.4201	76	6	0.7143	1.8356	14	0	0.0968	6	228.4258	246.2984	464.4791	5.7467	10755.252	28634.7949
43_7_FITC.tif	7ddea8f3-b48e-4782-9dd9-aed4685cb752	Cell		Positive	Annotation	Polygon	535.11	1849.5	4.9701	11.7185	0.4548	5.5152	1.1977	NaN	27.4231	713	6.0278	40	15	25	76.0769	1978	13.1329	98	51	47	6.0769	158	6.7819	20	0	20	82.0066	48.1608	0.4443	23.0288	4.763	NaN	14.3747	9.8641	44	0	39.4557	20.5452	98	7	1.481	3.8804	23	0	13.4553	9.425	44	0	36.8753	18.4061	92	7	1.1572	3.3763	23	0	0.0555	4	134.6547	36.8885	450.9165	13.9253	2891.4163	10352.7344
43_7_FITC.tif	6fdd8743-7cb7-4101-a5c4-a38b19065681	Cell		Positive	Annotation	Polygon	748.24	1993.3	13.4607	21.0885	0.3804	9.742	1.8442	NaN	57.4722	4138	10.8277	75	37	38	119.2222	8584	15.9641	142	82	60	3.3611	242	3.2428	12	0	12	79.7286	54.072	0.3427	25.7405	4.8873	NaN	33.7364	17.2136	75	0	67.5891	33.6126	142	18	1.0439	2.3058	15	0	28.3111	13.3802	66	0	55.7873	24.0876	123	18	0.5143	1.6265	15	0	0.1728	3	168.9464	15.7438	488.8781	2.2172	194.9666	420.7937
43_7_FITC.tif	d53d6a49-9cab-476c-ad53-97323afda980	Cell		Positive	Annotation	Polygon	745.78	1999.4	3.3134	9.5331	0.4582	4.5399	0.9487	NaN	52.8889	952	12.9292	73	32	41	106.6111	1919	9.0238	122	89	33	2	36	2.9104	10	0	10	37.4828	38.5625	0.3167	18.6856	2.85	NaN	34.1576	13.9253	73	5	78.5109	22.5938	122	13	0.5761	1.4653	10	0	32.1265	12.4668	61	5	75.4639	21.5011	103	13	0.4217	1.1241	5	0	0.0703	6	171.0487	91.96	490.2785	2.2172	3487.6218	11457.5059
43_7_FITC.tif	89c0f361-a8b6-4ee8-b1b8-c5856a934020	Cell		Positive	Annotation	Polygon	750.57	2013.3	12.6323	25.9506	0.2357	12.6167	1.2715	NaN	39.3051	2319	8.6767	53	16	37	105.1695	6205	9.7753	122	85	37	4.661	275	4.4706	15	0	15	93.8106	54.588	0.3956	26.1999	4.9231	NaN	23.9604	12.7102	53	0	59.7665	29.9301	122	10	1.326	2.9565	16	0	21.6684	11.5815	50	0	52.9848	25.7116	116	10	0.8278	2.279	16	0	0.1193	4	150.0599	40.5529	504.6103	14.5234	231.2243	584.8997
43_7_FITC.tif	e24b8f4f-cf88-4851-8fb5-25b316e7d7bf	Cell		Positive	Annotation	Polygon	428.84	2074.1	18.6379	28.8229	0.2819	9.4921	3.0257	NaN	27.6364	2432	8.3448	43	4	39	86.9205	7649	9.6195	105	63	42	1	88	1.4622	6	0	6	102.0941	56.5806	0.4008	26.0852	4.835	NaN	18.1089	11.1978	48	0	55.9052	21.9936	105	6	0.5222	1.1941	8	0	16.0539	10.6657	48	0	49.2157	17.7673	88	6	0.4191	1.1032	8	0	0.1773	5	215.013	44.1086	686.9504	8.2508	9973.6221	45641.0312
43_7_FITC.tif	a57888db-b54e-400f-aa6e-76bf489d13b4	Cell		Positive	Annotation	Polygon	434.15	2083	50.9435	65.7081	0.1483	28.8231	3.5594	NaN	32.749	8220	7.9073	48	12	36	98.004	24599	13.4832	127	62	65	1.506	378	2.3072	14	0	14	204.3952	93.6502	0.2929	45.1363	6.0729	NaN	20.2136	11.2498	48	0	59.249	28.7835	127	4	0.6771	1.7118	14	0	15.9444	8.7544	41	0	46.0502	19.0425	92	4	0.3948	1.3443	9	0	0.2487	6	192.0178	253.1846	324.6081	8.2508	4217.314	18569.5547
43_7_FITC.tif	764b3140-1601-4921-81b2-48de37fdf607	Cell		Positive	Annotation	Polygon	743.11	2076.4	21.1229	27.71	0.3457	11.1422	3.3798	NaN	54.789	5972	17.948	94	23	71	118.2844	12893	15.3086	149	77	72	6.8532	747	5.9533	23	0	23	158.2148	61.1973	0.5309	27.3461	7.709	NaN	27.1346	17.998	94	0	63.1804	31.0391	149	19	1.685	3.8944	25	0	22.5396	13.2781	70	0	54.0244	22.2676	122	19	0.8262	2.5813	25	0	0.1414	5	154.6374	79.0349	484.9875	47.501	1901.3481	3990.0618
43_7_FITC.tif	315ac5d8-60cf-40b6-80fb-5fd0f539a1d4	Cell		Positive	Annotation	Polygon	697.59	2090	5.3843	16.8979	0.237	8.3063	0.9418	NaN	40.9697	1352	14.5161	77	20	57	77.9394	2572	14.1022	105	53	52	2.4545	81	4.2212	14	0	14	93.1893	52.5525	0.424	25.0437	4.7377	NaN	24.3082	14.3189	77	0	52.1796	17.9035	105	18	0.8359	2.1591	14	0	22.9928	13.4679	75	0	50.1459	16.5524	98	18	0.7081	1.8547	11	0	0.065	7	176.4633	104.885	420.514	43.655	5174.1523	12773.6748
43_7_FITC.tif	097d903a-73fe-4c71-a43b-db63981a5696	Cell		Positive	Annotation	Polygon	424.97	2087.7	5.1772	14.0741	0.3284	6.7615	1.2403	NaN	24.7	741	10.0487	40	2	38	87.0333	2611	10.6301	103	62	41	2.7333	82	3.7502	14	0	14	57.3632	36.5622	0.5392	16.9146	4.92	NaN	18.3957	9.5767	47	0	53.7842	21.276	107	13	0.6655	1.8479	14	0	17.6331	9.2512	47	0	49.7621	18.5436	107	13	0.4153	1.2633	9	0	0.093	6	132.439	21.2477	701.9863	7.4296	706.5279	3212.1677
43_7_FITC.tif	8af09805-9a29-4472-9900-916c9fdf07dc	Cell		Positive	Annotation	Polygon	424	2098.1	6.6268	14.1593	0.4154	6.3358	1.3876	NaN	35.7568	1323	9.7565	53	17	36	96.5405	3572	15.3652	114	55	59	3.3514	124	3.7358	15	0	15	35.619	29.5152	0.5138	11.8322	4.9883	NaN	18.6893	12.6127	53	0	49.1243	31.1803	114	8	0.9379	2.2867	15	0	14.1786	8.8734	46	0	36.5929	20.3279	105	8	0.3	1.0228	8	0	0.1848	5	346.3438	408.9379	709.0116	7.4296	29084.127	103034.1094
43_7_FITC.tif	e433127b-1fb1-4fc6-9e03-9a8277281366	Cell		Positive	Annotation	Polygon	424.33	2107.1	7.8693	14.1603	0.4932	6.3421	1.4741	NaN	37.0976	1521	7.1442	54	23	31	102.4146	4199	14.384	120	65	55	4.2683	175	4.0002	18	0	18	32.5127	30.3939	0.4423	12.9471	3.9825	NaN	20.882	12.429	54	0	54.323	33.6451	120	8	1.1988	2.7382	18	0	15.3417	8.3066	41	0	37.8917	19.5795	91	8	0.15	0.5891	4	0	0.2302	6	290.7971	272.3482	591.3166	7.6537	3276.158	16950.3691
43_7_FITC.tif	f9d64f2a-3978-4f4d-880b-26c59c150ac2	Cell		Positive	Annotation	Polygon	691.26	2133.9	12.0111	20.2331	0.3687	7.7822	2.5686	NaN	30.4219	1947	9.3228	49	13	36	79.6406	5097	12.4612	102	60	42	3.2188	206	4.0295	15	0	15	119.4894	53.5206	0.5242	24.1106	6.3773	NaN	16.5	10.6177	49	0	46.5398	16.8059	102	14	0.8374	2.1181	15	0	14.7665	9.4306	44	0	42.4183	12.0372	87	14	0.5409	1.5022	14	0	0.1015	5	81.5191	87.0529	156.7466	30.8466	709.9522	1353.2839
43_7_FITC.tif	13c02ae2-a7c9-4c26-9163-907c0c28144f	Cell		Positive	Annotation	Polygon	700.56	2163	11.804	22.4738	0.2937	8.5314	2.164	NaN	15.0164	916	12.3051	45	0	45	99.7869	6087	32.6625	163	46	117	10.2459	625	13.2648	45	0	45	113.691	53.9311	0.4912	25.0862	5.8477	NaN	7.7673	6.9219	45	0	40.4709	26.3419	163	12	1.5073	5.4841	45	0	6.863	5.2818	23	0	33.0716	12.442	87	12	0.4172	1.2104	8	0	0.1035	5	144.202	96.3017	390.4488	30.8466	1834.8722	3990.0618
43_7_FITC.tif	b809f763-f592-4e98-8662-95297acb8781	Cell		Positive	Annotation	Polygon	653.69	2208.1	46.5947	61.646	0.1541	26.3024	2.9859	NaN	16.4658	3853	9.1741	41	0	41	151.0342	35342	18.1911	183	101	82	5.1709	1210	6.721	32	0	32	151.588	77.6667	0.3158	35.8702	5.7062	NaN	12	8.3222	41	0	82.9673	57.3176	183	1	1.8857	4.5083	32	0	9.9142	6.9827	30	0	51.1756	38.5694	163	1	0.3513	1.1732	9	0	0.3153	10	217.3889	154.3573	541.0911	4.247	6605.498	28634.7949
43_7_FITC.tif	9dc21c07-5dff-4ede-9bc6-c61b766668c1	Cell		Positive	Annotation	Polygon	657.22	2214.3	12.0111	23.6098	0.2708	9.6739	1.9191	NaN	17.2951	1055	8.8003	38	4	34	133.8361	8164	16.6114	156	95	61	3.3607	205	3.5918	15	0	15	57.5703	44.021	0.3733	21.0164	3.7859	NaN	12.3816	8.3413	38	0	76.5442	42.4414	156	14	1.0389	2.3779	15	0	11.0315	7.6981	38	0	60.8018	32.6895	144	14	0.4009	1.3476	12	0	0.211	5	39.1863	17.8963	89.2942	4.247	320.2432	1353.2839
43_7_FITC.tif	24c8fe32-87b0-42d4-9736-3272da2b74d8	Cell		Positive	Annotation	Polygon	653.04	2230.6	6.0055	13.7713	0.3979	6.5102	1.3549	NaN	14.4194	447	7.3293	32	3	29	129.6774	4020	12.3218	149	99	50	5.4839	170	6.5057	20	0	20	27.5426	28.6208	0.4225	12.8678	3.3988	NaN	12.4818	6.8052	32	0	69.0876	42.9527	149	20	1.5401	3.8425	20	0	11.9151	6.5728	26	0	51.3679	30.7476	139	20	0.3868	1.0472	7	0	0.2026	6	94.2508	40.6894	316.7028	5.1852	3425.7461	17442.8965
43_7_FITC.tif	8f5be3e6-0fd3-47a9-89f8-9b5619d606ae	Cell		Positive	Annotation	Polygon	656.06	2235.6	17.6024	28.1247	0.2796	11.2231	2.778	NaN	26.8	2412	8.8282	55	5	50	134.9222	12143	11.7667	153	100	53	2.3778	214	3.1643	13	0	13	88.6334	48.984	0.4642	23.0789	5.1623	NaN	14.355	10.7851	55	0	83.2645	37.8719	153	24	1.0603	2.2968	13	0	11.0704	8.6539	34	0	69.6305	29.7471	137	24	0.7126	1.8628	11	0	0.1962	4	34.1115	35.67	59.9209	5.1852	47.0153	70.1424
43_7_FITC.tif	5b8c0cbd-518c-493e-a6c4-bc9157100aa7	Cell		Positive	Annotation	Polygon	656.59	2294	23.1938	41.3355	0.1706	19.2172	2.0917	NaN	7.7583	931	4.5835	19	0	19	84.7167	10166	14.147	107	48	59	1.95	234	2.7435	12	0	12	138.1273	74.919	0.3092	36.0406	5.2228	NaN	10.1228	6.5209	35	0	51.268	21.8519	107	14	0.774	1.8124	14	0	10.6405	6.7664	35	0	43.9434	15.4767	87	14	0.5164	1.4135	14	0	0.172	4	96.2819	62.3924	253.4075	6.9354	558.5391	2007.6654
43_7_FITC.tif	88d0feb9-44f9-469f-b88c-00b555032cf3	Cell		Positive	Annotation	Polygon	659.56	2285.7	3.7276	11.8952	0.331	5.3888	1.0685	NaN	7.5455	166	5.298	20	0	20	85.5909	1883	9.0378	102	68	34	3.5909	79	4.2724	14	0	14	56.949	44.6161	0.3595	21.3086	3.5937	NaN	7.259	4.6593	22	0	48.5288	19.8334	102	19	0.9748	2.0873	14	0	7.2344	4.6111	22	0	45.3438	17.0845	87	19	0.75	1.6088	9	0	0.0667	6	113.2429	101.0196	260.2922	6.9354	800.2462	2029.0844
43_7_FITC.tif	5cef0010-8a3d-4482-80f6-c96d7ed6b59b	Cell		Positive	Annotation	Polygon	528.45	2297.4	9.526	18.9653	0.3328	9.2533	1.4572	NaN	29.3061	1436	5.5685	40	17	23	83.1429	4074	11.0435	99	53	46	2.0408	100	3.6398	16	0	16	76.6223	50.509	0.3774	24.3611	4.6596	NaN	18.8445	8.9179	40	0	52.8525	19.4165	99	9	0.7373	1.9178	16	0	17.2623	8.2385	40	0	48.2716	15.9948	94	9	0.5401	1.4038	10	0	0.1173	10	287.1312	331.699	482.2903	5.8362	8487.459	28634.7949
43_7_FITC.tif	ac7aeda2-2b09-45c6-8d2b-6f5720e2592a	Cell		Positive	Annotation	Polygon	529.96	2304.5	2.6921	7.5678	0.5907	3.3645	1.1429	NaN	29.0625	465	5.9606	40	16	24	90.6875	1451	7.9223	108	78	30	2.375	38	3.9476	15	0	15	10.9756	21.4743	0.2991	10.3017	1.5977	NaN	21.2105	9.8429	40	0	63.7719	23.8477	108	21	1.1228	2.5848	15	0	18.1463	9.3823	37	0	53.2683	19.2302	102	21	0.6341	1.6241	8	0	0.2334	3	55.7429	5.8362	155.7841	5.6085	253.9137	392.8535
43_7_FITC.tif	8889c4fe-8e9c-4142-be2c-b4be04f4f11a	Cell		Positive	Annotation	Polygon	530.24	2314	6.6268	14.888	0.3757	7	1.3306	NaN	21.5833	777	7.7252	31	3	28	90.3056	3251	5.5075	101	81	20	1.1111	40	1.5996	6	0	6	62.9546	45.0103	0.3905	20.7192	4.8985	NaN	20.0852	6.9627	36	3	59.3869	20.3512	101	19	0.6885	1.4706	8	0	19.8848	6.8451	36	4	55.2491	17.8955	88	19	0.632	1.4463	8	0	0.1062	10	244.639	290.5855	414.0222	5.6085	4625.1929	17442.8965
43_7_FITC.tif	6c2fb5e4-8796-4a5a-bbe3-57df10859d16	Cell		Positive	Annotation	Polygon	606.57	2542.5	3.5205	15.698	0.1795	7.7422	1.035	NaN	7.7391	178	6.6757	22	0	22	80.087	1842	11.3854	103	64	39	4.2174	97	6.1197	22	0	22	84.4917	51.9112	0.394	25.0032	4.5557	NaN	5.6699	5.5054	32	0	53.9144	15.6406	103	24	1.5183	3.5508	27	0	5.5466	5.4132	32	0	52.3549	14.4386	95	24	1.3575	3.2803	27	0	0.0462	8	277.9252	256.8499	484.9875	118.8481	6092.7891	17442.8965
43_7_FITC.tif	d256644b-b4db-43ae-be3e-6ecda75516b2	Cell		Positive	Annotation	Polygon	555.41	2647.1	3.7276	9.4391	0.5257	4.2705	1.1371	NaN	33.8095	710	10.861	56	15	41	82.9048	1741	12.4976	104	51	53	4.619	97	5.5989	22	0	22	51.9789	43.6426	0.3429	20.8988	3.5245	NaN	17.7874	9.3569	56	0	54.9724	16.3253	104	12	0.9882	2.5374	22	0	16.3433	7.7444	40	0	52.4549	14.1488	92	12	0.6609	1.7373	14	0	0.0588	4	124.3072	77.982	338.3855	2.8792	2650.2996	10042.0957
43_7_FITC.tif	d6fa98c3-0ff6-479a-81b2-890a4b6a8209	Cell		Positive	Annotation	Polygon	553.23	2653.3	4.9701	11.5918	0.4648	5.3648	1.3022	NaN	39.4444	1065	11.1539	61	20	41	91.5185	2471	13.192	119	65	54	5.6296	152	6.834	27	0	27	50.7364	43.2568	0.3407	20.6973	3.4314	NaN	19.6286	11.5335	61	0	52.8612	20.7093	119	20	1.4082	3.422	27	0	17.1743	8.9307	46	0	48.0734	15.8877	81	20	0.8853	2.2537	15	0	0.0886	3	126.0076	34.2384	340.905	2.8792	953.6556	2622.4907
43_7_FITC.tif	6e7edf8f-a37a-482e-acd3-7ae49cfb03ff	Cell		Positive	Annotation	Polygon	540.59	2682.6	5.3843	13.7295	0.3589	5.7587	1.2503	NaN	36.3103	1053	9.6181	52	18	34	82.0345	2379	6.8111	95	69	26	1.7586	51	2.3092	7	0	7	85.32	47.4459	0.4763	22.0202	4.7567	NaN	21.256	9.9401	52	0	54.3068	16.2997	96	23	1.0024	2.348	15	0	20.1221	9.0065	44	0	52.2182	14.8299	96	23	0.9455	2.344	15	0	0.0601	7	122.0028	90.4193	371.8103	34.2384	3924.1594	13013.0215
43_7_FITC.tif	a717f10d-090e-4cc9-9afd-689fb3399a0c	Cell		Positive	Annotation	Polygon	480.8	2721.9	5.7984	14.9774	0.3248	7.3233	1.0283	NaN	41.1667	1235	17.6754	73	9	64	86	2580	17.092	115	56	59	5.2333	157	5.8879	22	0	22	55.9136	49.5373	0.2863	24.0004	2.9745	NaN	13.7044	13.8782	73	0	38.2993	20.8412	115	9	0.8066	2.5896	22	0	10.3279	8.6338	64	0	32.4344	11.7333	82	9	0.2623	0.8246	5	0	0.09	6	154.6926	34.2581	424.7373	1.3255	905.0887	4121.9795
43_7_FITC.tif	36d300f2-5349-47a3-9a8d-b5f461d3b2cc	Cell		Positive	Annotation	Polygon	483.24	2723.1	3.7276	11.6714	0.3439	5.6163	0.8283	NaN	52	1040	17.9062	80	27	53	105.3	2106	15.9937	127	76	51	11.05	221	10.0654	28	0	28	43.2813	45.1273	0.2671	22.0085	2.485	NaN	20.3019	14.5724	80	0	53.717	22.5474	127	21	1.8726	4.7073	28	0	17	9.3018	52	0	48.3438	15.1172	104	21	0.9167	2.1594	13	0	0.0839	4	133.0195	58.3652	414.0222	1.3255	3220.7261	10997.8301
43_7_FITC.tif	8c73bdf2-f919-474b-b15a-fc77fc965444	Cell		Positive	Annotation	Polygon	460.72	2727.1	9.526	17.9455	0.3717	6.7158	2.072	NaN	10.7736	571	7.1432	34	1	33	84.9057	4500	12.0914	106	58	48	3.3019	175	3.9006	14	0	14	92.361	51.6935	0.4343	23.054	4.8352	NaN	8.9329	5.9478	34	0	50.2975	19.597	106	10	1.2327	2.5639	16	0	8.6853	5.7339	27	0	45.6421	15.2721	83	10	0.9543	2.189	16	0	0.1125	7	195.7183	96.1528	610.5977	5.293	7297.9971	27192.1992
43_7_FITC.tif	01e7f3e2-59b1-4792-9c38-1085e10b403d	Cell		Positive	Annotation	Polygon	464.57	2733.4	10.1473	22.7252	0.2469	10.9826	1.4816	NaN	11.9074	643	7.1302	32	1	31	81.2593	4388	11.9846	103	50	53	3.7222	201	4.3887	20	0	20	88.8405	57.7179	0.3351	28.0021	4.1723	NaN	8.7898	5.9791	32	0	45.8314	20.8273	103	6	1.0693	2.4276	20	0	8.3456	5.6694	27	0	40.7836	16.4545	85	6	0.6913	1.6988	15	0	0.1214	5	44.327	49.931	91.6263	5.293	438.0294	1422.8314
43_7_FITC.tif	86165108-7c21-461b-b53e-23a015cbab13	Cell		Positive	Annotation	Polygon	501.56	2763.4	7.8693	18.5311	0.288	9.1019	1.2165	NaN	37.3171	1530	9.2505	59	20	39	89.0244	3650	13.9149	111	60	51	11.2195	460	8.6934	31	0	31	73.516	51.3871	0.3499	24.9174	4.578	NaN	13.7354	11.9082	59	0	37.571	23.1634	111	10	1.7354	4.8744	31	0	10.695	8.2553	43	0	30.9371	13.9622	86	10	0.5126	2.0402	17	0	0.0982	5	47.9372	47.493	90.4193	5.404	468.6255	1609.7172
43_7_FITC.tif	703783f0-1655-4c53-aeef-a7995971e893	Cell		Positive	Annotation	Polygon	504.62	2771.2	4.9701	11.5601	0.4674	5.4286	1.3519	NaN	38.1786	1069	8.5507	53	19	34	82.2857	2304	13.1765	108	58	50	9.3571	262	8.7653	33	0	33	55.7065	43.359	0.3724	20.8949	3.545	NaN	16.0517	12.8978	53	0	38.9336	24.5942	108	5	1.9446	5.0178	33	0	13.5021	10.6896	51	0	33.9383	20.322	91	5	1.0905	3.5256	19	0	0.087	4	73.648	74.4882	140.2115	5.404	554.5492	1422.8314
