Image	Name	Class	Parent	ROI	Centroid X µm	Centroid Y µm	Nucleus: Area	Nucleus: Perimeter	Nucleus: Circularity	Nucleus: Max caliper	Nucleus: Min caliper	Nucleus: Eccentricity	Nucleus: Red mean	Nucleus: Red sum	Nucleus: Red std dev	Nucleus: Red max	Nucleus: Red min	Nucleus: Red range	Nucleus: Green mean	Nucleus: Green sum	Nucleus: Green std dev	Nucleus: Green max	Nucleus: Green min	Nucleus: Green range	Nucleus: Blue mean	Nucleus: Blue sum	Nucleus: Blue std dev	Nucleus: Blue max	Nucleus: Blue min	Nucleus: Blue range	Cell: Area	Cell: Perimeter	Cell: Circularity	Cell: Max caliper	Cell: Min caliper	Cell: Eccentricity	Cell: Red mean	Cell: Red std dev	Cell: Red max	Cell: Red min	Cell: Green mean	Cell: Green std dev	Cell: Green max	Cell: Green min	Cell: Blue mean	Cell: Blue std dev	Cell: Blue max	Cell: Blue min	Cytoplasm: Red mean	Cytoplasm: Red std dev	Cytoplasm: Red max	Cytoplasm: Red min	Cytoplasm: Green mean	Cytoplasm: Green std dev	Cytoplasm: Green max	Cytoplasm: Green min	Cytoplasm: Blue mean	Cytoplasm: Blue std dev	Cytoplasm: Blue max	Cytoplasm: Blue min	Nucleus/Cell area ratio	Delaunay: Num neighbors	Delaunay: Mean distance	Delaunay: Median distance	Delaunay: Max distance	Delaunay: Min distance	Delaunay: Mean triangle area	Delaunay: Max triangle area
52G_3_FITC.tif	Positive	Positive	PathAnnotationObject	Polygon	167.65	177.46	15.6857	18.2926	0.5891	7.2504	3.3019	0.9091	7.8298	368	7.6537	32	0	32	86.9787	4088	25.3733	129	41	88	8.1277	382	7.5918	32	0	32	178.0331	48.6372	0.9457	17.1205	12.9923	0.6507	1.1297	3.4268	32	0	18.4747	26.5528	129	0	0.9209	3.4645	32	0	0.3578	0.835	5	0	10.5833	10.4575	63	0	0.0907	0.4311	4	0	0.0933	6	371.0369	374.4025	387.5868	340.7708	16163.2441	49042.6523
52G_3_FITC.tif	Positive	Positive	PathAnnotationObject	Polygon	553.57	190.06	3.1371	6.1927	1	2.289	1.585	0.5477	8.3	83	10.8017	29	0	29	42	420	16.0139	70	27	43	8.3	83	10.9245	29	0	29	103.918	36.2567	0.9934	12.3399	10.6456	0.3945	0.6541	2.7197	29	0	19.0714	8.5847	70	4	0.3609	2.5649	29	0	0.3555	1.0894	7	0	18.1758	6.7907	32	4	0.0508	0.2371	2	0	0.0229	3	184.3762	112.8764	386.2059	54.0463	3928.9658	5304.6724
52G_3_FITC.tif	Positive	Positive	PathAnnotationObject	Polygon	506.13	215.92	12.5486	14.4674	0.7534	5.1628	3.8137	0.7816	0.8286	29	1.5046	6	0	6	35.4286	1240	7.2893	52	20	32	0.8571	30	1.5367	7	0	7	155.681	44.6937	0.9794	14.8855	13.1505	0.44	0.392	1.0123	6	0	16.8543	8.6321	52	2	0.2186	0.7273	7	0	0.3499	0.944	6	0	15.0634	6.3367	35	2	0.157	0.5613	5	0	0.0814	7	208.929	187.0612	340.7708	54.0463	14309.9658	49042.6523
52G_3_FITC.tif	Positive	Positive	PathAnnotationObject	Polygon	652.91	243.39	7.8429	10.9729	0.8186	3.6887	3.3118	0.5627	2.087	48	2.1724	7	0	7	49.7826	1145	6.9606	62	38	24	1.1739	27	2.0813	6	0	6	135.6816	41.6368	0.9835	13.6285	12.5243	0.2583	0.7925	1.4655	9	0	37.3199	8.4075	62	18	0.2824	1.0289	9	0	0.7006	1.3606	9	0	36.4352	7.783	62	18	0.2191	0.8823	9	0	0.0537	5	109.2038	99.0649	149.4573	86.7989	3376.3557	7397.5615
52G_3_FITC.tif	Positive	Positive	PathAnnotationObject	Polygon	705.92	312.17	7.0586	10.5465	0.7975	3.5145	3.0121	0.3703	3.6818	81	5.277	19	0	19	43.1818	950	14.4078	73	25	48	3.7273	82	5.1286	19	0	19	131.7602	40.9638	0.9867	13.3277	12.5243	0.1691	0.635	1.8437	19	0	10.4303	11.1647	73	1	0.4036	1.686	19	0	0.4222	1.0388	6	0	8.1429	6.2528	38	1	0.1714	0.6742	6	0	0.0576	4	53.9904	45.95	86.7989	37.2626	894.7952	1609.0796
52G_3_FITC.tif	Positive	Positive	PathAnnotationObject	Polygon	679.18	335.67	26.6658	31.1024	0.3464	12.129	5.352	0.9582	1.48	111	2.0883	8	0	8	51.44	3858	6.4771	66	36	30	1.0933	82	2.1697	8	0	8	195.6796	53.6473	0.8544	19.8314	14.2734	0.6755	1.2012	1.8884	17	0	36.3446	10.5814	72	12	0.3406	1.2893	16	0	1.1522	1.8494	17	0	33.6932	8.7879	72	12	0.2084	1.0099	16	0	0.1452	5	39.7345	37.2626	97.8216	10.544	797.8424	1945.5227
52G_3_FITC.tif	Positive	Positive	PathAnnotationObject	Polygon	638.77	340.19	17.2543	17.4761	0.7099	6.874	3.9421	0.8572	0.3878	19	0.8371	3	0	3	43.7755	2145	4.7839	55	34	21	0.2245	11	0.7149	3	0	3	145.8774	44.7012	0.9174	15.9439	13.0041	0.5494	0.6133	1.4151	9	0	28.2747	11.4957	57	2	0.1253	0.6563	7	0	0.6472	1.4806	9	0	25.9448	10.3453	57	2	0.1104	0.6469	7	0	0.124	6	62.5101	36.711	182.4411	8.0508	1723.4961	7397.5615
52G_3_FITC.tif	Positive	Positive	PathAnnotationObject	Polygon	669.68	348.16	29.0186	26.7081	0.5112	9.6418	6.0805	0.816	1.0649	82	2.0348	9	0	9	55.6623	4286	9.446	74	38	36	0.8442	65	1.8992	9	0	9	179.6017	49.6502	0.9155	18.1658	13.3689	0.6667	0.5952	1.2612	9	0	34.0693	14.5706	74	4	0.2338	0.9088	9	0	0.5013	1.0184	5	0	29.7506	11.1813	59	4	0.1117	0.4336	4	0	0.1648	6	22.0657	22.0654	33.0176	10.624	113.8763	189.8626
52G_3_FITC.tif	Positive	Positive	PathAnnotationObject	Polygon	685.81	346.22	9.0193	12.3212	0.7466	4.8129	2.9231	0.8745	0.9259	25	2.0926	9	0	9	51.5926	1393	3.5546	59	43	16	0.2963	8	0.7753	3	0	3	68.233	30.4643	0.9239	10.077	9.0158	0.3286	0.9831	1.9496	11	0	35.3898	15.0435	64	7	0.3842	1.369	11	0	0.9933	1.93	11	0	32.4733	14.456	64	7	0.4	1.4517	11	0	0.1307	5	23.0951	12.6321	45.2346	5.5984	257.2203	886.6983
52G_3_FITC.tif	Positive	Positive	PathAnnotationObject	Polygon	635.18	349.41	7.0586	10.9172	0.7442	4.0964	2.6201	0.7969	0.381	8	1.1609	5	0	5	40.0476	841	4.3986	50	33	17	0.4286	9	1.165	5	0	5	50.9786	29.1042	0.7563	10.869	7.6324	0.6614	0.4779	1.1673	6	0	27.1765	9.3372	50	7	0.2941	0.8954	5	0	0.4957	1.1726	6	0	24.8261	7.9849	44	7	0.2696	0.8411	5	0	0.1401	6	65.3338	48.5284	187.0612	4.9084	1444.8004	7605.0146
52G_3_FITC.tif	Positive	Positive	PathAnnotationObject	Polygon	680.72	353.7	23.5286	19.7717	0.7563	6.7564	5.1895	0.4736	1.918	117	2.3115	10	0	10	52.1803	3183	5.2393	69	40	29	0.8197	50	1.9279	11	0	11	118.4273	43.0728	0.8022	14.6903	12.081	0.533	1.0164	1.7396	10	0	30.5921	17.1051	69	4	0.2829	1.0239	11	0	0.7901	1.4859	7	0	25.1728	14.5796	55	4	0.1481	0.548	5	0	0.1835	5	41.1577	40.1863	102.1592	5.5984	749.3569	2092.9529
52G_3_FITC.tif	Positive	Positive	PathAnnotationObject	Polygon	641.07	353.53	29.8029	20.9837	0.8506	7.2186	5.442	0.6811	0.2716	22	1.1293	9	0	9	42.9136	3476	3.8347	55	31	24	0.4321	35	1.2139	9	0	9	111.3687	44.8903	0.6945	17.2237	10.2873	0.8528	0.1875	0.7417	9	0	28.6493	12.7958	55	2	0.1944	0.7492	9	0	0.1546	0.517	3	0	23.0676	10.54	51	2	0.1014	0.4231	3	0	0.2613	4	13.665	9.1303	31.4907	4.9084	76.6779	189.8626
52G_3_FITC.tif	Positive	Positive	PathAnnotationObject	Polygon	727.43	357.96	34.9008	25.3467	0.6827	10.3864	4.963	0.8867	1.5376	143	2.5857	11	0	11	45.6667	4247	13.355	68	15	53	1.3656	127	2.5529	11	0	11	230.1882	55.8691	0.9267	20.6896	14.2826	0.7193	0.4779	1.3122	11	0	11.6735	16.5707	68	0	0.4099	1.271	11	0	0.2788	0.7414	5	0	5.2869	5.8868	32	0	0.2303	0.7082	6	0	0.1555	5	83.1501	50.4335	140.7193	45.2346	927.31	2092.9529
52G_3_FITC.tif	Positive	Positive	PathAnnotationObject	Polygon	641.77	361.51	9.8036	11.3436	0.9574	3.8644	3.1014	0.6594	0.5556	15	1.3681	6	0	6	43.3333	1170	5.4137	57	33	24	0.5926	16	1.5257	7	0	7	80.3894	33.6665	0.8913	12.6737	8.0321	0.7595	0.625	1.1437	6	0	20.5673	12.5111	57	1	0.125	0.6168	7	0	0.6354	1.1104	5	0	17.1713	9.2969	38	1	0.0552	0.2522	2	0	0.1125	5	33.3157	31.9896	77.3548	6.1788	373.0302	1382.9485
52G_3_FITC.tif	Positive	Positive	PathAnnotationObject	Polygon	620.43	432.84	27.8422	25.851	0.5236	7.2419	6.611	0.4957	0.4211	32	1.1805	7	0	7	49.5132	3763	9.0414	72	35	37	0.5263	40	1.2053	7	0	7	182.7389	49.0654	0.9539	16.9366	13.8147	0.5944	0.3255	0.8146	7	0	28.3723	13.6313	72	3	0.2191	0.6948	7	0	0.3071	0.7237	4	0	24.2944	10.151	54	3	0.1599	0.5265	4	0	0.1538	6	69.9672	81.7713	132.1427	9.5741	758.3507	2092.9529
52G_3_FITC.tif	Positive	Positive	PathAnnotationObject	Polygon	611.86	441.53	25.4893	19.5947	0.8342	7.7535	4.4185	0.801	0.2239	15	0.7552	4	0	4	46.7313	3131	5.915	58	32	26	0.2687	18	0.7504	4	0	4	120.7802	42.3062	0.848	16.0441	11.6724	0.656	0.2774	0.7967	5	0	32.4097	12.9354	58	4	0.2161	0.6598	5	0	0.2922	0.8087	5	0	28.4609	11.4744	48	4	0.2016	0.6335	5	0	0.2083	5	117.481	94.9257	249.6579	6.376	7219.6606	27657.7031
52G_3_FITC.tif	Positive	Positive	PathAnnotationObject	Polygon	619.23	447.08	5.8822	8.7558	0.9642	3.1855	2.2961	0.7125	2.375	38	2.3629	7	0	7	45.75	732	6.4756	60	37	23	1.6875	27	2.469	7	0	7	76.0758	32.797	0.8888	12.3972	8.2574	0.7206	1.0254	1.605	11	0	16.2843	13.2307	60	3	0.3858	1.3452	11	0	0.9061	1.4708	11	0	13.6796	10.1548	51	3	0.2707	1.1395	11	0	0.0625	5	129.8601	140.7193	259.7291	6.376	1180.5793	3454.8267
52G_3_FITC.tif	Positive	Positive	PathAnnotationObject	Polygon	392.71	492.57	1.5686	4.211	1	1.5507	1.0437	0	24.2	121	13.7186	34	0	34	55	275	19.1833	68	21	47	24	120	13.6382	34	0	34	92.1537	34.0932	0.9963	11.4122	10.0194	0.3335	0.7246	3.9632	34	0	10.5763	7.3576	68	4	0.6568	3.9092	34	0	0.2165	0.7318	5	0	9.6147	2.2542	15	4	0.1515	0.5263	3	0	0.0123	8	173.1138	153.8612	387.5868	40.9873	12047.7266	49042.6523
52G_3_FITC.tif	Positive	Positive	PathAnnotationObject	Polygon	314.4	508.71	10.5879	13.6897	0.7099	5.0235	3.0149	0.8506	0.8438	27	1.2979	4	0	4	51.8125	1658	7.3767	67	37	30	0.5938	19	1.1601	4	0	4	131.7602	42.6304	0.9111	15.0387	10.4608	0.7201	1.1711	1.843	10	0	30.5752	10.7746	67	10	0.1593	0.6042	5	0	1.2052	1.8891	10	0	28.3616	8.4046	55	10	0.114	0.4951	5	0	0.0857	5	107.042	58.5436	362.8527	8.7835	5141.3501	14357.1689
52G_3_FITC.tif	Positive	Positive	PathAnnotationObject	Polygon	308.43	517.35	12.5486	15.6215	0.6462	5.4219	3.8137	0.6901	3.5405	131	5.8385	21	0	21	52.3243	1936	14.3489	82	30	52	3.5946	133	5.9182	21	0	21	134.5052	42.7703	0.924	14.3755	12.1406	0.4853	0.7238	2.3216	21	0	16.8314	15.7954	82	0	0.4448	2.2243	21	0	0.3844	0.9779	5	0	12.5537	9.2064	49	0	0.0651	0.2841	2	0	0.0935	7	39.7345	44.3066	61.3572	8.7835	233.1533	937.0683
52G_3_FITC.tif	Positive	Positive	PathAnnotationObject	Polygon	334.53	516.09	9.8036	12.2444	0.8217	4.8287	2.538	0.8351	11.8148	319	3.431	20	7	13	51.6667	1395	6.7139	67	38	29	0.5556	15	1.4233	6	0	6	81.5658	35.3381	0.8208	13.5585	8.3618	0.8009	6.7877	4.7043	20	0	30.0613	12.7529	67	5	0.1132	0.6052	6	0	6.0541	4.4119	20	0	26.9081	10.0816	57	5	0.0486	0.3176	3	0	0.1139	4	29.5509	25.9434	61.1159	5.2008	190.2172	488.5751
52G_3_FITC.tif	Positive	Positive	PathAnnotationObject	Polygon	342.1	520.36	25.0972	22.4881	0.6236	8.5517	5.101	0.7918	16.0833	1158	4.124	30	7	23	52.75	3798	4.7995	61	36	25	0.2778	20	0.9227	6	0	6	155.681	49.9515	0.7841	17.8331	11.7186	0.7886	9.3775	6.0739	30	0	37.8225	12.3721	61	11	0.13	0.674	6	0	7.9055	5.4081	29	0	34.5457	11.0425	55	11	0.0976	0.6029	6	0	0.1677	5	28.1533	31.5761	58.3373	5.2008	195.3143	621.1183
52G_3_FITC.tif	Positive	Positive	PathAnnotationObject	Polygon	352.26	527.58	8.235	10.5915	0.9225	3.8203	2.8297	0.6541	6.7826	156	8.728	30	0	30	79.7391	1834	23.1148	127	42	85	6.3913	147	8.815	29	0	29	127.4466	40.4062	0.9809	13.8107	11.8981	0.4838	2.4387	4.074	30	0	28.4141	19.8707	127	2	0.4969	2.8227	29	0	2.1089	3.2812	14	0	24.5182	13.0439	57	2	0.0495	0.259	2	0	0.0596	4	43.9197	31.9706	98.3174	13.4202	331.8212	937.0683
52G_3_FITC.tif	Positive	Positive	PathAnnotationObject	Polygon	371.41	527.76	5.8822	9.6664	0.7911	3.8357	1.9839	0.8527	6.0588	103	2.6332	12	3	9	44	748	2	48	40	8	0.1176	2	0.4851	2	0	2	123.5252	39.6371	0.988	13.6207	11.7794	0.483	5.288	4.1552	17	0	34.5538	9.1877	48	11	0.1361	0.6927	6	0	5.2441	4.2241	17	0	34.0167	9.1452	48	11	0.1371	0.7032	6	0	0.0453	5	93.9016	40.9873	259.7291	19.6347	1088.958	3454.8267
52G_3_FITC.tif	Positive	Positive	PathAnnotationObject	Polygon	260.52	532.37	10.5879	14.2224	0.6578	5.6565	2.9258	0.8387	0.7576	25	1.3926	5	0	5	51.3939	1696	5.0864	60	39	21	0.303	10	0.8095	3	0	3	110.1923	42.0748	0.7822	15.2461	8.7391	0.8457	0.539	1.0936	5	0	36.4645	10.1273	60	14	0.1418	0.5543	5	0	0.51	1.0477	5	0	34.4859	8.9041	52	14	0.1205	0.5095	5	0	0.0965	5	99.2628	51.3678	368.6402	3.7485	2105.0835	10619.4336
52G_3_FITC.tif	Positive	Positive	PathAnnotationObject	Polygon	261.19	539.65	9.4114	11.0175	0.9743	3.6931	3.2373	0.4231	2.08	52	2.2531	8	0	8	54.8	1370	7.5443	69	42	27	0.72	18	1.5948	5	0	5	68.6251	32.4382	0.8196	12.5183	7.8425	0.7818	0.9831	1.5971	8	0	35.339	11.6516	69	14	0.1469	0.7545	5	0	0.8026	1.3908	5	0	32.1382	8.7277	52	14	0.0526	0.4426	5	0	0.1176	3	22.3077	10.7875	52.387	3.7485	91.61	169.6268
52G_3_FITC.tif	Positive	Positive	PathAnnotationObject	Polygon	255.33	547.4	21.96	18.8277	0.7785	7.364	4.1067	0.8473	0.3667	22	0.9561	5	0	5	52.1833	3131	4.9966	65	40	25	0.25	15	0.9136	5	0	5	176.0724	48.7179	0.9322	17.1162	12.5119	0.6877	0.4333	0.9035	5	0	30.3422	18.0063	65	0	0.1089	0.5119	5	0	0.4436	0.8959	5	0	26.9821	16.8982	60	0	0.0872	0.4151	5	0	0.1332	6	113.7036	79.8373	380.1649	10.7875	514.9568	1492.2964
