Image	Name	Class	Parent	ROI	Centroid X µm	Centroid Y µm	Nucleus: Area	Nucleus: Perimeter	Nucleus: Circularity	Nucleus: Max caliper	Nucleus: Min caliper	Nucleus: Eccentricity	Nucleus: Red mean	Nucleus: Red sum	Nucleus: Red std dev	Nucleus: Red max	Nucleus: Red min	Nucleus: Red range	Nucleus: Green mean	Nucleus: Green sum	Nucleus: Green std dev	Nucleus: Green max	Nucleus: Green min	Nucleus: Green range	Nucleus: Blue mean	Nucleus: Blue sum	Nucleus: Blue std dev	Nucleus: Blue max	Nucleus: Blue min	Nucleus: Blue range	Cell: Area	Cell: Perimeter	Cell: Circularity	Cell: Max caliper	Cell: Min caliper	Cell: Eccentricity	Cell: Red mean	Cell: Red std dev	Cell: Red max	Cell: Red min	Cell: Green mean	Cell: Green std dev	Cell: Green max	Cell: Green min	Cell: Blue mean	Cell: Blue std dev	Cell: Blue max	Cell: Blue min	Cytoplasm: Red mean	Cytoplasm: Red std dev	Cytoplasm: Red max	Cytoplasm: Red min	Cytoplasm: Green mean	Cytoplasm: Green std dev	Cytoplasm: Green max	Cytoplasm: Green min	Cytoplasm: Blue mean	Cytoplasm: Blue std dev	Cytoplasm: Blue max	Cytoplasm: Blue min	Nucleus/Cell area ratio	Delaunay: Num neighbors	Delaunay: Mean distance	Delaunay: Median distance	Delaunay: Max distance	Delaunay: Min distance	Delaunay: Mean triangle area	Delaunay: Max triangle area
60D_5_FITC.tif	Positive	Positive	PathAnnotationObject	Polygon	439.92	190.82	10.98	14.6101	0.6464	6.2385	2.4478	0.926	4.6875	150	4.6102	22	0	22	42.5	1360	11.0891	73	25	48	3.5	112	5.1368	23	0	23	156.8574	45.3905	0.9567	15.8817	11.8907	0.6697	3.2095	1.8003	22	0	18.9526	9.5045	73	9	0.4015	1.7989	23	0	3.0813	1.2353	8	0	16.9106	5.9527	42	9	0.1328	0.6223	5	0	0.0679	5	246.0695	308.308	387.485	32.5044	17460.3457	34896.7656
60D_5_FITC.tif	Positive	Positive	PathAnnotationObject	Polygon	557.67	202.22	11.7643	16.5074	0.5425	6.7448	2.5082	0.9466	8	272	3.2845	18	3	15	49.2353	1674	5.3658	63	38	25	1.6471	56	2.6955	11	0	11	115.2902	43.0895	0.7803	16.5272	9.6721	0.8195	5.5085	3.2512	18	0	24.9017	14.463	63	5	0.3864	1.4891	11	0	5.1839	3.109	15	0	21.7318	12.0565	62	5	0.2222	1.1621	11	0	0.0996	4	60.794	59.5949	119.5868	4.3995	363.2267	876.5819
60D_5_FITC.tif	Positive	Positive	PathAnnotationObject	Polygon	562.3	208.65	11.7643	14.154	0.7379	5.4701	3.2967	0.7217	5.0606	167	3.0816	16	2	14	58.1515	1919	11.1106	82	37	45	3.2121	106	3.8871	17	0	17	101.173	40.5068	0.7749	15.3498	9.1251	0.8081	3.9349	1.8583	16	0	29.5134	13.9048	82	14	0.5785	1.9051	17	0	3.7719	1.5511	13	0	25.3684	8.2197	60	14	0.1974	0.9342	12	0	0.112	4	59.0933	59.0282	113.9171	4.3995	1690.4366	5291.0059
60D_5_FITC.tif	Positive	Positive	PathAnnotationObject	Polygon	467.32	208.36	9.0193	10.8371	0.9651	4.0518	2.7346	0.6487	3.04	76	3.0067	11	0	11	49.2	1230	9.6177	69	36	33	2.2	55	3.2275	11	0	11	132.1523	41.0287	0.9865	13.7927	11.8981	0.4529	2.858	1.3794	11	0	22.3018	9.5754	69	8	0.2041	1.0853	11	0	2.8435	1.1648	6	0	20.1534	5.4144	48	8	0.0447	0.3552	5	0	0.0635	5	135.3473	93.9693	300.2692	32.5044	6598.04	21861.2578
60D_5_FITC.tif	Positive	Positive	PathAnnotationObject	Polygon	584.71	212.66	10.98	13.3493	0.7743	5.3582	2.8681	0.8205	4.9	147	4.1051	14	0	14	54.6333	1639	11.5981	74	32	42	4.4	132	4.3597	13	0	13	147.4459	43.5408	0.9773	15.4106	12.4329	0.5638	2.7347	1.6881	14	0	21.0133	13.2606	74	5	0.443	1.705	13	0	2.5476	1.1148	6	0	18.1066	8.5638	42	5	0.1009	0.3016	1	0	0.0731	8	121.6534	108.8038	223.2132	24.0872	931.5117	3095.2502
60D_5_FITC.tif	Positive	Positive	PathAnnotationObject	Polygon	71.34	292.41	12.1564	14.5778	0.7188	6.2448	2.3616	0.9211	4.8182	159	4.1417	17	1	16	40.6364	1341	11.3821	68	21	47	3.0909	102	4.3758	15	0	15	152.5438	44.5189	0.9672	16.2387	12.1032	0.6433	2.6923	1.9194	17	0	11.1821	10.4994	68	1	0.2641	1.5226	15	0	2.4958	1.4234	6	0	8.4594	4.5779	28	1	0.0028	0.0529	1	0	0.0822	3	196.3843	155.4085	382.4635	51.2809	15477.334	29283.1484
60D_5_FITC.tif	Positive	Positive	PathAnnotationObject	Polygon	580.12	318.98	19.6072	21.7665	0.5201	8.0105	4.5383	0.8657	5.5714	312	6.838	27	0	27	70.4464	3945	22.6225	120	30	90	6.1429	344	7.1717	29	0	29	190.5817	50.7674	0.9292	18.1084	13.3042	0.6849	2.9078	2.8777	27	0	25.3975	20.2237	120	9	0.8381	3.1571	29	0	2.5625	1.5326	9	0	19.5579	9.9484	75	9	0.1505	0.7543	10	0	0.1056	10	142.011	136.0779	279.2884	15.1799	5959.1763	21861.2578
60D_5_FITC.tif	Positive	Positive	PathAnnotationObject	Polygon	596.54	314.43	14.1172	14.5391	0.8392	5.7172	3.0961	0.8523	2.1622	80	1.8932	8	0	8	46.3784	1716	8.1662	61	34	27	1.2973	48	1.8688	7	0	7	89.0166	35.3732	0.894	13.2924	8.7602	0.7347	2.381	1.1238	8	0	23.1255	12.6218	61	11	0.2771	0.8999	7	0	2.4227	0.9086	5	0	18.6907	7.3476	46	11	0.0825	0.2758	1	0	0.1445	4	33.3564	12.036	104.2807	5.073	276.2784	853.2311
60D_5_FITC.tif	Positive	Positive	PathAnnotationObject	Polygon	592.58	321.82	18.4307	22.5499	0.4555	9.4013	2.9876	0.9475	4.5741	247	6.0239	28	0	28	67.7222	3657	23.6503	123	29	94	4.6852	253	6.5382	31	0	31	109.8002	41.3159	0.8083	16.6649	8.8439	0.8418	2.6263	3.0236	28	0	30.0819	23.7877	123	10	1.0961	3.4498	31	0	2.163	1.3018	8	0	21.1278	12.2812	111	10	0.2423	0.954	8	0	0.173	4	31.0045	10.4771	97.9908	5.073	188.0216	518.5555
60D_5_FITC.tif	Positive	Positive	PathAnnotationObject	Polygon	602.69	323.53	7.0586	10.5496	0.797	3.7761	2.7643	0.435	8.9091	196	7.3024	22	0	22	92.1364	2027	24.6795	124	50	74	11.2727	248	7.2846	24	1	23	78.4287	35.0487	0.8023	13.3894	8.1201	0.8141	2.6146	3.3785	22	0	27.5951	24.9102	124	15	1.3122	4.1903	24	0	1.8579	1.1298	5	0	19.8361	7.8219	63	15	0.1148	0.3523	2	0	0.0879	5	60.858	86.2196	111.0051	5.7743	879.2503	3095.2502
60D_5_FITC.tif	Positive	Positive	PathAnnotationObject	Polygon	71.85	343.61	13.725	16.2079	0.6566	6.7585	3.173	0.8764	9.5897	374	2.702	17	3	14	45.1538	1761	12.5143	67	24	43	2	78	2.8928	11	0	11	165.8767	46.6334	0.9585	16.8768	12.8177	0.6329	6.6745	2.5279	17	0	20.4906	10.3458	67	7	0.1958	1.0482	11	0	6.3792	2.3165	12	0	17.9922	5.8628	37	7	0.013	0.1344	2	0	0.0863	3	78.0736	71.9774	110.9626	51.2809	1354.2644	1671.5199
60D_5_FITC.tif	Positive	Positive	PathAnnotationObject	Polygon	664.67	379.06	10.1957	13.4842	0.7047	5.2488	2.7669	0.8923	3.4828	101	3.6117	13	0	13	43	1247	11.1034	67	26	41	3.069	89	3.7026	13	0	13	115.6823	40.9358	0.8675	15.1435	9.6714	0.7688	2.3098	1.4881	13	0	20.0909	9.7358	67	8	0.3737	1.5151	13	0	2.1828	0.9599	6	0	17.6119	5.3833	41	8	0.0821	0.4826	7	0	0.0842	4	74.8839	53.9225	185.3491	6.3414	1071.5338	3095.2502
60D_5_FITC.tif	Positive	Positive	PathAnnotationObject	Polygon	671.19	384.74	7.8429	10.5686	0.8824	4.0538	2.5204	0.7497	7.3043	168	8.0421	28	0	28	65.087	1497	20.2348	109	35	74	8.2609	190	8.5025	30	0	30	97.6437	36.5903	0.9165	13.0706	9.7416	0.646	2.6574	2.9789	28	0	19.7251	17.0087	109	7	0.8486	3.4735	30	0	2.1886	1.0471	5	0	15.1491	7.0289	45	7	0.1009	0.3909	4	0	0.0684	5	57.2128	33.029	191.2546	6.3414	312.2572	861.4521
60D_5_FITC.tif	Positive	Positive	PathAnnotationObject	Polygon	655.5	398.61	5.8822	9.748	0.7779	4.0266	1.9604	0.8135	5.7368	109	4.6049	18	0	18	43.1053	819	10.3703	66	30	36	5.5263	105	5.7481	20	0	20	125.4859	40.1574	0.9779	13.8002	11.2718	0.5561	2.7174	1.67	18	0	20.1553	7.9774	66	13	0.3882	1.9193	20	0	2.5281	1.0446	6	0	18.7162	5.1008	42	13	0.066	0.4255	4	0	0.0472	9	71.4969	78.1048	138.9323	20.9632	1640.8137	7583.4922
60D_5_FITC.tif	Positive	Positive	PathAnnotationObject	Polygon	690.71	405.68	10.1957	13.6694	0.6857	5.7068	2.7216	0.8519	3.0312	97	3.1468	10	0	10	61.4062	1965	13.3244	80	31	49	3.25	104	3.6011	11	0	11	60.3901	31.546	0.7626	11.4678	8.2396	0.6215	2.5127	1.7512	10	0	26.9241	20.3359	80	10	0.6835	2.0753	11	0	2.381	1.1444	6	0	18.1667	9.6795	59	10	0.0317	0.281	3	0	0.1835	4	69.4116	25.3349	223.2132	3.7634	311.336	861.4521
60D_5_FITC.tif	Positive	Positive	PathAnnotationObject	Polygon	98.02	410.78	13.3329	13.2044	0.9609	4.6171	3.4572	0.599	10.0811	373	1.4791	14	8	6	41.7838	1546	7.6816	55	28	27	0.6486	24	0.978	3	0	3	149.0145	43.4553	0.9916	14.2072	13.1505	0.35	9.0604	3.659	20	0	21.4961	9.8594	55	4	0.0814	0.3923	3	0	8.9506	3.8051	20	0	19.314	7.2337	35	4	0.0203	0.1779	2	0	0.082	2	58.7254	58.7254	71.9774	45.4734	1037.0089	1037.0089
60D_5_FITC.tif	Positive	Positive	PathAnnotationObject	Polygon	689.5	413.34	7.8429	10.2211	0.9434	3.5616	2.9008	0.4551	5.3182	117	6.6432	27	0	27	52.5	1155	9.3592	75	32	43	3.9545	87	5.0941	22	0	22	70.5858	31.3304	0.9036	11.9248	8.4149	0.662	2.1913	2.6481	27	0	19.5082	14.279	75	6	0.5137	2.1582	22	0	1.764	0.8102	4	0	15	7.0931	53	6	0.0435	0.2046	1	0	0.0959	4	22.5409	24.3967	37.6067	3.7634	169.249	357.3864
60D_5_FITC.tif	Positive	Positive	PathAnnotationObject	Polygon	690.42	425.73	11.7643	12.5512	0.9384	4.9405	2.8324	0.8199	2.2581	70	3.3563	12	0	12	56.7742	1760	11.8595	80	39	41	2	62	3.5024	12	0	12	108.6237	39.1625	0.89	14.1804	8.767	0.7641	2.0108	1.7237	16	0	29.2266	15.3903	97	15	0.5	1.7409	16	0	1.9798	1.4011	16	0	25.7692	11.9133	97	15	0.3117	1.2639	16	0	0.0938	6	48.8847	55.3178	82.8843	14.3178	583.8875	1478.2598
60D_5_FITC.tif	Positive	Positive	PathAnnotationObject	Polygon	137.5	432.99	7.8429	10.476	0.898	4.1653	2.4009	0.7928	6.4286	135	4.9555	17	0	17	48.381	1016	12.3267	71	29	42	3.9048	82	4.8364	13	0	13	129.4073	40.4904	0.9919	13.7529	11.7827	0.5004	5.5166	2.0096	17	0	21.6586	8.6225	71	11	0.2598	1.5272	13	0	5.4548	1.6319	10	0	19.8484	4.2127	33	11	0.0129	0.113	1	0	0.0525	6	206.4738	190.9343	387.485	45.4734	14228.7051	34896.7656
60D_5_FITC.tif	Positive	Positive	PathAnnotationObject	Polygon	650.4	476.78	16.0779	17.5377	0.6569	6.8468	3.8879	0.8389	3.4255	161	3.8547	13	0	13	54.5957	2566	16.4153	84	23	61	3.5532	167	4.0476	13	0	13	179.2096	48.3136	0.9648	17.078	13.1505	0.647	2.3297	1.677	13	0	20.6135	13.5644	84	11	0.3843	1.679	13	0	2.2044	1.1464	5	0	16.7275	5.2283	48	11	0.0219	0.1465	1	0	0.0945	7	56.358	65.3895	92.643	20.2016	1030.1256	3428.6855
60D_5_FITC.tif	Positive	Positive	PathAnnotationObject	Polygon	667.21	487.55	34.9008	27.2742	0.5896	9.6746	6.577	0.7649	3	279	3.8814	19	0	19	60.4731	5624	14.9743	97	31	66	2.7742	258	4.0031	20	0	20	195.6796	51.9375	0.9116	18.5702	13.3254	0.7109	2.1693	1.9436	19	0	26.8685	18.9187	97	11	0.5697	2.0263	20	0	1.9804	1.024	5	0	19.2274	8.5443	67	11	0.0685	0.2624	2	0	0.182	5	25.9534	20.2016	67.8297	8.2425	254.8654	660.1595
60D_5_FITC.tif	Positive	Positive	PathAnnotationObject	Polygon	357.3	487.85	21.96	20.8494	0.6348	7.7891	4.6108	0.8497	6.6719	427	4.0002	13	0	13	53.1094	3399	11.6075	82	34	48	0.875	56	2.0354	9	0	9	202.7382	51.5286	0.9595	17.8319	14.2826	0.59	6.7683	3.6005	20	0	28.9208	15.3245	82	6	0.2375	1.1978	17	0	6.7819	3.5452	20	0	25.511	12.4485	59	6	0.1476	0.9979	17	0	0.1179	7	195.7375	226.4602	308.308	75.0405	11076.0957	34896.7656
60D_5_FITC.tif	Positive	Positive	PathAnnotationObject	Polygon	662.35	496.42	15.6857	16.1609	0.7547	6.2613	3.9447	0.8218	2.5238	106	2.9651	11	0	11	73.0952	3070	16.5438	106	35	71	3.4286	144	3.2992	13	0	13	73.3308	35.1051	0.7478	13.4677	8.0879	0.8474	2.3246	1.756	11	0	36.3141	23.3208	106	16	0.8691	2.0796	13	0	2.2685	1.2282	5	0	25.9463	11.4123	63	16	0.1477	0.3921	2	0	0.2012	3	10.7964	8.2425	18.3519	5.7949	43.9335	75.5276
60D_5_FITC.tif	Positive	Positive	PathAnnotationObject	Polygon	653.89	496.49	13.725	15.3044	0.7364	6.3273	3.0205	0.9017	3	111	3.5355	13	0	13	66.1892	2449	22.3058	106	28	78	2.7297	101	3.9767	14	0	14	115.6823	41.437	0.8466	15.4422	10.3073	0.7499	1.9459	1.6623	13	0	28.2736	18.9394	106	13	0.402	1.6664	14	0	1.7954	1.1105	5	0	22.8571	10.2518	91	13	0.0695	0.2836	2	0	0.1138	5	16.7454	20.3673	22.6677	5.7949	120.9403	221.9544
60D_5_FITC.tif	Positive	Positive	PathAnnotationObject	Polygon	561.63	498.6	14.1172	15.279	0.7599	5.5238	3.643	0.7127	3.3902	139	4.7057	22	0	22	68.6585	2815	15.9477	106	39	67	3.5366	145	4.7281	23	0	23	105.4866	39.3659	0.8554	14.3031	11.0753	0.5259	2.7096	2.1287	22	0	29.4779	19.558	106	14	0.614	2.2307	23	0	2.5887	1.1794	5	0	22.5238	9.1788	61	14	0.0952	0.4268	5	0	0.1398	7	64.3092	11.1647	182.1647	7.0491	1503.6799	7583.4922
60D_5_FITC.tif	Positive	Positive	PathAnnotationObject	Polygon	552.87	504.89	22.3522	19.8015	0.7164	7.2459	4.159	0.8602	6.0847	359	7.0888	34	0	34	77.9153	4597	23.6827	143	38	105	6.2542	369	7.8819	37	0	37	130.1916	41.2396	0.962	13.7958	12.3527	0.367	3.0928	3.4607	34	0	32.6587	24.6617	143	13	1.1677	4.0576	37	0	2.4509	1.2558	5	0	22.9491	9.2083	66	13	0.0764	0.3044	2	0	0.1658	5	85.7083	104.9142	186.5549	7.0491	2583.0784	10633.6719
60D_5_FITC.tif	Positive	Positive	PathAnnotationObject	Polygon	635.47	504.48	10.1957	14.1063	0.6439	5.4589	3.1042	0.8503	9.0667	272	9.8329	40	0	40	77.3333	2320	28.7214	135	30	105	9.3333	280	10.3335	41	0	41	153.7202	44.9419	0.9564	16.0145	12.5243	0.6195	4.8499	4.5435	40	0	25.285	18.143	135	14	0.7735	3.7474	41	0	4.5014	3.6074	18	0	20.9835	6.8778	61	14	0.0661	0.2802	3	0	0.0646	6	69.0273	53.084	181.7958	21.9143	573.4008	1081.291
60D_5_FITC.tif	Positive	Positive	PathAnnotationObject	Polygon	675.62	507.01	7.4507	10.367	0.8712	4.1569	2.214	0.8112	2.85	57	1.8994	7	1	6	50.4	1008	11.1893	74	33	41	1.75	35	2.4252	8	0	8	129.0152	40.5946	0.9838	14.1737	11.8981	0.5211	2.803	1.4877	11	0	25.0939	12.268	75	5	0.3333	1.3201	12	0	2.8	1.461	11	0	23.4613	10.4127	75	5	0.2419	1.1643	12	0	0.0529	6	67.5798	31.519	220.6945	18.3519	339.7833	1081.291
60D_5_FITC.tif	Positive	Positive	PathAnnotationObject	Polygon	571.76	507.37	8.6272	11.8406	0.7733	4.7583	2.3569	0.9003	3.0833	74	2.3015	10	0	10	46.9583	1127	11.6264	65	29	36	1.9167	46	2.0624	9	0	9	94.8987	37.4426	0.8506	13.8751	8.856	0.7736	2.9877	1.5167	10	0	24.0902	11.1233	65	8	0.2828	0.9015	9	0	2.9773	1.4124	7	0	21.5955	7.7155	47	8	0.1045	0.3613	2	0	0.0766	5	34.8929	11.1647	86.3677	3.8078	236.2841	884.6285
60D_5_FITC.tif	Positive	Positive	PathAnnotationObject	Polygon	565.78	506.1	6.6664	10.0854	0.8236	3.6195	2.5429	0.692	5.4286	114	6.2974	21	0	21	88.8095	1865	19.7094	124	59	65	5.5714	117	6.2735	21	0	21	27.8422	22.5982	0.6851	9.2988	5.088	0.8269	2.8108	3.8345	21	0	49.6892	28.7497	124	19	1.6216	4.1337	21	0	1.7736	1.2348	4	0	34.1887	12.1656	69	19	0.0566	0.2333	1	0	0.2523	3	5.4402	3.8078	8.7455	3.7674	11.4538	16.4718
60D_5_FITC.tif	Positive	Positive	PathAnnotationObject	Polygon	561.7	511.65	5.49	8.6569	0.9206	3.0747	2.5202	0.1964	7.5294	128	8.33	31	0	31	86.3529	1468	21.9002	127	50	77	7.2353	123	8.4152	31	0	31	63.1351	29.9332	0.8855	10.2854	7.6872	0.5942	2.7939	3.2582	31	0	31.6545	23.7417	127	8	0.8788	3.4212	31	0	2.25	1.1831	5	0	25.3716	13.8167	98	8	0.1486	0.3755	2	0	0.0833	6	35.564	9.5636	110.3092	3.7674	225.4551	993.2834
60D_5_FITC.tif	Positive	Positive	PathAnnotationObject	Polygon	437.11	526.5	12.5486	13.7216	0.8375	5.26	3.3572	0.7991	3.5	126	2.4083	10	0	10	52.8889	1904	9.8119	76	38	38	1.3611	49	2.3803	10	0	10	138.8188	42.4498	0.9681	14.6177	12.0424	0.5602	3.9576	1.3214	10	0	26.1299	12.4311	76	12	0.2571	0.9274	10	0	4.0094	1.1303	6	1	23.1006	8.422	47	12	0.1321	0.422	3	0	0.0925	7	75.8006	28.0938	252.3792	11.6062	3378.0989	11046.2441
60D_5_FITC.tif	Positive	Positive	PathAnnotationObject	Polygon	418.42	528.48	16.0779	17.3178	0.6737	5.6438	4.5725	0.5024	4.8125	231	4.2957	21	0	21	73	3504	19.5905	122	39	83	3.7917	182	4.7038	23	0	23	128.6231	43.1929	0.8664	15.3818	11.4502	0.6745	3.3283	2.8673	21	0	26.4458	23.6234	122	3	0.6235	2.2218	23	0	3.0775	2.4727	10	0	18.5775	12.6196	69	3	0.088	0.3299	2	0	0.13	4	29.3334	17.6757	75.0405	6.9416	187.7666	413.3742
60D_5_FITC.tif	Positive	Positive	PathAnnotationObject	Polygon	425.57	533.93	21.5679	21.3572	0.5942	8.6418	4.2039	0.8772	4.3333	273	2.7998	13	0	13	64.5079	4064	13.764	98	36	62	2.5079	158	3.0842	14	0	14	113.3295	46.3122	0.664	17.9028	8.933	0.8826	3.0759	2.0072	13	0	34.1138	20.955	98	5	0.7	1.7812	14	0	2.7269	1.5615	7	0	25.6784	13.4371	63	5	0.1982	0.5325	4	0	0.2039	4	9.9762	10.0594	12.8444	6.9416	33.842	45.2354
60D_5_FITC.tif	Positive	Positive	PathAnnotationObject	Polygon	434.08	537.58	19.6072	17.7544	0.7817	6.4497	4.6677	0.6863	4.7222	255	4.4865	23	0	23	64.9444	3507	12.1429	94	41	53	2.7593	149	4.7857	22	0	22	100.3887	37.158	0.9137	12.345	10.4691	0.4072	3.8192	3.0469	23	0	40.2231	15.2972	94	17	0.8577	2.6096	22	0	3.5825	2.5008	14	0	33.7427	7.3715	53	17	0.3592	1.2166	10	0	0.1967	4	13.4697	9.7628	27.095	7.2582	81.7576	155.9712
60D_5_FITC.tif	Positive	Positive	PathAnnotationObject	Polygon	429.96	545.98	4.3136	7.1664	1	2.6077	1.8701	0.7243	9.1667	110	8.4081	27	0	27	60.5	726	16.5447	91	38	53	9.9167	119	9.6149	29	0	29	78.0366	32.4265	0.9326	11.4103	8.4016	0.6619	2.9158	3.6959	27	0	19.302	15.9244	91	6	0.9455	3.5802	29	0	2.5211	2.7883	18	0	16.7	11.7977	64	6	0.3789	1.6789	12	0	0.0422	6	78.5757	23.3101	313.053	7.2582	935.5327	4255.082
60D_5_FITC.tif	Positive	Positive	PathAnnotationObject	Polygon	458.14	545.08	7.0586	8.8848	1	3.0075	2.5092	0.5732	10.1053	192	12.7318	38	0	38	72.1053	1370	25.042	123	48	75	9.2105	175	13.3107	38	0	38	119.9959	38.9374	0.9946	12.9784	11.8981	0.2802	3.3539	3.6724	38	0	20.4578	15.4846	123	11	0.6136	3.9123	38	0	2.91	1.02	6	0	17.0623	5.3712	41	11	0.0484	0.2151	1	0	0.0459	7	100.1453	104.9142	220.6945	27.095	678.4967	1311.2604
