Image	Object ID	Object type	Name	Classification	Parent	ROI	Centroid X µm	Centroid Y µm	Nucleus: Area	Nucleus: Perimeter	Nucleus: Circularity	Nucleus: Max caliper	Nucleus: Min caliper	Nucleus: Eccentricity	Nucleus: Red mean	Nucleus: Red sum	Nucleus: Red std dev	Nucleus: Red max	Nucleus: Red min	Nucleus: Red range	Nucleus: Green mean	Nucleus: Green sum	Nucleus: Green std dev	Nucleus: Green max	Nucleus: Green min	Nucleus: Green range	Nucleus: Blue mean	Nucleus: Blue sum	Nucleus: Blue std dev	Nucleus: Blue max	Nucleus: Blue min	Nucleus: Blue range	Cell: Area	Cell: Perimeter	Cell: Circularity	Cell: Max caliper	Cell: Min caliper	Cell: Eccentricity	Cell: Red mean	Cell: Red std dev	Cell: Red max	Cell: Red min	Cell: Green mean	Cell: Green std dev	Cell: Green max	Cell: Green min	Cell: Blue mean	Cell: Blue std dev	Cell: Blue max	Cell: Blue min	Cytoplasm: Red mean	Cytoplasm: Red std dev	Cytoplasm: Red max	Cytoplasm: Red min	Cytoplasm: Green mean	Cytoplasm: Green std dev	Cytoplasm: Green max	Cytoplasm: Green min	Cytoplasm: Blue mean	Cytoplasm: Blue std dev	Cytoplasm: Blue max	Cytoplasm: Blue min	Nucleus/Cell area ratio	Delaunay: Num neighbors	Delaunay: Mean distance	Delaunay: Median distance	Delaunay: Max distance	Delaunay: Min distance	Delaunay: Mean triangle area	Delaunay: Max triangle area
71_5_FITC.tif	29f132aa-9c98-44c9-abbe-3c02ca77a2bc	Cell		Positive	Annotation	Polygon	323.49	630.64	22.9867	24.6748	0.4744	11.0427	3.1139	NaN	3.287	378	3.7551	18	0	18	144.5652	16625	27.3609	183	80	103	3.6	414	3.8996	18	0	18	101.887	47.1316	0.5764	21.2271	6.6268	NaN	2.417	3.2296	20	0	66.6802	53.4776	183	1	1.247	2.8866	20	0	2.153	3.0084	20	0	43.0475	33.1461	156	1	0.533	2.0213	20	0	0.2249	7	182.0265	135.5871	434.2819	11.6851	2050.0066	7500.9326
71_5_FITC.tif	76ea6fed-f643-44b9-8516-058cac2d5a56	Cell		Positive	Annotation	Polygon	324.28	649.07	22.1583	31.4872	0.2809	14.5116	2.6523	NaN	2.6609	306	4.5187	20	0	20	145.4783	16730	21.3354	181	90	91	2.7478	316	4.5245	20	0	20	108.7209	56.8305	0.423	26.4921	6.165	NaN	2.6031	3.6828	20	0	88.1031	36.6843	181	28	0.7958	2.4694	20	0	2.5868	3.4175	13	0	71.9707	20.2263	138	28	0.2469	0.849	8	0	0.2084	5	131.6564	107.5798	342.8495	11.6851	2894.2581	12801.1016
71_5_FITC.tif	b90eaa07-2d4a-44ff-9e66-f4db620be7f7	Cell		Positive	Annotation	Polygon	410.19	704.06	6.2126	15.5471	0.323	7.4417	1.3377	NaN	22.7714	797	7.5696	33	3	30	217.3143	7606	7.7451	227	196	31	23.2286	813	7.5072	32	4	28	59.4341	40.7294	0.4502	19.2879	4.2802	NaN	8.8472	9.9643	33	0	158.6389	67.6319	227	5	10.0764	10.9089	37	0	6.9209	8.6425	31	0	150.5217	68.2418	225	5	8.2569	10.029	37	0	0.0987	7	43.5719	27.5245	113.1748	7.7559	607.785	2582.7715
71_5_FITC.tif	137d664f-2bed-4964-9534-73ab68823fb0	Cell		Positive	Annotation	Polygon	412.64	715.99	5.5914	18.8175	0.1984	9.3023	0.8883	NaN	27.6129	856	6.1843	41	16	25	221.6452	6871	5.4866	233	212	21	29.6774	920	7.1105	41	16	25	51.7718	47.7072	0.2858	23.1517	2.9507	NaN	14.0397	10.205	41	0	201.0476	24.5746	233	104	15.0357	11.1571	41	0	12.1357	9.1651	32	0	198.1584	24.8341	227	104	12.9819	10.034	37	0	0.111	4	16.1197	16.225	29.9578	2.071	123.1489	366.8596
71_5_FITC.tif	267bde88-5e9a-442e-a6f5-435fae4c9b05	Cell		Positive	Annotation	Polygon	351.51	714.15	12.0111	21.5649	0.3246	10.1513	1.7123	NaN	6.5167	391	6.245	21	0	21	123.9167	7435	19.5442	158	85	73	7.15	429	5.7661	21	0	21	79.7286	47.5774	0.4426	21.9087	5.1772	NaN	2.7861	4.1263	21	0	54.183	37.0522	158	8	1.7397	3.6939	21	0	2.1037	3.177	15	0	41.4268	22.3692	129	8	0.75	1.9485	13	0	0.1415	6	48.7591	46.5397	87.5786	9.7055	598.387	2582.7715
71_5_FITC.tif	4c8f6d01-53d6-4ac5-b332-51cc0405b213	Cell		Positive	Annotation	Polygon	410.16	719.36	2.6921	8.83	0.4339	4.1605	0.765	NaN	24.8571	348	2.2823	28	19	9	219.5	3073	1.7431	222	215	7	28.2143	395	3.4234	33	23	10	25.8859	30.349	0.3532	14.6247	2.4547	NaN	15.9134	9.6272	34	0	208.7795	12.8322	229	171	17.8346	10.6008	38	0	14.8053	9.6138	34	0	207.4513	12.9904	229	171	16.5487	10.4847	38	0	0.0883	6	39.2282	44.1303	75.6278	2.071	595.7575	2060.2205
71_5_FITC.tif	d75a3031-d0e5-4494-afd3-1a8f840b7aa0	Cell		Positive	Annotation	Polygon	351.99	729.13	11.3898	20.1847	0.3513	9.4018	1.6749	NaN	5.7797	341	6.1646	23	0	23	115.322	6804	20.9395	145	70	75	5.5085	325	6.4041	23	0	23	60.2624	36.6145	0.5649	16.3451	5.2106	NaN	2.686	4.2463	23	0	59.215	33.806	145	14	1.4266	3.6573	23	0	1.906	3.1785	20	0	45.0684	18.027	100	14	0.3974	1.1272	6	0	0.1891	5	36.6844	35.5995	62.0923	9.7055	328.1597	1046.8086
71_5_FITC.tif	c32d42d3-6904-44b1-a269-36b1ffc34c59	Cell		Positive	Annotation	Polygon	422.86	742.41	28.9922	28.1287	0.4605	12.4528	3.4815	NaN	12.0276	1744	15.0674	70	0	70	190.7862	27664	26.5558	235	122	113	12.5931	1826	15.6247	70	0	70	160.9069	62.7002	0.5143	29.0244	7.8069	NaN	2.7728	8.0097	70	0	112.5379	48.1626	235	27	2.5635	8.2979	70	0	0.6562	1.7601	15	0	94.642	31.1008	177	27	0.2697	0.8824	7	0	0.1782	5	29.0743	29.9578	36.3078	18.6595	148.7112	366.8596
71_5_FITC.tif	bdb60fa3-615f-45e3-a7e6-3bf332dd78e5	Cell		Positive	Annotation	Polygon	350.21	740.31	5.5914	14.1363	0.3516	6.8877	1.0648	NaN	16.8065	521	11.4613	35	1	34	154.5161	4790	12.6804	174	129	45	17.4194	540	10.0192	35	4	31	36.0332	28.1036	0.5733	12.5953	4.3533	NaN	6.2247	8.0791	35	0	70.4831	50.0756	174	9	3.5	7.805	35	0	3.9932	4.8321	17	0	52.7619	34.5165	158	9	0.5646	1.8471	12	0	0.1417	4	17.2787	17.8439	25.6885	7.7388	12.4562	22.1938
71_5_FITC.tif	f362526b-9b36-4b32-85a2-737db13683cd	Cell		Positive	Annotation	Polygon	351.18	765.09	76.2082	67.3073	0.2114	31.3553	4.2422	NaN	9.742	3663	8.8438	31	0	31	194.4176	73101	21.735	226	129	97	12.2473	4605	10.6653	39	0	39	225.5182	87.8802	0.367	41.9955	7.6622	NaN	4.0954	7.0427	31	0	121.9917	62.6179	226	15	4.7624	8.5215	39	0	1.1218	2.9919	22	0	83.8515	38.9532	186	15	0.8207	2.4458	22	0	0.338	9	284.6363	75.6278	1061.6932	12.1241	24186.3008	85706.0312
71_5_FITC.tif	7483077c-25d2-4d3a-9226-9f5ace8f9266	Cell		Positive	Annotation	Polygon	348.15	749.82	5.1772	14.013	0.3313	6.726	1.0541	NaN	2.9231	76	3.0584	11	0	11	154.5769	4019	10.7487	170	128	42	5.8462	152	5.6899	18	0	18	30.6489	31.2906	0.3934	15.0526	2.8992	NaN	4.9539	4.6083	18	0	89.3947	46.8751	170	30	2.1974	4.2255	18	0	5.373	4.7695	18	0	75.9444	39.5615	165	30	1.4444	3.4282	17	0	0.1573	4	40.214	22.7687	107.5798	7.7388	157.6317	555.4925
71_5_FITC.tif	aca490be-ee45-4769-9f7a-65944151dbe2	Cell		Positive	Annotation	Polygon	425.68	757	4.763	10.9823	0.4963	4.8686	1.2248	NaN	1.4167	34	1.6918	5	0	5	188.125	4515	5.9732	196	174	22	2.0833	50	1.9092	5	0	5	39.1395	29.8896	0.5505	13.6826	3.9909	NaN	0.8549	1.5545	8	0	142.7617	35.1807	196	78	1.2073	1.7791	8	0	0.7751	1.5226	8	0	136.3195	32.7702	193	78	1.0828	1.7301	8	0	0.1095	5	21.6199	14.6198	53.2873	8.3599	64.5405	169.5179
71_5_FITC.tif	82d29247-b367-4c41-80a6-ae427ff12bf8	Cell		Positive	Annotation	Polygon	424.54	776.66	36.6545	38.5631	0.3097	18.4368	2.8482	NaN	9.4833	1707	8.6924	35	0	35	199.3722	35887	15.371	229	159	70	11.0944	1997	10.0855	40	0	40	114.9335	65.0108	0.3417	30.4066	5.3274	NaN	3.4821	6.6329	35	0	142.595	48.2112	229	43	4.0986	7.6945	40	0	0.6243	1.9344	12	0	115.5582	32.4009	206	43	0.7672	2.164	13	0	0.3163	7	238.1042	59.4986	885.6181	2.5077	9023.8086	32740.3301
71_5_FITC.tif	1d9f7211-3892-40b6-b9bb-174cbf47248b	Cell		Positive	Annotation	Polygon	428.96	767.33	10.9756	19.2792	0.3711	8.967	2.0476	NaN	8.9298	509	7.0047	23	0	23	195.8947	11166	14.671	217	158	59	10.7544	613	7.8995	28	0	28	58.8128	46.2326	0.3458	22.3797	4.0727	NaN	2.5294	5.0049	23	0	120.8235	51.446	217	51	3.1903	5.9239	28	0	0.9569	2.5967	18	0	102.3793	38.9269	213	51	1.3319	3.3221	26	0	0.1799	6	40.0683	49.6443	63.6988	6.5856	248.3007	1081.5847
71_5_FITC.tif	5756cc6d-186e-49e3-af8f-303b4970900b	Cell		Positive	Annotation	Polygon	427.77	778.5	8.6977	14.1178	0.5484	5.9969	1.776	NaN	7.9773	351	7.2545	21	0	21	197.5	8690	13.5552	215	165	50	10.7955	475	8.4484	29	0	29	26.9214	30.3989	0.3661	14.6352	2.6127	NaN	3.0305	5.7579	21	0	142.8626	49.5178	215	63	4.2901	7.0662	29	0	0.5287	2.2248	12	0	115.2299	36.2612	206	63	1	2.6807	15	0	0.2975	7	142.4181	41.4906	597.5009	2.5077	3036.2673	14126.793
71_5_FITC.tif	263f1602-6cdc-4039-b104-2bac538579ef	Cell		Positive	Annotation	Polygon	172.65	964.42	54.2569	58.5256	0.1991	27.8209	3.5781	NaN	2.2731	616	3.0476	19	0	19	112.8413	30580	24.8554	158	54	104	2.8303	767	3.6139	26	0	26	218.2701	91.9706	0.3243	44.0422	7.0004	NaN	1.0701	2.1549	19	0	56.4621	40.7312	158	6	0.9053	2.2692	26	0	0.6548	1.5417	9	0	36.9987	23.2744	119	6	0.2408	0.8417	8	0	0.2538	3	422.3533	478.8651	780.0633	8.1317	16089.0615	31015.7383
71_5_FITC.tif	c0711886-c21d-4344-bb18-8ba81d3ad4b3	Cell		Positive	Annotation	Polygon	176.61	953.53	2.6921	7.8592	0.5477	3.6692	0.7995	NaN	1.2143	17	1.8472	6	0	6	80.6429	1129	6.9349	89	68	21	1.2143	17	1.8472	6	0	6	33.5482	36.1848	0.322	17.6602	2.661	NaN	1.0427	2.0555	9	0	55.7988	16.9348	89	21	0.872	1.9191	9	0	1.0267	2.0788	9	0	53.48	15.6885	88	21	0.84	1.9285	9	0	0.0636	6	437.4677	348.0782	872.5981	8.1317	27424.8594	85706.0312
71_5_FITC.tif	d857e54c-a048-40ae-b87f-4a3e925e40c1	Cell		Positive	Annotation	Polygon	100.26	1436.4	82.2137	54.0949	0.3531	23.7689	5.3076	NaN	7.0225	2809	6.6921	26	0	26	189.63	75852	20.4003	220	135	85	8.67	3468	8.4531	33	0	33	265.2789	85.4025	0.4571	40.023	8.7906	NaN	4.1334	5.4952	26	0	124.9095	52.4035	220	34	3.0109	6.1433	33	0	2.8231	4.2563	20	0	95.5578	32.2513	182	34	0.4444	1.1747	9	0	0.3112	4	430.7793	398.4085	616.563	309.7372	17232.5996	31015.7383
71_5_FITC.tif	51293c6c-8051-4165-bbf3-2b1e93a1f857	Cell		Positive	Annotation	Polygon	442.1	706.19	7.4551	14.7227	0.4322	6.856	1.4485	NaN	7.5385	294	8.867	29	0	29	118.5897	4625	14.5958	149	91	58	6.8974	269	8.7743	29	0	29	80.557	50.4887	0.3971	24.0073	4.0516	NaN	6.6487	5.7798	29	0	65.3359	26.8357	149	28	1.3385	3.9545	29	0	6.5499	5.338	23	0	59.4188	20.6435	123	28	0.7208	2.2795	18	0	0.0921	6	102.4465	60.2788	302.0675	3.8728	2453.9875	7500.9326
71_5_FITC.tif	b8dfaad6-b6ae-44d3-9475-fcaec3dd4187	Cell		Positive	Annotation	Polygon	438.51	705.73	11.5969	17.4667	0.4777	7.7303	1.9624	NaN	8.9667	538	8.1656	32	0	32	145.6167	8737	29.4256	192	88	104	7.5667	454	8.5952	32	0	32	65.4396	50.6466	0.3206	24.0044	3.6232	NaN	5.9589	5.7455	32	0	76.5981	40.9794	192	27	1.7468	4.8185	32	0	5.2539	4.7669	24	0	60.4219	22.1489	133	27	0.3828	1.3232	12	0	0.1797	5	46.4081	27.5245	135.5871	2.5789	270.4802	987.5645
71_5_FITC.tif	e0359907-f72e-4a76-be28-4635998d90b0	Cell		Positive	Annotation	Polygon	435.33	709.19	13.2536	18.8409	0.4692	8.3741	2.0885	NaN	5.1449	355	4.6472	17	0	17	135.4203	9344	16.2303	165	96	69	3.9565	273	4.2992	16	0	16	84.2846	53.1385	0.3751	25.107	4.2099	NaN	5.1883	4.8483	22	0	79.7824	34.9516	165	23	1.3545	3.476	26	0	5.1971	4.8947	22	0	68.4912	25.6803	145	23	0.8265	3.0292	26	0	0.1528	6	33.8448	30.8498	60.8091	2.5789	135.9136	366.8596
71_5_FITC.tif	806b10ca-f909-401b-baab-0f33b791b080	Cell		Positive	Annotation	Polygon	466.41	745.44	8.9048	18.5027	0.3269	8.9226	1.618	NaN	3.0192	157	4.1468	15	0	15	144.6731	7523	14.6645	168	116	52	3.8269	199	4.1289	15	0	15	61.505	38.9214	0.5102	18.0207	4.9298	NaN	1	2.3161	15	0	85.4767	40.2327	168	24	1.0433	2.3777	15	0	0.5766	1.3802	8	0	73.0645	31.9785	156	24	0.4597	1.1622	7	0	0.1556	6	85.9829	67.7885	272.6741	8.8658	2440.6797	9915.8965
71_5_FITC.tif	f1113582-0205-4890-ac57-421c75a5709c	Cell		Positive	Annotation	Polygon	466.83	763.36	22.1583	39.0063	0.183	18.467	2.0958	NaN	0.479	57	1.1035	6	0	6	152.5882	18158	8.901	170	132	38	1.2353	147	2.2083	11	0	11	105.4075	64.0328	0.3231	31.0108	5.4416	NaN	0.8196	1.9236	14	0	124.8294	21.577	170	68	1.1255	2.475	14	0	0.9233	2.1011	14	0	116.3811	16.6427	154	68	1.0921	2.5524	14	0	0.2314	3	30.2776	10.2506	78.5863	1.9958	48.7434	103.8481
71_5_FITC.tif	bf9c20e7-4862-44c1-ab8d-ab372b22797d	Cell		Positive	Annotation	Polygon	464.23	758.08	0.8283	4.6312	0.4853	2.17	0.4383	NaN	0.4	2	0.5477	1	0	1	140.8	704	3.8987	145	135	10	0.6	3	0.8944	2	0	2	15.9457	21.9699	0.4151	10.4658	2.2144	NaN	0.2564	0.5683	3	0	106.4615	22.1791	148	67	0.3205	0.7812	5	0	0.2466	0.5721	3	0	104.1096	20.9222	148	67	0.3014	0.7761	5	0	0.0326	6	38.0102	39.9851	80.3704	1.9958	453.314	1650.8977
71_5_FITC.tif	7aeffafb-c09a-4116-b2c5-8957716e30ce	Cell		Positive	Annotation	Polygon	738.86	761.42	4.5559	11.116	0.4633	5.2216	1.1085	NaN	15.125	363	14.8509	44	0	44	73.4583	1763	21.2132	109	38	71	15.5	372	14.6881	44	0	44	76.0011	46.4331	0.443	22.0252	4.5559	NaN	1.6721	5.3246	44	0	24.4499	15.35	109	8	1.2954	5.3137	44	0	0.7362	1.4417	7	0	21.0406	6.5382	49	8	0.3072	0.8515	6	0	0.0561	7	408.3163	291.5564	1135.7433	183.6745	9866.8818	17037.3223
71_5_FITC.tif	9d942de4-9a90-4a02-9fac-a7fc7ebfa90f	Cell		Positive	Annotation	Polygon	508.94	824.33	23.1938	26.3254	0.4206	11.7261	2.8644	NaN	1.521	181	2.1347	11	0	11	172.8908	20574	13.136	193	139	54	3.3866	403	3.7419	16	0	16	142.4761	61.6572	0.471	29.0083	6.405	NaN	0.9956	2.0213	15	0	118.9361	50.662	193	12	1.2017	2.3616	16	0	0.886	1.9813	15	0	107.6719	48.2878	178	12	0.7456	1.6226	13	0	0.1723	11	79.1533	51.3658	238.2167	24.5755	3016.7031	17037.3223
71_5_FITC.tif	893e6e1f-5873-40fa-936f-ef4adb2b8199	Cell		Positive	Annotation	Polygon	487.26	835.29	22.5725	39.3175	0.1835	13.5997	2.7773	NaN	3.9646	448	7.4137	43	0	43	182.5841	20632	16.9457	217	147	70	5.9558	673	8.7141	44	0	44	147.2391	65.0699	0.437	31.0045	6.2126	NaN	1.0702	3.441	43	0	137.5618	29.7246	217	66	1.5365	4.2032	44	0	0.5242	1.3791	12	0	129.0685	23.2689	195	66	0.7028	1.5481	12	0	0.1598	9	82.0274	80.3704	177.207	17.9256	863.0201	4762.9355
71_5_FITC.tif	90591556-ac27-40ba-aaf1-cd238759afbb	Cell		Positive	Annotation	Polygon	497.79	848.96	38.5183	37.9018	0.3369	17.2506	3.4297	NaN	1.3298	254	2.0445	12	0	12	182.7068	34897	11.4229	205	152	53	1.8586	355	2.702	12	0	12	153.2447	71.9694	0.3718	34.0091	6.8327	NaN	0.8866	1.9068	14	0	137.085	39.1191	205	51	1.1727	2.2945	13	0	0.7327	1.8336	14	0	121.2418	32.2795	195	51	0.9345	2.0854	13	0	0.2539	4	16.7296	16.1359	28.4971	6.1496	106.0681	218.4401
71_5_FITC.tif	9cdb254e-b432-46ea-b5b4-fd3c3a0708b3	Cell		Positive	Annotation	Polygon	494.92	858	4.763	9.322	0.6888	4.0388	1.6438	NaN	2.56	64	3.015	10	0	10	174.52	4363	9.553	187	156	31	2.64	66	2.928	9	0	9	41.6246	36.0349	0.4028	17.089	3.4739	NaN	0.8235	1.7556	10	0	135.8775	28.637	187	79	0.9657	1.8096	9	0	0.581	1.3441	9	0	130.4805	26.1522	184	79	0.7318	1.4594	9	0	0.0997	4	45.2144	16.1108	142.4865	6.1496	248.0016	509.6609
71_5_FITC.tif	3613ccc9-bc3c-42ff-ad83-022e1c3e295d	Cell		Positive	Annotation	Polygon	507.13	857.87	9.1118	14.2103	0.567	6.6192	1.821	NaN	20.6444	929	12.6799	42	0	42	213.9778	9629	14.8668	236	180	56	21.6444	974	13.8599	44	0	44	39.9679	32.2119	0.484	15.0225	3.4663	NaN	6.3402	10.7548	42	0	126.2371	60.9624	236	47	5.8402	11.5915	44	0	2.0201	4.694	25	0	99.7383	41.6295	219	47	1.0671	4.3847	24	0	0.2122	4	14.3317	6.9343	37.2417	6.2165	46.7705	104.3729
71_5_FITC.tif	16753cf2-ec62-4733-824d-6e5196342fe1	Cell		Positive	Annotation	Polygon	510.55	867.98	51.1506	44.3973	0.3261	20.6155	3.7359	NaN	21.5564	5540	13.6793	50	0	50	213.7977	54946	16.4499	242	165	77	23.4319	6022	15.2535	58	0	58	138.7486	76.863	0.2951	37.0486	5.605	NaN	8.7791	13.3154	50	0	165.5672	45.8908	242	75	9.5224	14.6215	58	0	0.8281	2.5327	21	0	135.5545	29.9585	216	75	0.8668	2.6059	23	0	0.3756	4	15.5244	7.4497	44.0424	3.1559	30.7359	54.3129
71_5_FITC.tif	18e93ecd-453f-407b-8e74-5883dfcca577	Cell		Positive	Annotation	Polygon	502.11	864.12	6.6268	12.8282	0.506	5.9015	1.4181	NaN	2.8235	96	2.6796	11	0	11	174.5	5933	9.1163	190	157	33	3.2059	109	2.8261	11	0	11	80.3499	47.0393	0.4563	22.0131	4.6588	NaN	1.201	2.3649	15	0	119.1727	40.5687	190	48	1.3505	2.5991	15	0	1.0452	2.2764	15	0	113.8588	38.3851	182	48	1.1723	2.5092	15	0	0.0734	6	35.3279	12.169	134.4755	6.2165	174.0146	413.2091
71_5_FITC.tif	fb19fc33-550f-4a75-ae78-b42edea9b0a6	Cell		Positive	Annotation	Polygon	506.4	870.46	5.7984	11.5095	0.5501	4.4663	1.8175	NaN	4.5	153	4.9497	13	0	13	191.8529	6523	13.1175	208	164	44	5	170	5.003	13	0	13	42.4529	35.9908	0.4118	17.1765	3.9643	NaN	1.0531	2.7925	13	0	138.4444	34.1862	208	87	1.3285	3.0078	13	0	0.3757	1.3524	11	0	127.948	26.3064	204	87	0.6069	1.6866	13	0	0.1389	5	31.2076	6.616	130.4226	3.1559	150.9654	369.2099
71_5_FITC.tif	9bba462c-6223-43d4-a4ba-5b991f9bb5a3	Cell		Positive	Annotation	Polygon	513.48	876.8	5.7984	12.6926	0.4523	5.9198	1.2961	NaN	6.6	198	7.614	28	0	28	190	5700	13.0833	210	162	48	6.5333	196	7.5783	28	0	28	46.5947	41.4725	0.3404	20.0146	3.0587	NaN	2.0529	5.0753	29	0	113.141	46.9827	210	49	2.0529	5.035	28	0	1.3604	4.1805	29	0	101.4365	38.4452	201	49	1.3706	4.1465	28	0	0.1156	6	38.3859	19.4414	123.1925	7.5883	207.6358	586.6591
71_5_FITC.tif	d3fa76e7-d726-4912-b706-c331a2d451ef	Cell		Positive	Annotation	Polygon	524.19	887.7	15.7386	25.3482	0.3078	12.1357	1.9286	NaN	19.3976	1610	13.6059	42	0	42	212.0843	17603	15.0618	235	180	55	21.7108	1802	16.0825	50	0	50	76.8294	55.1857	0.317	26.7381	4.0545	NaN	6.4786	10.6395	42	0	151.7032	44.329	235	67	5.9439	12.7024	50	0	2.7938	5.6445	42	0	134.4811	33.4997	235	67	1.4467	6.5537	49	0	0.2075	7	74.9355	67.154	152.504	3.1135	1915.1989	8004.7397
71_5_FITC.tif	cf73af6d-948a-4981-b56d-7bc6f8359297	Cell		Positive	Annotation	Polygon	520.31	884.74	4.3488	11.0163	0.4503	5.2781	1.0844	NaN	15.5652	358	6.6183	24	4	20	209.7826	4825	7.1919	219	197	22	17.1304	394	8.1926	32	4	28	34.5836	31.6505	0.4338	14.5976	3.0035	NaN	5.2749	7.9469	29	0	164.0819	36.4962	224	86	5.7251	9.1272	32	0	3.6757	6.8801	29	0	156.9797	33.9863	224	86	3.9527	7.9234	32	0	0.1149	5	19.5859	10.382	64.6554	3.3435	63.1457	187.8434
71_5_FITC.tif	7509e536-467f-451a-b055-370137e0a04f	Cell		Positive	Annotation	Polygon	521.99	892.68	6.8339	14.489	0.4091	6.9624	1.4077	NaN	29.4444	1060	3.8578	38	20	18	222.7778	8020	3.2873	230	214	16	36.6667	1320	5.472	46	28	18	8.2835	18.646	0.2994	9.084	1.5363	NaN	28.9556	4.5425	38	14	222.3111	4.1221	230	206	36.0667	6.538	47	19	27	6.5574	35	14	220.4444	6.4248	227	206	33.6667	9.798	47	19	0.8152	4	5.463	5.307	8.1248	3.1135	6.2358	7.5154
71_5_FITC.tif	5e53cf06-e1fe-4588-8449-260774c31d74	Cell		Positive	Annotation	Polygon	520	899.72	6.4197	19.9309	0.2031	9.7895	1.0598	NaN	15.2	608	7.8942	27	0	27	208.925	8357	9.3627	221	186	35	18.2	728	10.1254	34	0	34	42.2458	37.921	0.3692	17.5419	3.2031	NaN	5.5529	8.1713	27	0	161.4904	40.5274	221	91	6.4904	10.4266	35	0	3.256	6.3727	26	0	150.1964	36.7173	219	91	3.7024	8.3756	35	0	0.1685	7	53.1654	24.0756	120.0355	2.9556	172.4849	586.6591
71_5_FITC.tif	ed917d30-dcfa-4578-87b2-13701cfa2dc4	Cell		Positive	Annotation	Polygon	522.64	905.58	10.7685	25.0103	0.2163	12.0763	1.3408	NaN	26.0702	1486	7.1261	38	11	27	220.1228	12547	6.305	230	205	25	30.6491	1747	10.7546	57	11	46	53.6356	43.165	0.3617	20.7015	3.7173	NaN	10.7203	11.2453	38	0	187.8238	32.4915	230	95	12.433	13.5505	57	0	6.4314	7.9568	36	0	178.799	31.0868	226	95	7.3431	9.1684	39	0	0.2068	5	56.5227	10.7888	142.8839	2.9556	891.3117	3963.0554
71_5_FITC.tif	bebd3249-8473-46dc-9e38-3d5301f981a1	Cell		Positive	Annotation	Polygon	665.28	929.77	9.9402	15.8592	0.4966	7.5216	1.8714	NaN	6.8431	349	6.7331	21	0	21	98.9412	5046	17.8543	131	64	67	7.1569	365	7.2288	23	0	23	98.1594	50.8847	0.4764	24.0105	5.3843	NaN	2.12	3.6515	21	0	42.9284	26.9157	131	3	1.2084	3.3866	23	0	1.5519	2.5631	13	0	36.191	18.7176	90	3	0.4929	1.3769	11	0	0.0971	7	192.1578	147.2794	449.6685	123.4311	9066.4199	17037.3223
71_5_FITC.tif	10a15c11-8f18-4d14-b568-9d41986a17fc	Cell		Positive	Annotation	Polygon	503.85	995.2	36.8616	50.9146	0.1787	22.5875	2.248	NaN	4.1326	748	5.604	25	0	25	126.895	22968	22.1832	169	64	105	4.1657	754	5.8495	25	0	25	137.9202	79.1172	0.2769	35.298	5.701	NaN	1.7111	3.8326	25	0	69.9281	41.5315	169	12	1.4117	3.7276	25	0	0.8111	2.3521	25	0	48.7556	22.9605	130	12	0.3881	1.5881	21	0	0.2663	8	101.9809	126.8076	163.6902	6.4801	311.8448	586.6591
71_5_FITC.tif	ff43c48f-1371-491c-8724-828dda30956c	Cell		Positive	Annotation	Polygon	507.1	1000.8	6.2126	17.4087	0.2576	8.4934	1.0415	NaN	7.2647	247	8.4039	28	0	28	110.6176	3761	20.6765	142	72	70	7.8235	266	8.9662	30	0	30	27.7497	32.0956	0.3385	15.543	2.5746	NaN	2.1971	5.1888	28	0	55.4818	36.0898	142	18	1.9927	5.5592	30	0	0.5243	1.2898	6	0	37.2816	15.8271	117	18	0.068	0.3504	3	0	0.1977	5	28.5097	7.6615	107.3081	6.4801	95.593	292.7246
71_5_FITC.tif	398db4f2-908e-46e1-9ef8-097a8368bd53	Cell		Positive	Annotation	Polygon	507.47	1012.2	6.0055	13.3543	0.4232	5.2242	2.0983	NaN	2.5294	86	4.8818	19	0	19	95.6176	3251	8.62	115	82	33	2.7647	94	5.0094	19	0	19	34.5836	40.2391	0.2684	19.4487	3.3193	NaN	1.7262	3.7857	19	0	71.2202	23.2861	115	26	1.7917	3.8347	19	0	1.5224	3.4461	19	0	65.0299	21.7176	106	26	1.5448	3.4546	19	0	0.1796	4	5.878	6.8182	7.3655	2.5102	8.4233	9.6344
71_5_FITC.tif	3c6f064e-5e8c-40ae-bc3c-a45d2eaccfce	Cell		Positive	Annotation	Polygon	504.31	1016.3	2.6921	7.7305	0.5661	3.5581	1.0054	NaN	3.4375	55	3.966	14	0	14	86.0625	1377	13.7087	108	63	45	5.125	82	5.7721	19	0	19	25.2647	26.4317	0.4544	12.4854	2.7627	NaN	0.984	2.0751	14	0	50.24	18.0976	108	28	1.688	3.057	19	0	0.6239	1.3179	7	0	44.9817	11.4859	90	28	1.1835	2.0238	10	0	0.1028	8	144.4926	95.3892	356.0938	2.5102	2517.1089	14126.793
71_5_FITC.tif	58e20a4e-c07e-4db9-b5d5-3a9de8ad816f	Cell		Positive	Annotation	Polygon	510.84	1017.6	7.6622	18.9261	0.2688	9.3167	1.1528	NaN	6.2632	238	6.5705	24	0	24	92.6053	3519	17.326	115	53	62	6.5	247	6.4672	23	0	23	65.8538	53.8155	0.2857	26.0188	3.239	NaN	1.2399	3.1596	24	0	43.9439	22.9267	115	13	1.109	3.1331	23	0	0.5654	1.3442	8	0	37.4099	13.9696	87	13	0.3852	1.0997	6	0	0.1081	8	118.8694	92.8047	336.2276	1.8679	2975.7126	10315.5059
71_5_FITC.tif	b811f44c-fe40-47e1-a7cc-fc89ac111551	Cell		Positive	Annotation	Polygon	579.8	1016.6	12.8394	20.4646	0.3853	8.7846	2.1051	NaN	3.1493	211	3.4827	14	0	14	90.7015	6077	11.9937	121	62	59	1.9403	130	2.8861	14	0	14	85.1129	51.6479	0.401	24.5494	5.2125	NaN	1.6169	3.044	23	0	63.5349	19.6801	128	27	0.8651	2.3325	24	0	1.3218	2.8648	23	0	58.3046	16.2725	128	27	0.658	2.1542	24	0	0.1574	5	60.0388	14.6713	140.3651	9.1702	1577.863	8004.7397
71_5_FITC.tif	00fd6a1c-4f2a-488c-93f9-8964fb214493	Cell		Positive	Annotation	Polygon	508.25	1022	6.2126	14.6594	0.3633	7.0277	1.1645	NaN	4.1562	133	4.6358	13	0	13	99.2188	3175	10.64	112	71	41	4.3125	138	4.7617	14	0	14	31.2702	33.9233	0.3415	16.3301	2.714	NaN	1.2581	2.7771	13	0	64.3226	23.9089	112	26	1.2516	2.8821	14	0	0.5041	1.2239	6	0	55.2439	17.0382	95	26	0.4553	1.2756	7	0	0.1925	5	137.445	7.8412	335.2702	1.8679	277.3074	688.5358
71_5_FITC.tif	f931d239-8faf-4129-a50b-cc2e1f8ab88e	Cell		Positive	Annotation	Polygon	578.08	1027.8	14.4961	23.5746	0.3278	11.4952	2.0174	NaN	1.6575	121	2.9638	13	0	13	118.3288	8638	13.5391	146	83	63	2.1507	157	3.2858	13	0	13	51.1506	48.8165	0.2697	23.9424	3.1878	NaN	1.404	2.5712	13	0	74.256	34.3527	146	10	0.824	2.1021	13	0	1.2994	2.3921	12	0	56.0791	21.3697	104	10	0.2768	0.8964	5	0	0.2806	3	7.7002	8.4014	9.1702	5.5291	21.6094	38.5142
71_5_FITC.tif	68be9a7b-0f11-4141-8fd1-05a06ea23f82	Cell		Positive	Annotation	Polygon	575.68	1034.8	12.6323	21.1499	0.3549	9.7467	2.1908	NaN	1.7727	117	2.3125	10	0	10	103.2727	6816	15.6476	134	67	67	1.4394	95	2.1564	10	0	10	83.042	52.0084	0.3858	24.8542	4.5824	NaN	1.9876	2.7311	18	0	66.7338	25.6996	134	14	0.9005	1.8497	10	0	2.0298	2.8071	18	0	59.5565	20.6975	133	14	0.7946	1.7677	10	0	0.1578	7	94.2396	67.7489	265.7954	5.5291	1892.9418	8830.3008
71_5_FITC.tif	ef8c5c8c-8617-4ef8-9603-ec321d1af2fa	Cell		Positive	Annotation	Polygon	586.15	1029.3	4.1417	9.9847	0.5221	4.6713	1.2784	NaN	6.6957	154	5.8109	19	0	19	89.3913	2056	10.97	108	72	36	7.087	163	5.7833	19	0	19	75.5869	44.633	0.4768	21.0054	4.763	NaN	1.0354	2.5949	19	0	51.1362	14.8028	108	29	0.9428	2.6343	19	0	0.657	1.6515	13	0	48.5785	11.0184	98	29	0.532	1.5996	13	0	0.0488	6	128.3116	69.7594	341.4245	8.4014	2375.6675	12952.7002
71_5_FITC.tif	29570136-2366-400f-a17a-cc1bbc794844	Cell		Positive	Annotation	Polygon	699.7	1050.5	9.7331	20.3322	0.2959	9.6965	1.7145	NaN	8.5192	443	9.7044	33	0	33	82.4615	4288	22.6616	124	45	79	8.2308	428	9.652	32	0	32	104.165	54.8167	0.4356	26.0351	5.3799	NaN	2.5774	4.6711	33	0	37.5496	19.5292	124	5	1.1448	4.0209	32	0	1.8938	3.0243	17	0	32.3827	10.3907	68	5	0.3296	1.0207	10	0	0.0952	7	454.3619	410.6058	845.1655	125.4388	12763.9717	28120.1191
71_5_FITC.tif	c1fe2bb6-669f-41ce-afd2-dfe68f55d1df	Cell		Positive	Annotation	Polygon	568.73	1296.6	12.6323	19.3672	0.4232	9.1195	1.7322	NaN	7.6613	475	5.9311	21	0	21	110.8064	6870	20.5967	141	66	75	6.8548	425	5.9419	21	0	21	83.4562	51.2454	0.3994	24.1469	5.6491	NaN	2.3292	3.7507	21	0	40.7624	39.6352	141	1	1.4876	3.4486	21	0	1.3626	2.0557	9	0	28.0643	26.9618	114	1	0.5146	1.246	8	0	0.1439	7	149.5522	83.0989	286.8289	7.5829	3174.9485	10315.5059
71_5_FITC.tif	da95c8ee-784d-461d-9574-22d8607d320e	Cell		Positive	Annotation	Polygon	567.57	1309.3	6.0055	14.9438	0.3379	7.2712	1.3519	NaN	2.0303	67	2.5919	11	0	11	95.7576	3160	14.0735	116	58	58	2.0303	67	2.6515	11	0	11	57.7774	40.4704	0.4433	19.0906	4.0557	NaN	1.3071	2.1449	11	0	56.6714	22.4308	116	21	0.7464	1.7196	11	0	1.2105	2.0651	9	0	51.4494	17.6791	109	21	0.5749	1.4793	8	0	0.1017	4	60.291	65.8592	101.8627	7.5829	914.734	2739.542
71_5_FITC.tif	5308a978-7ba7-4013-831a-4daea82c43d6	Cell		Positive	Annotation	Polygon	503.88	1349.9	22.3654	23.048	0.5291	9.7994	3.1395	NaN	3.6991	418	4.0198	16	0	16	148.1681	16743	24.1853	184	96	88	5.115	578	5.0334	21	0	21	78.4861	44.324	0.502	19.7559	5.2318	NaN	2.0104	3.2057	16	0	66.6016	62.2542	184	0	1.6979	3.6164	21	0	1.3063	2.4867	16	0	32.5904	36.1865	170	0	0.2731	1.0572	10	0	0.2839	6	118.3568	13.2128	341.9659	2.4692	224.5653	688.5358
71_5_FITC.tif	92b572cf-fc75-4490-a57e-1e925ef43ce0	Cell		Positive	Annotation	Polygon	507.56	1353.1	3.5205	11.2392	0.3502	4.656	0.9932	NaN	0.8	16	1.1517	3	0	3	115.85	2317	6.8077	125	104	21	0.75	15	1.0699	3	0	3	32.5127	33.9197	0.3551	16.5181	2.7404	NaN	1.2469	3.1149	21	0	67.1852	35.3738	125	12	1.1358	3.0391	20	0	1.3099	3.2966	21	0	60.331	32.2384	125	12	1.1901	3.2199	20	0	0.0949	9	105.2864	70.6167	336.2276	2.4692	1469.0938	10315.5059
71_5_FITC.tif	5433447c-e20a-4792-a3aa-627e9fd05919	Cell		Positive	Annotation	Polygon	505.86	1357.6	1.8638	6.3421	0.5823	2.9059	0.5991	NaN	0.4444	4	1.0138	3	0	3	140.1111	1261	6.8638	149	130	19	0.6667	6	1	3	0	3	2.278	8.1685	0.429	3.8375	0.8492	NaN	0.2857	0.8254	3	0	137.0714	9.5713	151	121	0.4286	0.8516	3	0	0	0	0	0	131.6	12.054	151	121	0	0	0	0	0.52	3	5.4308	4.0183	8.5756	3.6984	4.9737	9.8714
71_5_FITC.tif	d234e880-e483-4517-bf02-1202a21f3690	Cell		Positive	Annotation	Polygon	573.2	1355.4	9.526	15.7527	0.4824	7.0659	1.5589	NaN	10.3673	508	8.8992	32	0	32	162.9796	7986	28.0843	209	108	101	11.551	566	8.3218	32	0	32	46.8017	33.4294	0.5263	15.0945	4.0202	NaN	2.8225	5.8182	32	0	63.4069	59.7648	209	5	2.6061	6.0394	32	0	0.7912	1.5663	8	0	36.5989	30.3792	163	5	0.1978	0.7007	3	0	0.1963	4	44.3305	52.5821	61.4534	10.7043	219.6391	665.5208
71_5_FITC.tif	3e3cf97b-321e-4a35-9258-3665b13e67a6	Cell		Positive	Annotation	Polygon	505.23	1367.8	37.4828	37.3069	0.3384	15.8557	3.6428	NaN	0.9301	173	1.4558	7	0	7	154.0753	28658	15.2147	179	99	80	1.5108	281	1.7652	7	0	7	78.4861	48.7935	0.4143	20.7952	5.4105	NaN	0.5953	1.2784	8	0	111.8721	47.1286	179	37	0.8956	1.5501	8	0	0.2792	0.9888	8	0	72.0254	28.7106	167	37	0.3147	1.0214	8	0	0.4771	5	10.0464	12.0903	13.9359	3.358	10.522	16.6352
71_5_FITC.tif	70b75f0b-8954-408c-9ffc-d008adc61271	Cell		Positive	Annotation	Polygon	500.75	1368	19.2591	30.8612	0.2541	14.764	2.0641	NaN	2	194	3.3292	16	0	16	140.8454	13662	17.8951	167	99	68	2.1134	205	3.3194	16	0	16	69.5814	52.065	0.3226	25.4033	3.8643	NaN	1.089	2.5409	16	0	77.9496	53.0968	167	7	1.0148	2.5547	16	0	0.7208	2.0376	14	0	52.5292	39.7547	159	7	0.5708	2.0154	14	0	0.2682	7	268.3718	296.3695	599.1268	3.358	6171.8018	27598.4473
71_5_FITC.tif	ea3b8bb3-3eff-48e5-914a-40a6d184b57e	Cell		Positive	Annotation	Polygon	575.17	1372.1	65.2325	46.4438	0.38	20.2375	4.9353	NaN	3.1987	1014	5.3328	26	0	26	166.1388	52666	22.9265	215	107	108	3.9905	1265	5.543	27	0	27	199.6322	86.6945	0.3338	35.4747	8.4898	NaN	1.4938	3.5045	26	0	91.6601	60.8269	215	1	1.6849	3.7393	27	0	0.6636	1.5289	14	0	55.3932	35.0174	152	1	0.5622	1.4176	14	0	0.3264	8	176.4225	75.8957	449.6685	10.7043	4172.7012	13029.6836
71_5_FITC.tif	cce092cc-8c84-4c37-a611-ad618a792a63	Cell		Positive	Annotation	Polygon	502.38	1384.1	13.8749	21.4384	0.3794	10.0283	1.724	NaN	1.4789	105	2.3229	12	0	12	128.1408	9098	13.4093	150	95	55	1.6197	115	2.3137	12	0	12	68.9601	40.752	0.5218	18.7306	5.1858	NaN	1.2776	3.0096	20	0	78.8776	35.436	150	21	1.2179	3.0284	20	0	1.2235	3.1706	20	0	65.6288	26.7485	146	21	1.1098	3.1885	20	0	0.204	7	108.6345	57.5861	284.9633	11.8181	2689.7441	11414.6934
71_5_FITC.tif	ca153e80-8b7a-47ff-b87e-947841ac4f40	Cell		Positive	Annotation	Polygon	553.33	1406.9	16.1528	22.141	0.4141	10.4581	2.3111	NaN	3.122	256	3.0888	13	0	13	130.4512	10697	19.1989	161	85	76	3.0976	254	3.1175	13	0	13	121.5603	57.1594	0.4675	27.059	5.7924	NaN	1.4201	3.1787	23	0	74.1684	34.4707	161	16	1.1122	2.9759	23	0	1.1443	3.1094	23	0	65.0474	26.9133	128	16	0.7905	2.827	23	0	0.1343	7	67.2459	57.5861	101.8627	42.5101	1233.7402	2739.542
71_5_FITC.tif	d7f9674d-08b6-41ce-b821-3c5e18dfccb4	Cell		Positive	Annotation	Polygon	577.17	1438.7	3.7276	9.9067	0.4773	4.672	1.0299	NaN	2.2857	48	2.1712	5	0	5	111.9048	2350	8.1603	124	96	28	1.8095	38	1.8873	6	0	6	39.5537	29.7578	0.5613	13.6154	3.6501	NaN	2.4715	3.6143	17	0	64.0829	27.7386	124	28	1.057	2.9176	17	0	2.4942	3.7565	17	0	58.2442	23.2592	122	28	0.9651	3.0105	17	0	0.0943	4	125.3008	41.3319	410.6058	7.9336	1389.9504	4786.3442
71_5_FITC.tif	04605ef2-a275-4663-ac53-30c2fb3747f3	Cell		Positive	Annotation	Polygon	574.45	1450.9	19.2591	27.4299	0.3217	12.7961	2.3193	NaN	1.23	123	1.9429	9	0	9	126.12	12612	18.4392	162	83	79	1.38	138	1.9529	9	0	9	85.7342	57.1071	0.3304	27.4454	4.838	NaN	1.8321	2.7571	15	0	84.1583	31.1202	162	33	0.7434	1.5974	10	0	2.0221	2.9451	15	0	70.9211	20.867	136	33	0.5426	1.4127	10	0	0.231	7	48.9171	58.7594	79.6663	3.5078	417.8518	1030.9066
71_5_FITC.tif	a1ee58cb-e982-402d-b840-7cac9a23101b	Cell		Positive	Annotation	Polygon	577.81	1455.5	10.1473	21.5772	0.2739	10.0752	1.7303	NaN	3.8	209	4.5599	21	0	21	118.8909	6539	15.73	140	80	60	3.8545	212	4.5314	20	0	20	55.4994	43.616	0.3666	21.085	3.5887	NaN	1.6531	2.8528	21	0	65.3284	32.2298	140	28	0.9557	2.5931	20	0	1.1065	1.8759	10	0	51.6898	17.9319	126	28	0.2176	0.7679	5	0	0.1941	5	169.3028	73.2383	420.7975	3.5078	6069.8877	28120.1191
71_5_FITC.tif	e7647729-97c1-4259-b3fd-6e63cadc1848	Cell		Positive	Annotation	Polygon	555.63	1503.8	45.5592	45.6134	0.2752	16.9906	4.4168	NaN	2.2825	509	3.2336	17	0	17	125.8744	28070	23.7957	169	64	105	2.2556	503	3.3961	17	0	17	184.7219	78.9971	0.372	31.2327	8.2394	NaN	1.5348	2.6889	17	0	72.2197	37.5325	169	17	0.9148	2.1487	17	0	1.2855	2.4331	13	0	54.3348	20.2331	134	17	0.4679	1.2348	10	0	0.2437	6	84.7613	100.4931	136.4451	9.9561	1272.6355	3759.0273
71_5_FITC.tif	231a8d0c-b6b8-48a7-a368-55bb3f2e4c9f	Cell		Positive	Annotation	Polygon	556.5	1519.8	1.4496	5.8477	0.5327	2.6799	0.7285	NaN	3.8889	35	3.8224	11	0	11	97.3333	876	9.1378	109	82	27	3	27	3.3166	10	0	10	24.2292	23.7319	0.5406	11.0001	3.0901	NaN	1.8151	2.7891	12	0	56.7815	17.5413	109	26	0.6723	1.7569	10	0	1.6455	2.6391	12	0	53.4636	13.4196	103	26	0.4818	1.4318	9	0	0.0498	5	58.5167	67.9247	99.1565	9.9561	447.7942	1051.5999
71_5_FITC.tif	2aba2aef-2494-48d1-9c92-b3199d8a0946	Cell		Positive	Annotation	Polygon	184.23	1742.5	15.9457	25.0391	0.3196	11.9952	2.0399	NaN	14.2346	1153	11.0739	35	0	35	121.8519	9870	34.6526	179	53	126	14.0741	1140	11.019	35	0	35	117.0044	60.5921	0.4005	29.0106	5.3843	NaN	2.5954	6.4652	35	0	31.2792	41.6705	179	2	2.2456	6.4453	35	0	0.6515	1.4375	13	0	16.1526	15.046	96	2	0.2701	1.048	8	0	0.1386	7	360.013	317.9519	787.6348	51.5636	14679.4434	36547.5625
71_5_FITC.tif	58b3d7f5-2f3d-47a1-b836-b91404d9ffee	Cell		Positive	Annotation	Polygon	132.69	1743.6	8.2835	16.0696	0.4031	7.4661	1.3676	NaN	15.5116	667	14.1428	44	0	44	109.186	4695	26.8215	157	61	96	15.2326	655	14.0354	44	0	44	93.3964	51.3047	0.4459	24.034	4.8792	NaN	2.0907	6.2875	44	0	44.1726	25.0822	157	18	1.781	6.2044	44	0	0.6797	1.4595	7	0	37.3374	11.3608	78	18	0.3667	1.0948	7	0	0.0856	4	249.799	311.0309	325.5705	51.5636	9912.5322	12720.9316
71_5_FITC.tif	4369ced7-91c5-4279-a173-e900a25cb319	Cell		Positive	Annotation	Polygon	277.65	1817.5	5.7984	17.8694	0.2282	8.6918	0.8417	NaN	1.6071	45	2.3623	9	0	9	107.3571	3006	5.2579	116	92	24	1.6071	45	2.2334	8	0	8	51.3577	38.3011	0.4399	17.7813	3.8673	NaN	1.2302	2.4057	13	0	75.7817	22.9504	116	33	0.9563	2.126	11	0	1.183	2.4121	13	0	71.8348	21.182	115	33	0.875	2.1033	11	0	0.1039	5	460.6138	233.8425	1061.6932	12.4006	41431.5312	85706.0312
71_5_FITC.tif	8276dd35-596c-49b3-8442-e6170926a40e	Cell		Positive	Annotation	Polygon	279.5	1835.4	48.2514	46.8804	0.2759	20.4868	3.8348	NaN	1.6525	390	2.9126	14	0	14	125.0636	29515	15.5139	159	72	87	1.7966	424	2.7477	13	0	13	175.6101	79.4696	0.3494	35.8379	7.4062	NaN	0.9918	2.1303	14	0	77.5	36.0521	159	16	0.7882	1.9213	14	0	0.7378	1.6735	10	0	59.2182	22.4086	121	16	0.4007	1.2946	14	0	0.2761	6	191.3983	236.3586	269.1795	12.4006	13706.2705	27529.8809
71_5_FITC.tif	3da40788-1ae5-4767-b418-a2a53c39fc11	Cell		Positive	Annotation	Polygon	417.4	2018.9	4.5559	11.9875	0.3984	5.7981	1.0156	NaN	18.6667	448	19.7631	66	0	66	81.5	1956	25.8507	131	47	84	19.125	459	19.8107	67	0	67	75.5869	46.4418	0.4404	22.0056	4.3488	NaN	2.0109	6.8282	66	0	19.8197	19.6128	131	2	1.459	6.8788	67	0	0.8421	1.6331	10	0	15.4912	8.9504	52	2	0.2193	0.8187	6	0	0.0559	5	220.91	231.1254	361.0622	114.6016	17642.8047	27529.8809
71_5_FITC.tif	485fc23f-cdfd-44a7-b922-76f8cfa8678c	Cell		Positive	Annotation	Polygon	82.51	2052.3	38.1041	61.4285	0.1269	21.9058	3.5271	NaN	1.0515	204	1.675	7	0	7	110.3351	21405	20.7858	151	64	87	1.1856	230	1.8483	7	0	7	201.9102	80.2922	0.3936	38.0314	7.04	NaN	1.1078	2.0686	13	0	61.1027	33.0911	151	5	0.5749	1.3729	8	0	1.1218	2.1561	13	0	48.8577	22.515	117	5	0.4231	1.1798	8	0	0.1934	4	293.7146	245.1465	616.563	68.0023	9628.9473	12720.9316
71_5_FITC.tif	ac866603-1d5e-4aa4-bc00-541cec486839	Cell		Positive	Annotation	Polygon	148.35	2069.6	11.3898	18.83	0.4037	8.1167	2.2082	NaN	11.8983	702	13.4801	47	0	47	120.4407	7106	35.4845	182	50	132	12.2712	724	13.3995	47	0	47	112.0343	53.5261	0.4914	25.0954	5.9954	NaN	1.8803	5.8102	47	0	53.8214	29.6159	182	21	1.8324	5.8417	47	0	0.6591	1.5192	8	0	45.7004	14.9941	99	21	0.5599	1.3415	8	0	0.1007	7	214.9888	181.4984	328.5219	68.0023	11402.6709	22648.0879
71_5_FITC.tif	62303595-707e-4b5f-b66a-10cc41c7827e	Cell		Positive	Annotation	Polygon	328.52	2091.1	17.8095	20.9965	0.5077	9.6551	2.366	NaN	14.8409	1306	12.1815	52	0	52	136.6023	12021	31.4177	179	64	115	16.2045	1426	12.8583	55	0	55	120.7319	55.6593	0.4897	26.0614	5.9419	NaN	2.9674	7.1246	52	0	39.8456	45.1856	179	1	2.6106	7.6237	55	0	0.8566	2.0226	12	0	22.6444	16.3536	103	1	0.1939	0.7654	6	0	0.1416	5	217.4266	259.607	269.155	114.6016	16049.2441	22648.0879
71_5_FITC.tif	7276e079-5e54-44ab-83f4-9b162d3fc551	Cell		Positive	Annotation	Polygon	110.91	2233	62.7475	48.8422	0.3305	21.9716	4.8165	NaN	4.5182	1369	5.8992	37	0	37	167.5743	50775	27.9178	210	89	121	5.1782	1569	6.1597	37	0	37	198.5968	81.4979	0.3757	39.0127	7.4922	NaN	1.8417	3.9943	37	0	85.3979	61.9536	210	9	1.8229	4.2058	37	0	0.6073	1.5708	10	0	47.4992	26.3566	154	9	0.2755	0.8913	7	0	0.3161	3	144.1448	167.7528	259.607	5.0746	7728.6895	15141.3916
71_5_FITC.tif	f8344a20-8b3f-4846-bf2d-b12e16b32dee	Cell		Positive	Annotation	Polygon	106.96	2226.4	6.0055	13.5056	0.4137	6.5363	1.2611	NaN	6.0323	187	7.1063	23	0	23	114.8064	3559	24.3138	152	72	80	6.129	190	7.1168	23	0	23	50.7364	42.5089	0.3528	20.5493	3.5087	NaN	1.3855	3.3451	23	0	54.3614	31.0924	152	13	1.0924	3.3462	23	0	0.7248	1.5111	13	0	45.7661	20.6629	146	13	0.3761	1.2865	13	0	0.1048	3	115.813	164.396	177.9684	5.0746	2952.8206	5589.6543
71_5_FITC.tif	6d3c36a9-7260-417c-badb-5dad6352b1ca	Cell		Positive	Annotation	Polygon	576.44	1528.4	26.7143	34.8166	0.2769	15.8208	2.7091	NaN	5.1308	667	6.2906	24	0	24	120.9615	15725	21.3463	158	73	85	4.9462	643	6.2298	24	0	24	132.9501	54.7859	0.5566	24.3291	6.9635	NaN	1.7714	3.6467	24	0	66.0809	32.9226	158	21	1.3126	3.5008	24	0	0.9201	1.7643	9	0	52.1735	16.9048	113	21	0.3918	1.1778	8	0	0.2005	6	119.6587	84.7589	265.6498	22.7774	1463.1737	3570.4053
71_5_FITC.tif	23cc3668-9e66-4aa6-80e2-26fb1b0c488d	Cell		Positive	Annotation	Polygon	541.12	1606.6	21.5371	40.4385	0.1655	19.3358	2.0577	NaN	2.625	294	3.3319	14	0	14	113.3304	12693	23.2512	154	53	101	2.5089	281	3.3477	14	0	14	97.3311	74.4558	0.2206	36.019	4.4574	NaN	1.3708	2.4976	16	0	61.5191	38.5224	154	6	0.9004	2.2957	16	0	0.9806	2.0269	16	0	45.4	26.1106	121	6	0.4	1.5463	16	0	0.229	4	51.3307	50.1473	102.4209	2.6072	112.8849	190.7888
71_5_FITC.tif	47b28a4e-7319-4bb4-bf48-70b357570955	Cell		Positive	Annotation	Polygon	537.95	1605.9	14.7032	22.9761	0.35	10.854	1.9295	NaN	4.7838	354	4.4206	16	0	16	111.6757	8264	21.7521	149	58	91	5.4324	402	4.4632	16	0	16	82.835	55.9807	0.3322	26.976	3.9122	NaN	1.5373	2.9484	16	0	55.6841	33.3064	149	13	1.4428	2.9984	16	0	0.8049	1.837	12	0	43.0518	19.6265	116	13	0.5427	1.4708	8	0	0.1772	6	121.2917	104.3729	277.7113	2.6072	4713.48	12101.0537
71_5_FITC.tif	697712c3-adf0-450b-9e7d-f674362e89cf	Cell		Positive	Annotation	Polygon	544.57	1615.5	33.5482	38.0914	0.2906	16.3473	2.9843	NaN	2.1667	364	3.1446	17	0	17	113.3631	19045	17.8917	146	65	81	2.6012	437	3.4505	19	0	19	135.021	67.5007	0.3724	32.7159	5.4016	NaN	1.0872	2.5264	18	0	66.7645	36.5134	146	8	1.0428	2.6049	19	0	0.714	2.1554	18	0	50.6564	25.9354	111	8	0.5041	1.9759	18	0	0.2555	6	98.1347	96.2275	271.0201	7.5259	2210.9841	7580.5093
71_5_FITC.tif	0ffe3562-76aa-4e04-bcf1-bf8e8cebf12d	Cell		Positive	Annotation	Polygon	446.23	1659.3	6.4197	15.3804	0.341	7.4737	1.2811	NaN	10.1471	345	9.6645	30	0	30	114.6176	3897	16.7676	143	85	58	10.0882	343	9.596	29	0	29	86.3554	50.2022	0.4306	24.0059	4.763	NaN	1.5431	4.1436	30	0	69.9593	16.6771	143	41	1.2608	4.0008	29	0	0.7812	1.8688	11	0	66.0052	9.2666	97	41	0.4792	1.4011	11	0	0.0738	9	393.9298	284.9633	901.9352	106.325	23500.3047	83231.8125
71_5_FITC.tif	a8051d62-d067-49cd-b37b-fcf18eeee6de	Cell		Positive	Annotation	Polygon	589.04	1712.9	24.2292	27.4797	0.4032	11.4482	3.1466	NaN	4.339	512	5.8765	25	0	25	147.6525	17423	27.1977	198	90	108	4.7119	556	6.3301	26	0	26	146.6179	59.9988	0.5118	28.0364	7.1065	NaN	2.9802	4.706	25	0	86.1737	36.0456	198	35	1.041	3.2097	26	0	2.7085	4.3909	22	0	73.878	22.4497	150	35	0.3068	1.0804	11	0	0.1647	7	161.7628	108.6157	380.0086	80.6675	4562.9844	15077.5039
71_5_FITC.tif	bc1a9a00-756f-4383-8bf2-346673d3ee71	Cell		Positive	Annotation	Polygon	614.61	1786.4	12.4252	24.3348	0.2637	11.5354	1.9415	NaN	4.0656	248	4.5382	17	0	17	100.082	6105	13.7153	123	68	55	4.0328	246	4.5202	17	0	17	86.5625	44.2734	0.555	20.0384	5.3771	NaN	1.247	2.6178	17	0	63.4584	25.3601	123	10	1.1734	2.6251	17	0	0.7694	1.7311	11	0	57.2528	21.3179	99	10	0.6889	1.7386	10	0	0.1388	7	224.877	117.8449	743.6239	13.2261	7996.915	28120.1191
71_5_FITC.tif	2637490c-f651-45ad-8ba4-5fde6d8c5101	Cell		Positive	Annotation	Polygon	608.38	1800.7	42.8671	42.3612	0.3002	17.784	3.723	NaN	3.2264	684	3.7411	19	0	19	148.2641	31432	31.1032	199	83	116	3.7453	794	4.1877	23	0	23	165.877	89.9502	0.2576	34.0278	6.2994	NaN	1.4956	2.7074	19	0	78.0946	50.6904	199	8	1.2478	2.7592	23	0	0.8748	1.8698	11	0	52.9239	27.2575	136	8	0.3519	1.0158	7	0	0.264	4	29.5172	10.874	90.6996	5.6213	125.012	368.1467
71_5_FITC.tif	427aa5f3-ef0e-4f65-9bb2-9064df396e47	Cell		Positive	Annotation	Polygon	613.79	1806.6	17.1883	31.343	0.2199	14.7065	2.1956	NaN	7.2706	618	8.0908	31	0	31	119	10115	23.919	164	68	96	7.2353	615	8.1279	31	0	31	90.7043	56.6915	0.3547	25.4225	4.7538	NaN	1.6005	4.5305	31	0	59.5959	36.4361	164	6	1.5937	4.5411	31	0	0.2542	0.7331	5	0	45.4916	21.6651	117	6	0.2542	0.7812	5	0	0.1855	5	84.371	14.8843	288.953	5.6213	1894.6881	8367.4121
71_5_FITC.tif	e205ecc3-43ca-4cc6-a80e-4e9a47601e6c	Cell		Positive	Annotation	Polygon	608.99	1814.4	0.4142	4.6943	0.2362	2.312	0.1934	NaN	0.3333	1	0.5774	1	0	1	107	321	12	119	95	24	0.3333	1	0.5774	1	0	1	13.8749	21.0364	0.394	10.0111	1.8361	NaN	0.7324	1.1947	5	0	64.4225	18.9862	119	34	0.4085	0.9939	5	0	0.75	1.214	5	0	62.5441	16.9577	107	34	0.4118	1.0109	5	0	0.0118	4	99.4938	53.7982	283.1176	7.2614	1025.9198	3390.7539
71_5_FITC.tif	1e9a3275-a01f-4a01-9fa4-7147c3af6350	Cell		Positive	Annotation	Polygon	513.2	1883.2	4.763	13.694	0.3192	6.6692	0.9768	NaN	12.5556	339	11.8625	39	0	39	75.4444	2037	19.0088	110	43	67	13.1481	355	12.5352	40	0	40	80.9712	49.8781	0.409	24.0017	4.3484	NaN	1.7398	4.6629	39	0	25.8087	16.5914	110	5	1.1888	4.6609	40	0	0.9397	1.9963	14	0	22.137	8.5801	57	5	0.3041	0.8472	5	0	0.0539	8	245.6192	252.3402	306.3319	166.4355	9386.6465	18989.791
71_5_FITC.tif	44f25ae3-d94c-46f4-a839-8e354806e33f	Cell		Positive	Annotation	Polygon	666.27	1895.1	7.2481	15.155	0.3966	7.0424	1.5506	NaN	11.0256	430	9.7885	31	0	31	110.7692	4320	18.4283	141	75	66	10.9744	428	9.8502	31	0	31	94.6389	49.4656	0.486	23.02	5.1772	NaN	1.5393	4.257	31	0	54.3559	33.843	141	1	1.441	4.2711	31	0	0.6563	1.3873	9	0	49.105	29.9461	111	1	0.5537	1.3621	9	0	0.0746	8	398.0366	236.2102	1135.7433	105.135	6522.002	23689.1855
71_5_FITC.tif	9692d7f1-c920-4566-aadb-f4bdd840075a	Cell		Positive	Annotation	Polygon	597.17	2089.4	7.6622	14.2859	0.4718	6.5888	1.544	NaN	1.125	45	1.4356	5	0	5	172.4	6896	10.4312	193	158	35	1.55	62	2.0248	7	0	7	57.7774	38.4617	0.4908	17.8212	4.7532	NaN	1.2589	2.2623	12	0	133.7979	24.4619	193	85	1.3546	2.4339	13	0	1.281	2.3728	12	0	127.4174	19.7961	181	85	1.3223	2.4972	13	0	0.1326	8	187.5562	217.5093	380.0086	8.5783	4149.0898	15077.5039
71_5_FITC.tif	d17d7c67-2ad2-45a7-b56d-21df9bc30c6b	Cell		Positive	Annotation	Polygon	595.69	2100.3	15.9457	21.3953	0.4377	10.0255	2.0184	NaN	2.963	240	3.7197	15	0	15	188.8889	15300	11.2949	209	156	53	6.1481	498	6.1829	22	0	22	43.4883	30.1644	0.6006	13.1609	4.9305	NaN	1.7453	3.0246	15	0	151.6745	35.3367	209	85	2.7217	4.7659	22	0	0.9924	2.1996	12	0	128.6641	23.4893	182	85	0.6031	1.2259	7	0	0.3489	5	37.9293	23.8184	73.0188	8.5783	36.9829	87.7018
71_5_FITC.tif	60de7aa9-8102-4707-8656-f15befa51967	Cell		Positive	Annotation	Polygon	596.82	2115.9	52.186	47.0947	0.2957	20.8597	4.3101	NaN	10.3412	2637	8.6546	37	0	37	196.3804	50077	19.5106	232	135	97	12.2863	3133	9.9898	39	0	39	146.825	73.8036	0.3387	33.4837	7.9799	NaN	4.8604	7.1009	37	0	138.0437	52.8471	232	48	4.7687	8.3092	39	0	1.7819	3.225	15	0	105.2775	34.056	201	48	0.5463	1.5068	12	0	0.3562	4	69.6965	18.9595	231.5922	9.2749	217.8431	751.8534
71_5_FITC.tif	43394b1a-122e-4282-92b2-4b34bd083634	Cell		Positive	Annotation	Polygon	593.81	2128	12.0111	18.406	0.4455	8.4906	2.0571	NaN	2.4918	152	3.8019	16	0	16	175.3607	10697	18.7252	205	132	73	1.918	117	3.1533	13	0	13	63.7829	44.304	0.4083	21.1881	4.1802	NaN	5.0032	5.4722	22	0	116.4968	37.0307	205	63	0.7516	1.8433	13	0	5.6185	5.6464	22	0	102.0763	23.7208	184	63	0.4659	1.1879	7	0	0.1855	5	75.5648	45.9378	240.8283	9.2749	172.2761	622.8318
71_5_FITC.tif	8906e3cc-d2da-4c27-8d8d-7f4b3207b57e	Cell		Positive	Annotation	Polygon	584.08	2167.9	4.5559	11.9412	0.4015	5.683	1.2118	NaN	6	162	5.8769	20	0	20	101.5926	2743	14.009	127	77	50	4.8889	132	6.2716	20	0	20	49.2868	42.0895	0.3496	20.0934	3.2442	NaN	4.0581	4.9528	21	0	61.3154	17.8981	127	35	0.9253	2.864	20	0	3.8131	4.7838	21	0	56.2336	10.2669	101	35	0.4252	1.4828	10	0	0.0891	4	32.8049	29.0229	69.553	3.6209	42.302	87.7018
71_5_FITC.tif	491ca175-3c94-47c0-909f-d8124d02bbda	Cell		Positive	Annotation	Polygon	580.88	2170.7	14.4961	19.0657	0.5011	8.0909	2.3919	NaN	4.0548	296	3.0454	12	0	12	140.9178	10287	18.7378	172	94	78	4.4932	328	3.3546	12	0	12	56.5349	41.3512	0.4155	19.2028	4.4239	NaN	2.9312	3.5367	15	0	86.8152	39.7734	172	17	1.5688	2.7194	12	0	2.5271	3.6197	15	0	67.3596	24.2953	141	17	0.5172	1.3619	9	0	0.2585	5	92.9325	73.0188	297.6484	3.6209	1055.787	4942.04
71_5_FITC.tif	44d1733f-e272-461b-9e5a-d30251227996	Cell		Positive	Annotation	Polygon	582.02	2185	9.7331	18.2048	0.3691	8.06	1.8565	NaN	6.8302	362	6.4532	19	0	19	130.5094	6917	24.609	167	71	96	7.4717	396	6.7585	22	0	22	68.1317	38.7649	0.5697	17.5419	5.4949	NaN	2.0181	3.9067	19	0	60.006	40.1603	167	8	1.7349	4.0453	22	0	1.1039	2.2648	12	0	46.6129	26.0648	144	8	0.6452	1.864	11	0	0.138	7	169.1904	231.3254	306.3319	8.8414	5513.9111	18989.791
