Image	Object ID	Object type	Name	Classification	Parent	ROI	Centroid X µm	Centroid Y µm	Nucleus: Area	Nucleus: Perimeter	Nucleus: Circularity	Nucleus: Max caliper	Nucleus: Min caliper	Nucleus: Eccentricity	Nucleus: Red mean	Nucleus: Red sum	Nucleus: Red std dev	Nucleus: Red max	Nucleus: Red min	Nucleus: Red range	Nucleus: Green mean	Nucleus: Green sum	Nucleus: Green std dev	Nucleus: Green max	Nucleus: Green min	Nucleus: Green range	Nucleus: Blue mean	Nucleus: Blue sum	Nucleus: Blue std dev	Nucleus: Blue max	Nucleus: Blue min	Nucleus: Blue range	Cell: Area	Cell: Perimeter	Cell: Circularity	Cell: Max caliper	Cell: Min caliper	Cell: Eccentricity	Cell: Red mean	Cell: Red std dev	Cell: Red max	Cell: Red min	Cell: Green mean	Cell: Green std dev	Cell: Green max	Cell: Green min	Cell: Blue mean	Cell: Blue std dev	Cell: Blue max	Cell: Blue min	Cytoplasm: Red mean	Cytoplasm: Red std dev	Cytoplasm: Red max	Cytoplasm: Red min	Cytoplasm: Green mean	Cytoplasm: Green std dev	Cytoplasm: Green max	Cytoplasm: Green min	Cytoplasm: Blue mean	Cytoplasm: Blue std dev	Cytoplasm: Blue max	Cytoplasm: Blue min	Nucleus/Cell area ratio	Delaunay: Num neighbors	Delaunay: Mean distance	Delaunay: Median distance	Delaunay: Max distance	Delaunay: Min distance	Delaunay: Mean triangle area	Delaunay: Max triangle area
71_8_FITC.tif	4f99ed14-7c33-4484-8da1-9b81c368142a	Cell		Positive	Annotation	Polygon	334.12	430.66	4.3488	15.9435	0.215	7.7895	0.826	NaN	1.6667	40	2.5137	9	0	9	107.5	2580	9.8467	120	88	32	1.875	45	2.6591	9	0	9	23.608	33.2149	0.2689	15.9128	2.3836	NaN	1.5	2.5247	11	0	64.4741	33.1588	120	22	1.1983	2.3488	12	0	1.4565	2.5394	11	0	53.25	27.3747	120	22	1.0217	2.2433	12	0	0.1647	6	123.0979	54.9972	323.7519	2.1424	865.3104	2932.1399
71_8_FITC.tif	994ab5f6-9bc0-485f-9950-275254e1094a	Cell		Positive	Annotation	Polygon	335.94	443.38	36.4474	39.9187	0.2874	18.4202	3.178	NaN	0.8852	162	1.7861	11	0	11	108.1967	19800	17.5807	142	66	76	0.9891	181	1.8575	11	0	11	128.1871	74.0809	0.2935	35.094	5.0079	NaN	1.0819	2.1431	15	0	62.1894	35.675	142	6	0.7191	1.84	15	0	1.1636	2.2721	15	0	43.0545	20.6343	122	6	0.6068	1.823	15	0	0.2915	5	70.4337	94.4017	128.4393	3.5066	310.587	1046.7437
71_8_FITC.tif	58e8ab1c-10aa-4888-abdd-556e09f72e41	Cell		Positive	Annotation	Polygon	332.27	434.98	4.3488	10.5003	0.4957	4.9567	1.1113	NaN	1.6364	36	2.0365	7	0	7	89.8182	1976	13.5177	113	68	45	0.8182	18	1.2203	4	0	4	25.4717	25.9919	0.4738	12.2052	3.0101	NaN	2.408	2.9157	12	0	48.92	25.8926	113	20	0.344	0.9079	4	0	2.5728	3.0538	12	0	40.1845	18.4278	105	20	0.2427	0.7979	4	0	0.1509	4	124.1662	110.3013	273.9197	2.1424	1039.9246	2921.0029
71_8_FITC.tif	e0f65daf-4d9e-4021-aa4c-9ca8a47702b4	Cell		Positive	Annotation	Polygon	331.88	447.03	8.0764	16.0025	0.3963	7.5394	1.3619	NaN	4.65	186	4.4176	17	0	17	117.275	4691	16.344	142	78	64	5.3	212	4.4733	17	0	17	37.897	34.9001	0.391	16.3239	3.1832	NaN	3.2391	3.8093	17	0	65.5163	33.0814	142	28	1.4891	3.0479	17	0	2.8472	3.5406	13	0	51.1389	19.2389	135	28	0.4306	1.1135	8	0	0.2067	5	70.5802	9.2335	205.945	3.5066	1498.0383	7085.1948
71_8_FITC.tif	79145583-8d00-433f-8930-ff6e88ae4817	Cell		Positive	Annotation	Polygon	379.36	521.85	3.3134	10.2996	0.3925	4.7271	1.1979	NaN	1.3684	26	1.7388	5	0	5	107.6316	2045	9.2148	123	91	32	1.4737	28	1.7754	5	0	5	32.9269	29.4734	0.4763	13.9474	3.1551	NaN	1.0247	2.07	10	0	67.4691	24.6095	123	22	0.9815	2.0261	10	0	0.979	2.1112	10	0	62.1329	20.7701	116	22	0.9161	2.0538	10	0	0.0958	9	89.1863	94.4017	198.183	7.1466	809.001	2932.1399
71_8_FITC.tif	c7e44b40-b6eb-4ff5-b89d-8c419dfa6a1f	Cell		Positive	Annotation	Polygon	378	534.84	39.1395	35.2698	0.3954	16.0088	3.5602	NaN	1.1737	223	2.2693	14	0	14	116.3474	22106	13.8099	142	74	68	1.8105	344	2.8389	14	0	14	151.795	76.2426	0.3281	32.0611	7.041	NaN	0.7681	1.7874	14	0	70.7012	33.253	142	18	0.7913	1.9009	14	0	0.6262	1.5624	14	0	54.7293	20.9979	121	18	0.4346	1.2563	14	0	0.2604	4	19.5972	22.438	26.366	7.1466	54.7604	146.8613
71_8_FITC.tif	ddbbbffd-194a-4837-8460-a8868853b9cf	Cell		Positive	Annotation	Polygon	385.15	546.14	10.3544	16.2936	0.4901	7.7561	1.8197	NaN	3.2353	165	3.5754	16	0	16	106.9216	5453	14.4137	127	75	52	3.2157	164	3.3305	15	0	15	59.227	41.3306	0.4357	19.5605	4.3987	NaN	1.6815	2.677	16	0	51.113	32.7674	127	13	1.0445	2.3858	15	0	1.3527	2.3247	11	0	39.3029	21.3698	111	13	0.5851	1.8377	12	0	0.1623	5	38.5711	22.1498	138.0726	4.3448	337.1959	997.994
71_8_FITC.tif	58ce974e-9647-48fa-8724-c449f4f8e8a1	Cell		Positive	Annotation	Polygon	382.18	550.55	5.1772	15.3712	0.2754	7.4096	1.1679	NaN	1.6774	52	2.6632	10	0	10	104.4839	3239	11.416	120	79	41	1.6452	51	2.6652	10	0	10	27.7497	31.1271	0.3599	15.1818	2.9535	NaN	1.9412	3.5752	19	0	66.9632	32.9553	125	23	0.5588	1.5812	10	0	2.019	3.8104	19	0	55.8857	28.7865	125	23	0.2381	0.8607	7	0	0.2053	5	11.9606	6.6183	27.0302	1.6036	18.9557	33.5662
71_8_FITC.tif	fb84e285-c1d7-4591-8fd7-eadb473d0b11	Cell		Positive	Annotation	Polygon	384.05	554.08	0.4142	2.9928	0.5811	1.4402	0.3359	NaN	0	0	0	0	0	0	123.6667	371	2.8868	127	122	5	0	0	0	0	0	0	0.8283	4.3399	0.5527	1.9279	0.5812	NaN	0	0	0	0	123.5	2.6646	127	120	0.3333	0.8165	2	0	0	0	0	0	123.3333	3.0551	126	120	0.6667	1.1547	2	0	0.3418	5	8.6442	6.3172	17.4699	1.6036	7.8793	17.157
71_8_FITC.tif	3ebd05b6-7040-4b76-8797-945d46f59a49	Cell		Positive	Annotation	Polygon	369.88	552.62	7.041	12.5368	0.563	5.0117	1.8287	NaN	6.4324	238	6.6939	22	0	22	112.973	4180	30.1363	164	50	114	6.5946	244	6.631	22	0	22	47.8372	30.7884	0.6342	13.5917	4.7894	NaN	1.4894	3.6272	22	0	46.7277	33.9109	164	12	1.1787	3.5892	22	0	0.5657	1.4118	8	0	34.3485	14.8903	126	12	0.1667	0.8535	8	0	0.1356	6	35.4724	20.1187	119.1063	9.8505	251.6198	1046.7437
71_8_FITC.tif	ccc2c757-5cb3-4368-a67b-3eadc5296cfb	Cell		Positive	Annotation	Polygon	381.11	568.87	61.505	58.9972	0.2221	23.1469	4.3979	NaN	5.3289	1604	7.9525	35	0	35	164.9568	49652	36.9812	226	82	144	6.3256	1904	8.7632	37	0	37	181.8227	90.8719	0.2767	31.4419	8.6748	NaN	2.1173	5.3178	35	0	98.8633	59.4705	226	13	2.3223	5.915	37	0	0.4419	1.3846	12	0	64.3848	34.627	177	13	0.234	0.7282	6	0	0.3443	5	10.6113	12.2584	15.5677	4.8905	31.3992	60.3633
71_8_FITC.tif	d1bf4760-2cb6-462f-a8e1-0d6facf60fa1	Cell		Positive	Annotation	Polygon	381	556.7	1.4496	9.3653	0.2077	4.5658	0.4651	NaN	0.5	5	0.7071	2	0	2	105.6	1056	16.7809	132	78	54	0.6	6	0.6992	2	0	2	10.9756	23.7827	0.2438	11.7133	1.3398	NaN	0.6607	1.2831	5	0	72.2857	33.0348	145	37	0.2857	0.8467	5	0	0.6957	1.3803	5	0	65.0435	31.2609	145	37	0.2174	0.867	5	0	0.1405	5	11.6927	7.2008	26.366	6.3172	46.3264	146.8613
71_8_FITC.tif	81795cf0-de9e-4c9d-95c3-e08aa6976345	Cell		Positive	Annotation	Polygon	369.38	568.7	39.3466	35.0906	0.4015	14.7492	3.7215	NaN	2.8333	544	3.3211	18	0	18	150.2031	28839	32.8771	198	56	142	3.2917	632	3.9017	18	0	18	155.1084	72.8419	0.3674	29.0689	7.5654	NaN	1.0027	2.1996	18	0	74.34	51.9758	198	15	1.0147	2.5004	18	0	0.3728	1.0823	8	0	48.2366	24.4045	150	15	0.2312	0.8859	8	0	0.2493	9	184.7491	126.7702	775.1066	9.8505	7992.2266	53561.6914
71_8_FITC.tif	a3d6f418-a4cf-4a0c-8edd-597d764af160	Cell		Positive	Annotation	Polygon	383.92	574.65	1.2425	7.0427	0.3148	3.435	0.515	NaN	0.625	5	0.9161	2	0	2	105	840	9.5917	117	91	26	0.625	5	0.9161	2	0	2	24.8505	26.506	0.4445	12.5074	2.4888	NaN	0.3629	0.7686	3	0	55.2097	27.6018	126	15	0.2903	0.7188	3	0	0.3448	0.7588	3	0	51.7759	24.9981	126	15	0.2672	0.7023	3	0	0.0456	8	170.4482	72.1494	768.6003	4.8905	5407.1895	30665.8926
71_8_FITC.tif	34b7a138-bcfd-49e2-8a96-b20f1d728c27	Cell		Positive	Annotation	Polygon	275.9	642.32	21.33	39.1482	0.1749	17.9835	2.1075	NaN	5.7387	637	6.4761	28	0	28	96.7207	10736	17.6146	133	55	78	5.4144	601	6.5995	28	0	28	149.7242	72.501	0.3579	35.0303	5.6773	NaN	1.9103	3.6684	28	0	42.5793	31.6295	133	1	1.3255	3.4028	28	0	1.2182	2.2879	15	0	32.7915	22.3418	111	1	0.5863	1.5117	12	0	0.1457	7	139.4826	120.9512	213.157	65.4072	2579.3286	7085.1948
71_8_FITC.tif	c15a277a-b2a9-46c9-b2c6-e48314a10e87	Cell		Positive	Annotation	Polygon	233.37	692.77	10.7685	20.0034	0.3382	9.7438	1.5504	NaN	9.5	532	11.3057	41	0	41	78.5893	4401	28.007	126	17	109	9.9643	558	11.8949	41	0	41	107.2713	56.8318	0.4174	27.0565	5.1696	NaN	1.4123	4.7472	41	0	19.4605	24.2934	126	1	1.2543	4.9769	41	0	0.4341	1.0789	6	0	12.3089	9.6585	56	1	0.2009	0.7872	7	0	0.1017	6	246.9414	172.2181	502.2207	65.4072	2373.8955	6253.5737
71_8_FITC.tif	470b6ee5-3775-4ce0-b551-f8d621cef660	Cell		Positive	Annotation	Polygon	240.56	763.1	65.8538	51.5506	0.3114	22.3755	4.5961	NaN	2.0895	677	3.2948	19	0	19	141.2284	45758	21.4364	186	91	95	2.963	960	4.2293	21	0	21	235.0442	81.7311	0.4422	39.0284	8.0764	NaN	1.3894	2.5431	19	0	80.9797	47.9692	186	2	1.1806	2.8272	21	0	1.1097	2.1097	15	0	56.91	31.7206	132	2	0.4686	1.5096	14	0	0.2847	5	115.9453	50.4456	436.9583	10.5876	2462.9248	6253.5737
71_8_FITC.tif	2945b225-e9fe-4580-a122-0ae48d6ac304	Cell		Positive	Annotation	Polygon	251.18	755.91	7.2481	12.6492	0.5693	5.3209	1.9051	NaN	6.7	268	5.7655	22	0	22	87.475	3499	16.6117	116	53	63	6.225	249	5.9506	23	0	23	70.2026	40.6766	0.5332	18.034	5.5117	NaN	2.5777	3.6069	22	0	41.5806	22.6041	116	12	1.0235	2.9743	23	0	2.0299	2.8028	12	0	35.4817	15.0012	94	12	0.3322	1.1558	9	0	0.0981	7	35.1676	13.7469	118.4749	7.2233	406.2191	1837.9822
71_8_FITC.tif	2bb1a0fe-d122-4fd1-9b5b-edf4acd2f92f	Cell		Positive	Annotation	Polygon	259.1	759.85	3.9347	14.1322	0.2476	6.8211	0.9343	NaN	7.3478	169	8.4778	26	0	26	96.6087	2222	16.0475	123	66	57	7.4348	171	8.5908	26	0	26	53.8427	40.1988	0.4187	19.053	4.2227	NaN	1.7099	3.8675	26	0	47.8664	25.2719	123	10	1.3473	3.7342	26	0	1.1674	2.5282	19	0	43.1757	20.6129	99	10	0.7615	2.1316	19	0	0.0775	4	37.2046	9.7336	120.8859	8.4656	152.5829	502.699
71_8_FITC.tif	ce8b2445-cf00-464f-b0e8-eede8be37c8b	Cell		Positive	Annotation	Polygon	250.56	769.48	6.2126	12.0461	0.538	5.3003	1.6518	NaN	6	216	5.8162	25	0	25	106.3611	3829	15.873	125	59	66	5.9722	215	5.7693	25	0	25	61.712	36.9931	0.5667	16.1178	5.2636	NaN	2.0033	3.9	28	0	60.9867	27.065	125	16	1.4252	3.7254	28	0	1.4604	3.2133	28	0	54.8226	21.9114	109	16	0.8075	2.8559	28	0	0.1017	4	18.9552	11.1137	46.3701	7.2233	99.4003	235.0973
71_8_FITC.tif	475c0211-163f-45dd-bedd-56bfd07dec91	Cell		Positive	Annotation	Polygon	257.02	767.89	11.804	21.8436	0.3109	10.6943	1.5924	NaN	9.5246	581	9.6239	35	0	35	168.4918	10278	22.2303	204	115	89	10.0164	611	10.0108	36	0	36	31.6844	33.3314	0.3584	16.1211	3.1415	NaN	3.7848	7.5167	35	0	112.1392	52.9635	204	28	3.981	7.8517	36	0	0.1753	0.6457	4	0	76.701	31.4944	159	28	0.1856	0.6972	4	0	0.3535	5	7.6994	7.5539	13.7469	2.6046	17.1026	35.5811
71_8_FITC.tif	b5743e7f-74b9-46c6-b2b1-40d7aca023fa	Cell		Positive	Annotation	Polygon	254.43	778.39	10.7685	20.5866	0.3193	10.0303	1.6804	NaN	7.1273	392	7.572	31	0	31	131.9636	7258	38	197	58	139	8.1091	446	7.9598	31	0	31	70.8239	51.3402	0.3377	24.7603	3.7674	NaN	2.0116	4.431	31	0	69.1536	38.4319	197	22	2.2116	4.8193	31	0	1.0414	2.5946	18	0	57.2414	24.3946	154	22	1.0931	2.8165	18	0	0.1567	5	15.0339	11.6399	35.9892	2.9942	42.5034	107.3247
71_8_FITC.tif	41cfc4e1-a39b-477d-9b23-9fd2fcf4073f	Cell		Positive	Annotation	Polygon	259.34	774.47	1.0354	6.0488	0.3556	2.9057	0.5522	NaN	0.5714	4	0.7868	2	0	2	101.5714	711	15.5441	122	86	36	0.5714	4	0.7868	2	0	2	13.6678	19.3649	0.458	9.0399	2.163	NaN	0.8571	1.487	6	0	48.4	23.177	122	22	0.1714	0.5639	3	0	0.8889	1.5462	6	0	42.4921	14.8246	100	22	0.127	0.5234	3	0	0.0738	5	76.9809	10.7219	234.789	2.6046	1145.8064	5448.665
71_8_FITC.tif	b251ca1c-1447-4803-998e-147f5e6ffbd2	Cell		Positive	Annotation	Polygon	257.86	782.72	6.0055	13.7862	0.3971	5.8696	1.3911	NaN	2.2581	70	3.4542	15	0	15	108.7097	3370	18.0022	134	66	68	2.0968	65	3.4771	15	0	15	37.897	31.3072	0.4859	14.5073	3.6428	NaN	0.5645	1.6953	15	0	59.6398	30.7577	134	23	0.5054	1.6741	15	0	0.2258	0.6601	3	0	49.8258	22.1744	130	23	0.1871	0.6323	3	0	0.1476	6	147.6026	21.0875	595.4852	2.9942	9902.8418	53561.6914
71_8_FITC.tif	e5407bd3-307f-49a4-8171-8e03d70780ed	Cell		Positive	Annotation	Polygon	250.48	812.07	52.8073	49.7092	0.2686	23.6747	4.0201	NaN	3.5135	910	4.3109	22	0	22	153.9382	39870	29.8894	204	76	128	4.2625	1104	4.8927	23	0	23	216.8205	85.1444	0.3758	41.038	7.7603	NaN	1.8653	3.1668	22	0	80.3543	48.4523	204	25	1.3047	3.1273	23	0	1.3236	2.4595	14	0	56.1688	21.4415	135	25	0.3325	1.1511	13	0	0.2454	7	286.2711	50.4456	875.9783	34.6211	24625.7324	100394.9219
71_8_FITC.tif	8209c828-117c-48e9-be00-1e06de509d55	Cell		Positive	Annotation	Polygon	102.59	1175.2	2.278	7.5675	0.4999	3.5716	0.7073	NaN	13.4167	161	3.872	19	8	11	93.0833	1117	3.872	98	85	13	1.4167	17	1.4434	4	0	4	35.8261	37.8697	0.3139	18.3536	2.6921	NaN	12.4229	6.4881	30	0	57.8629	20.4162	98	28	0.4857	1.1639	6	0	12.3497	6.6421	30	0	55.2699	18.6554	93	28	0.4172	1.1156	6	0	0.0482	5	157.425	62.7377	501.24	2.1362	173.1886	476.0961
71_8_FITC.tif	f58da15d-bf2b-4106-82a2-a0fd90dc9304	Cell		Positive	Annotation	Polygon	105.61	1176.8	7.2481	13.8673	0.4736	6.6805	1.4964	NaN	19.0541	705	5.8734	28	4	24	91.7568	3395	11.0388	109	69	40	0.6757	25	1.454	6	0	6	49.4939	43.0725	0.3352	20.7991	3.3222	NaN	16.8245	6.8942	36	3	58.4245	22.5979	109	15	0.4816	1.4188	12	0	16.4279	6.9986	36	3	52.4952	18.6234	102	15	0.4471	1.4132	12	0	0.131	7	285.3332	393.7823	525.8278	2.1362	11764.3076	60596.4023
71_8_FITC.tif	99090c6a-0eb4-4ca8-bbfa-53a36ef7c749	Cell		Positive	Annotation	Polygon	103.81	1187.1	2.8992	9.8677	0.3742	4.7302	0.721	NaN	18.625	298	2.8018	23	13	10	98.3125	1573	3.5538	104	93	11	0.875	14	1.4083	4	0	4	28.1639	27.7619	0.4592	13.1389	3.1888	NaN	19.8333	5.9457	31	3	80.8043	11.3908	104	53	0.5652	1.7255	9	0	19.9918	6.2317	31	3	78.5082	9.9746	99	53	0.5246	1.7638	9	0	0.0832	5	52.9412	57.3008	127.8978	4.2992	140.511	505.5998
71_8_FITC.tif	4501ac82-cf00-4da2-b724-cd4fb8c722fe	Cell		Positive	Annotation	Polygon	92.98	1235.8	4.3488	11.4236	0.4188	5.4549	1.1632	NaN	1.25	30	2.2116	8	0	8	124.7917	2995	6.2692	137	110	27	1.2917	31	2.3121	8	0	8	47.2159	34.6485	0.4942	15.6821	4.0978	NaN	1.4502	2.9111	16	0	72.5152	36.422	137	16	1.1861	2.8734	16	0	1.4734	2.9851	16	0	66.4541	33.4877	130	16	1.1739	2.936	16	0	0.0871	7	94.044	72.8788	152.6492	12.5857	247.817	663.8555
71_8_FITC.tif	2a4b0a0a-d543-4ce8-ae62-8e93ebb34dc0	Cell		Positive	Annotation	Polygon	94.3	1253.6	29.1993	37.6457	0.2589	17.869	1.9766	NaN	1.2449	183	1.8416	9	0	9	134.7007	19801	11.8185	154	99	55	0.9524	140	1.5498	7	0	7	136.8848	69.6131	0.355	32.7317	5.5914	NaN	3.7212	5.2574	26	0	89.1364	31.5883	154	25	0.5409	1.3335	9	0	4.4308	5.6871	26	0	76.0799	21.8542	130	25	0.423	1.2415	9	0	0.2187	5	48.7862	59.3202	69.5576	12.5857	174.8967	505.5998
71_8_FITC.tif	ec3f0e81-e435-471b-881c-63fc00c1d4c3	Cell		Positive	Annotation	Polygon	96.99	1291.5	64.8184	71.1799	0.1608	33.1194	3.2285	NaN	4.6309	1468	5.2046	27	0	27	144.2334	45722	21.3112	193	95	98	1.5868	503	2.122	11	0	11	222.4118	101.1166	0.2734	49.5157	6.571	NaN	8.2827	7.415	31	0	94.0426	40.8814	193	27	0.6673	1.5642	13	0	9.8018	7.6663	31	0	73.1627	26.3246	153	27	0.2848	1.0476	13	0	0.2941	3	26.0956	18.8446	42.1255	17.3168	81.3656	121.5046
71_8_FITC.tif	27640987-8a12-4dde-85a8-f934495c6728	Cell		Positive	Annotation	Polygon	92.29	1312.4	65.8538	65.595	0.1923	25.3583	3.7168	NaN	5.5	1760	5.9859	25	0	25	161.7531	51761	26.9313	208	85	123	3.1156	997	4.4499	24	0	24	224.6898	85.3616	0.3875	40.4604	7.041	NaN	6.0396	6.3751	29	0	95.3634	51.1099	208	12	1.149	2.8682	24	0	6.2647	6.5212	29	0	67.6649	28.1414	156	12	0.3286	1.0616	9	0	0.2897	7	43.4606	34.7319	77.1381	8.2425	177.6308	619.6144
71_8_FITC.tif	63e03ff2-6f8d-4109-a8f0-65e1f7d2f017	Cell		Positive	Annotation	Polygon	101.09	1312.2	6.2126	14.2181	0.3862	6.0575	1.5555	NaN	1.7059	58	2.1395	8	0	8	125.6176	4271	7.6595	135	101	34	1.6471	56	2.1586	8	0	8	61.0908	45.8863	0.3646	22.0269	3.9893	NaN	2.301	3.1913	14	0	85.2475	26.6453	135	40	0.8595	1.7968	10	0	2.3774	3.2973	14	0	80.0679	23.6062	131	40	0.7585	1.7239	10	0	0.0985	8	124.3874	93.609	400.47	8.2425	2725.9036	12724.5654
71_8_FITC.tif	94244569-f6ec-418f-813d-b3701233c89f	Cell		Positive	Annotation	Polygon	91.3	1342.6	16.9812	24.4333	0.3574	11.0807	2.6423	NaN	4.4943	391	4.8318	18	0	18	108.7701	9463	15.4609	144	73	71	3.1264	272	4.62	18	0	18	86.7696	55.8852	0.3491	26.4125	4.7704	NaN	4.0354	4.4068	23	0	61.0542	30.9836	144	13	0.8892	2.5431	18	0	3.9169	4.29	23	0	48.7359	20.1405	127	13	0.3116	1.0239	7	0	0.2001	5	53.3549	32.0467	182.3557	3.2037	358.8377	1195.4023
71_8_FITC.tif	87109327-3c63-4251-ad23-04907bfa5629	Cell		Positive	Annotation	Polygon	88.24	1343.5	10.7685	20.3328	0.3273	8.5265	1.9531	NaN	6.1207	355	6.0177	21	0	21	149.8621	8692	22.3257	181	105	76	5.8103	337	6.0421	21	0	21	32.0985	35.251	0.3246	16.751	2.6569	NaN	2.6752	4.6688	21	0	88.8217	60.4373	181	9	2.4331	4.6469	21	0	0.6566	1.579	7	0	53.0606	45.0278	169	9	0.4545	1.5602	9	0	0.3445	5	26.8032	34.7319	42.9126	3.2037	55.1722	169.7758
71_8_FITC.tif	6b9ea29e-4c71-4143-a9dc-493ff58ce851	Cell		Positive	Annotation	Polygon	86.85	1360.2	49.4939	54.2606	0.2112	18.8759	4.2614	NaN	1.2016	292	2.0841	11	0	11	125.0041	30376	18.2298	165	82	83	1.6214	394	2.3206	11	0	11	168.155	71.3222	0.4154	33.5813	7.8772	NaN	0.9238	2.1093	15	0	77.0713	38.0653	165	11	0.6843	1.7924	15	0	0.8056	2.1107	15	0	56.6725	23.0058	135	11	0.2855	1.3275	15	0	0.2952	5	53.0198	30.3656	168.8303	11.543	379.6482	1353.5068
71_8_FITC.tif	cd79eca1-6edd-4274-bd92-06dfd1dfa794	Cell		Positive	Annotation	Polygon	74.41	1382.7	10.7685	19.3298	0.3622	9.2952	1.4967	NaN	10.9138	633	8.0247	28	0	28	199.7069	11583	17.917	223	151	72	11.3966	661	8.3602	31	0	31	30.2348	38.3768	0.258	18.4478	2.087	NaN	5.4067	7.2131	28	0	135.5867	68.3839	223	18	5.56	7.5941	31	0	1.9348	3.6519	12	0	95.163	56.421	207	18	1.8804	3.905	18	0	0.3479	7	41.9275	10.7996	149.0922	1.6654	135.9717	619.6144
71_8_FITC.tif	7c183263-1da9-4a36-85a8-ed3bf416ceac	Cell		Positive	Annotation	Polygon	72.05	1385.7	8.2835	19.9184	0.2624	9.6798	1.1618	NaN	2.7111	122	4.3097	18	0	18	178.4444	8030	15.6533	210	149	61	3.3333	150	4.9175	20	0	20	46.8017	40.7662	0.3539	19.0524	3.1808	NaN	1.614	3.3319	18	0	121.3596	43.1478	210	32	1.8947	3.5727	20	0	1.3443	2.9975	18	0	107.3224	35.4819	194	32	1.541	3.0719	17	0	0.1747	4	42.8607	8.9542	151.0636	2.4705	206.0014	663.8555
71_8_FITC.tif	b26b542c-5fcc-4d2d-a059-c2fe5c998b9e	Cell		Positive	Annotation	Polygon	76.57	1382	5.5914	13.3614	0.3936	6.3699	1.1811	NaN	10.2414	297	6.6314	25	0	25	185.0345	5366	21.5431	214	144	70	9.3448	271	6.1195	21	0	21	28.5781	30.7124	0.3807	14.6781	2.8873	NaN	2.7183	5.2503	25	0	83.2324	62.8792	214	18	2.4085	4.8468	21	0	0.7876	2.3008	13	0	57.1062	38.5927	206	18	0.6283	2.1347	14	0	0.1852	4	20.9592	20.2732	41.6248	1.6654	33.388	58.8253
71_8_FITC.tif	3a2710e7-9c73-437c-a450-75c29f0ad603	Cell		Positive	Annotation	Polygon	64.42	1386.7	6.0055	12.3853	0.492	5.6664	1.4855	NaN	22.0857	773	9.7961	41	4	37	205.7714	7202	11.1225	220	174	46	26.7143	935	12.0063	54	4	50	63.1617	44.549	0.3999	21.4695	4.5825	NaN	4.7792	9.2404	43	0	124.5552	69.5119	220	6	5.6169	10.8602	54	0	2.5604	6.3949	43	0	114.1429	66.9375	216	6	2.9121	7.1053	44	0	0.0976	5	79.2917	13.0642	215.3601	6.4953	226.482	663.8555
71_8_FITC.tif	7c703268-a2c1-424b-b847-58e60e160927	Cell		Positive	Annotation	Polygon	76.73	1398.6	17.3953	27.0363	0.2991	12.9022	2.048	NaN	4.9551	441	5.1652	16	0	16	191.1124	17009	14.7552	212	148	64	5.1798	461	5.4908	20	0	20	73.1018	51.3472	0.3484	24.4502	3.9166	NaN	2.0704	3.7647	16	0	154.5352	30.0194	212	68	2.1915	3.9413	20	0	1.1053	2.5186	12	0	142.297	23.062	206	68	1.1917	2.5955	16	0	0.2377	7	69.242	39.9686	151.6204	2.8984	677.1152	2884.4133
71_8_FITC.tif	ec9c65d9-6937-4939-81da-69d731e5b01f	Cell		Positive	Annotation	Polygon	62.42	1397.4	4.5559	13.01	0.3382	6.3	0.9664	NaN	16.16	404	9.0907	31	1	30	198.52	4963	8.0006	211	181	30	18.52	463	9.3725	31	1	30	52.3931	42.6432	0.3621	20.4698	3.9058	NaN	3.2784	6.9863	36	0	115.7451	75.219	211	5	3.8039	7.7195	35	0	1.8783	5.039	36	0	106.7478	73.7533	202	5	2.2043	5.5388	35	0	0.0815	3	24.1726	10.9762	55.0463	6.4953	167.1409	298.6914
71_8_FITC.tif	6f07d57b-1e23-4d52-ae26-5cba3bb27856	Cell		Positive	Annotation	Polygon	72.85	1400.8	15.5316	18.9527	0.5434	8.025	2.6081	NaN	2.2597	174	3.871	16	0	16	181.026	13939	15.7421	210	147	63	2.3506	181	4.1763	16	0	16	53.8427	38.8419	0.4485	17.415	4.4351	NaN	1.2235	2.6749	16	0	134.9697	41.1324	210	46	1.1856	2.8324	16	0	0.7968	1.835	10	0	116.0053	32.424	204	46	0.7059	1.8503	10	0	0.2647	7	33.8682	10.9762	135.8261	2.8984	198.9089	831.7636
71_8_FITC.tif	5e469d15-6e44-438d-8f03-dad522ec5bcb	Cell		Positive	Annotation	Polygon	59.05	1449.4	55.0852	72.1648	0.1329	30.3396	3.5477	NaN	1.974	531	3.7221	25	0	25	161.4907	43441	18.1558	191	113	78	2.5316	681	3.9166	24	0	24	212.8858	96.9828	0.2844	47.0356	6.2126	NaN	2.0058	3.8076	28	0	108.433	47.4928	191	12	1.1544	2.6588	24	0	2.0171	3.8397	28	0	89.6781	39.863	170	12	0.6675	1.8038	16	0	0.2566	4	54.693	54.7701	83.628	25.6039	428.9622	831.7636
71_8_FITC.tif	fd64192d-3d4a-4a58-a77c-949449fe1c84	Cell		Positive	Annotation	Polygon	108.47	1525.7	63.7829	58.0643	0.2377	23.2609	4.7338	NaN	10.5331	3339	10.9485	48	0	48	185.0599	58664	33.8057	240	92	148	12.0631	3824	12.4138	54	0	54	240.2214	84.2464	0.4253	40.0187	8.4372	NaN	3.4509	7.5188	48	0	96.0321	62.8022	240	22	3.6446	8.5287	54	0	0.655	1.9986	24	0	60.8867	26.1385	188	22	0.3213	1.3037	12	0	0.2692	9	302.1418	182.3557	896.1376	44.9759	10287.2705	42603.7969
71_8_FITC.tif	4e040540-2df7-45d7-b8c4-26bb759d527e	Cell		Positive	Annotation	Polygon	66.36	1531	18.4308	30.7071	0.2456	14.8165	2.1437	NaN	4.1505	386	5.5871	22	0	22	96.1613	8943	15.2596	123	58	65	3.8495	358	5.3425	22	0	22	111.8272	61.8152	0.3678	29.8043	5.5501	NaN	1.5083	3.1773	22	0	44.2394	32.5065	123	0	0.7753	2.6613	22	0	0.9622	2.0113	13	0	33.5089	23.538	111	0	0.14	0.5822	5	0	0.1655	6	75.812	71.0234	137.4245	14.639	241.8345	831.7636
71_8_FITC.tif	225af031-a7eb-49fc-a5f5-b1ac64c9c928	Cell		Positive	Annotation	Polygon	69.78	1547.8	47.8372	45.1357	0.2951	18.2871	4.0114	NaN	3.9661	936	5.0258	25	0	25	155.0678	36596	33.8416	210	56	154	3.9322	928	4.9974	25	0	25	159.6644	81.8492	0.2995	35.1062	7.0778	NaN	2.0969	4.372	27	0	81.5698	68.3539	217	1	2.2377	4.779	27	0	1.277	3.7753	27	0	49.329	52.9999	217	1	1.4944	4.4868	27	0	0.2969	4	55.4034	29.8074	151.6204	10.3783	840.1205	2884.4133
71_8_FITC.tif	b5d0f180-9c37-4f28-98d2-73ba39c518b9	Cell		Positive	Annotation	Polygon	70.35	1561.9	1.2425	5.6584	0.4877	2.4746	0.8475	NaN	2.8	28	2.9364	7	0	7	81.4	814	12.0388	96	62	34	2.1	21	2.9981	7	0	7	22.1583	22.456	0.5522	10.1892	2.6562	NaN	1.0909	1.9135	7	0	33.7727	21.0681	96	6	0.3545	1.2008	7	0	0.92	1.7096	6	0	29.01	14.9494	73	6	0.18	0.6572	4	0	0.0538	5	207.4732	50.7101	868.0002	10.3783	4710.9956	18598.5762
71_8_FITC.tif	27fb1747-ca9f-4c2b-be69-34e2c1b9e9d4	Cell		Positive	Annotation	Polygon	467.94	658.73	34.9978	49.9795	0.1761	21.4524	2.5657	NaN	7.2057	1261	11.6082	54	0	54	177.08	30989	29.5239	232	122	110	8.9886	1573	14.6236	74	0	74	153.8659	79.8088	0.3036	38.1321	5.8765	NaN	2.6846	6.6356	54	0	115.047	51.7767	232	13	2.9195	8.1687	74	0	1.2965	2.8547	19	0	96.0018	41.1328	208	13	1.0561	2.6548	19	0	0.2315	6	72.6195	64.6469	159.9992	2.7384	341.4922	997.994
71_8_FITC.tif	2d1738ea-f94a-42aa-a3ef-e9862094bd13	Cell		Positive	Annotation	Polygon	473.85	655.33	14.0819	20.2096	0.4333	9.0114	2.0642	NaN	1.3151	96	1.6062	6	0	6	168.8767	12328	16.3494	198	133	65	2.1918	160	3.0762	13	0	13	74.1373	53.7189	0.3228	25.8816	3.8071	NaN	1.0861	2.291	17	0	103.4472	45.3002	198	23	1.0972	2.5572	17	0	1.0279	2.4336	17	0	86.8049	33.7337	160	23	0.8188	2.3329	17	0	0.1857	6	42.3739	19.5802	159.8797	5.0282	421.8848	2022.8027
71_8_FITC.tif	acebbb00-025c-4371-9bf2-601b8be36e58	Cell		Positive	Annotation	Polygon	471.27	664.89	15.1174	28.1901	0.2391	13.6384	1.9205	NaN	8.6623	667	10.16	36	0	36	191.6364	14756	22.9088	225	137	88	10.8961	839	12.8428	46	0	46	42.0387	46.4548	0.2448	22.8217	2.485	NaN	3.5366	7.431	36	0	140.6098	50.5581	225	49	4.4732	9.3686	46	0	0.4531	1.1896	8	0	109.9141	35.5466	193	49	0.6094	1.4914	8	0	0.3689	3	4.6033	5.0282	6.0433	2.7384	5.8325	8.0857
71_8_FITC.tif	09a151ee-e5b6-4b72-9a77-63d66d427dbc	Cell		Positive	Annotation	Polygon	469.4	670.31	3.3134	12.6933	0.2584	6.135	0.9197	NaN	0.2778	5	0.4609	1	0	1	170.5556	3070	8.262	188	156	32	1.2778	23	1.9344	7	0	7	18.6379	30.5851	0.2504	14.8613	1.736	NaN	0.4468	0.8375	4	0	146	21.281	189	103	0.9149	1.6504	10	0	0.4868	0.9018	4	0	140.1842	19.1602	189	103	0.8289	1.5781	10	0	0.1771	6	57.8462	17.7037	170.5667	6.0433	1178.5861	6131.6274
71_8_FITC.tif	b1ff6e15-69e1-4277-9cbc-c87d9cb30d04	Cell		Positive	Annotation	Polygon	515.67	668.17	10.1473	17.5715	0.413	8.2463	1.5778	NaN	0.6667	34	1.0132	4	0	4	171.6667	8755	10.5312	187	149	38	1.2745	65	1.7672	8	0	8	61.712	48.9806	0.3232	23.5508	3.6477	NaN	0.9667	1.7423	12	0	117.0067	42.3767	187	25	0.8867	1.6703	11	0	1.0281	1.8522	12	0	105.8112	37.4495	171	25	0.8072	1.6421	11	0	0.1583	8	79.3435	26.9867	295.9839	4.1084	850.2801	2932.1399
71_8_FITC.tif	a858335d-052d-490c-a0d6-7df0f668be43	Cell		Positive	Annotation	Polygon	513.53	675.03	13.2536	26.5639	0.236	13.0765	1.4746	NaN	0.4412	30	0.8531	4	0	4	176.0882	11974	8.8634	190	154	36	0.75	51	1.5393	6	0	6	56.7419	59.3305	0.2026	28.9948	3.0548	NaN	0.4	1.0323	8	0	147.24	22.7415	190	103	0.4218	1.0586	6	0	0.3865	1.0863	8	0	137.7633	17.2449	186	103	0.314	0.8202	6	0	0.2287	4	9.8952	8.7491	18.6425	3.44	22.8433	29.4453
71_8_FITC.tif	160459e2-e433-42e3-a80f-921786d469b3	Cell		Positive	Annotation	Polygon	490.59	676.97	10.7685	16.582	0.4921	7.1514	2.352	NaN	7.7797	459	7.7794	26	0	26	123.9661	7314	17.6537	157	88	69	8.0508	475	7.7891	26	0	26	87.3909	53.4397	0.3845	24.9007	4.6751	NaN	1.9408	4.3601	26	0	63.3815	33.1333	157	8	1.6754	4.1836	26	0	0.9917	2.4399	17	0	53.5344	23.0509	115	8	0.6391	1.7126	12	0	0.1269	7	42.3669	25.0091	157.6883	4.0142	397.0146	1693.5819
71_8_FITC.tif	66c45c3b-39ac-41aa-9cfa-af9ae67750ce	Cell		Positive	Annotation	Polygon	511.46	678.78	6.0055	12.551	0.4791	5.8594	1.3372	NaN	0.3438	11	0.6016	2	0	2	170.2188	5447	5.3263	178	157	21	0.625	20	0.907	3	0	3	44.938	42.7439	0.3091	20.8879	3.1061	NaN	0.2557	0.5892	3	0	144.1416	16.3834	178	109	0.4521	0.9243	5	0	0.2406	0.5874	3	0	139.6791	13.1474	176	109	0.4225	0.9264	5	0	0.1257	4	20.7294	14.0126	51.4525	3.44	167.1849	399.8652
71_8_FITC.tif	e429606e-0c63-4599-a5d9-9363843ef1af	Cell		Positive	Annotation	Polygon	496.51	679.52	16.567	18.7315	0.5933	8.0031	2.4427	NaN	4.1341	339	5.1346	20	0	20	115.2683	9452	14.157	143	73	70	4.4268	363	5.5088	19	0	19	91.3255	52.4284	0.4175	24.0509	4.7987	NaN	1.3146	2.9424	20	0	66.9461	28.9029	143	19	1.1258	3.0384	19	0	0.6777	1.5849	9	0	56.0303	18.203	105	19	0.3802	1.2276	9	0	0.178	6	18.8242	17.607	48.2762	2.4155	95.9615	399.8652
71_8_FITC.tif	31d5be44-8254-47df-a63e-ce5d692c73ea	Cell		Positive	Annotation	Polygon	493.53	682.19	9.526	15.5366	0.4959	6.8463	2.0335	NaN	4.551	223	4.238	14	0	14	117.3673	5751	10.0555	134	91	43	4.551	223	4.1636	13	0	13	36.0332	44.3981	0.2297	21.5263	2.0709	NaN	1.7528	3.1579	14	0	80.9157	29.4658	134	25	1.6067	2.9863	13	0	0.6899	1.7084	8	0	67.0698	21.467	108	25	0.4884	1.1188	5	0	0.2576	3	18.212	4.0142	48.2064	2.4155	35.4437	58.2219
71_8_FITC.tif	8121b9bd-45af-48bd-b9e2-896d78e1bfe0	Cell		Positive	Annotation	Polygon	519.55	686.5	48.2514	38.6887	0.4051	17.2929	3.5855	NaN	1.4328	341	2.346	14	0	14	173.1555	41211	14.7981	199	133	66	1.4916	355	2.3702	14	0	14	186.7928	72.4897	0.4467	34.0545	7.1711	NaN	0.6501	1.6271	14	0	120.4614	38.6122	199	45	0.6976	1.6717	14	0	0.3713	1.1577	10	0	101.6871	24.5214	166	45	0.4147	1.2208	10	0	0.2565	8	57.0609	21.1848	175.1766	11.4537	545.1949	2032.1819
71_8_FITC.tif	231762bc-b580-4d01-be08-820908c794ef	Cell		Positive	Annotation	Polygon	538.24	684.36	24.6434	28.0638	0.3932	12.6609	2.7802	NaN	1.7016	211	2.2342	13	0	13	132.2984	16405	14.4498	154	88	66	2.2016	273	2.6838	13	0	13	109.5492	58.0795	0.4081	27.5978	6.3024	NaN	1.9436	3.2695	20	0	74.7387	44.4624	154	1	0.906	1.9365	13	0	2.0172	3.5235	20	0	57.2451	34.6399	139	1	0.5123	1.4314	11	0	0.2223	6	167.1698	24.1593	613.3472	7.6159	344.3969	1274.9237
71_8_FITC.tif	6db358cb-5a2b-472e-ab6e-c4f14070e8cf	Cell		Positive	Annotation	Polygon	542.17	694	9.3189	19.3602	0.3124	9.4325	1.3152	NaN	0.9796	48	1.6006	8	0	8	120.4082	5900	10.6554	135	91	44	2.0204	99	2.5535	8	0	8	50.3222	45.3906	0.3069	22.2042	3.1072	NaN	1.4251	2.4778	15	0	79.2875	30.8769	138	17	0.8623	1.8048	8	0	1.5354	2.6422	15	0	69.1111	25.2624	138	17	0.5758	1.4362	8	0	0.1825	5	220.5399	142.2266	605.7573	3.0307	2783.4617	7283.1392
71_8_FITC.tif	ab061abe-9f93-4060-a75b-d3db6e167bd9	Cell		Positive	Annotation	Polygon	539.81	702.12	8.9048	17.7819	0.3539	8.4996	1.5439	NaN	1.1702	55	1.9033	7	0	7	128.6383	6046	15.2806	155	98	57	0.8511	40	1.4443	6	0	6	42.4529	35.6581	0.4196	17.018	3.5958	NaN	5.8252	6.933	25	0	93.4757	22.5067	155	56	0.3398	0.9376	6	0	7.2013	7.2773	25	0	83.0818	10.6182	116	56	0.1887	0.6577	4	0	0.222	4	43.9049	16.5003	139.5885	3.0307	397.5779	1381.3917
71_8_FITC.tif	c54e1bc8-a8e7-4fa6-97b0-6af8faa56241	Cell		Positive	Annotation	Polygon	502.31	727.97	6.4197	15.0144	0.3579	7.2904	1.1728	NaN	7.3939	244	6.4756	23	0	23	93	3069	15.5543	118	62	56	6.7576	223	6.6475	23	0	23	85.32	50.2364	0.4248	24.0013	4.5559	NaN	1.4324	3.112	23	0	45.0121	21.9441	118	14	1.1353	3.0279	23	0	0.916	1.908	12	0	40.8556	16.9021	104	14	0.6483	1.8056	12	0	0.0704	8	75.5388	51.6353	138.529	45.0401	746.7953	2878.1018
71_8_FITC.tif	ef3a4f77-0f20-461a-bba6-1368fa3ec13c	Cell		Positive	Annotation	Polygon	492.9	833.89	18.0166	30.921	0.2368	13.835	2.3132	NaN	3.2391	298	3.5591	13	0	13	91.2717	8397	19.1519	121	47	74	3.25	299	3.5845	13	0	13	105.4075	63.8261	0.3252	30.9761	5.0795	NaN	1.4395	2.8354	18	0	42.9102	29.9435	121	6	1.0371	2.4408	17	0	1.0452	2.4873	18	0	32.3167	19.6924	101	6	0.5524	1.7789	17	0	0.1752	6	204.7937	164.1275	500.8108	6.689	6686.5312	30665.8926
71_8_FITC.tif	7d4bbedf-30c3-4990-9f91-8d44fddfd879	Cell		Positive	Annotation	Polygon	547.23	835.63	22.9867	33.2464	0.2613	12.3513	2.7199	NaN	0.9561	109	1.4476	6	0	6	148.0877	16882	13.8421	174	112	62	1.2895	147	1.9035	9	0	9	136.0564	58.3888	0.5015	27.1127	6.3297	NaN	0.8095	1.6509	11	0	105.1844	30.3317	174	55	1.1387	2.4996	16	0	0.7786	1.6902	11	0	96.1605	24.5846	160	55	1.107	2.608	16	0	0.165	5	134.0322	142.2266	212.5482	23.1747	2123.6868	7283.1392
71_8_FITC.tif	0db3da75-b6f8-4ba1-91f5-99b8be4e4989	Cell		Positive	Annotation	Polygon	496.3	843.01	16.7741	31.2989	0.2152	12.7079	2.4276	NaN	3.1977	275	3.4906	15	0	15	100.2093	8618	16.0537	129	64	65	3.1395	270	3.4782	15	0	15	98.1594	59.5109	0.3483	28.7456	4.616	NaN	0.9221	2.1525	15	0	51.4274	33.0585	129	2	0.9074	2.1307	15	0	0.419	1.2607	9	0	40.6427	25.1907	111	2	0.4139	1.2439	9	0	0.1656	4	166.9667	83.2601	494.6574	6.689	4050.561	12519.8975
71_8_FITC.tif	3131a42e-ec0d-4ac9-b3c5-049371ebf4b4	Cell		Positive	Annotation	Polygon	545.3	860.03	49.0797	40.8298	0.37	16.8885	4.9304	NaN	5.3169	1292	6.7734	38	0	38	183.786	44660	21.8862	223	123	100	7.9547	1933	9.221	47	0	47	199.8393	72.7539	0.4744	34.0115	8.476	NaN	1.8311	4.2185	38	0	125.4073	47.9591	223	33	2.7399	5.8119	47	0	0.6579	1.7093	16	0	105.759	37.1386	181	33	0.9848	2.0911	16	0	0.2516	7	261.1315	175.1766	762.3367	23.1747	13053.4854	42138.5273
71_8_FITC.tif	5acd265d-b246-42a0-b074-e183d3d4c0dc	Cell		Positive	Annotation	Polygon	656.67	1017.5	45.1451	46.3342	0.2643	20.9559	4.2096	NaN	9.4253	2083	8.6592	41	0	41	200.1041	44223	12.223	234	172	62	10.4208	2303	9.1453	40	0	40	206.6732	78.4138	0.4224	37.0697	7.936	NaN	2.6226	5.7044	41	0	140.9209	49.5626	234	27	3.026	6.1298	40	0	0.6902	1.914	16	0	124.1093	42.8204	198	27	0.9254	2.147	20	0	0.2191	9	397.0318	344.069	655.4067	194.0235	15599.0234	42138.5273
71_8_FITC.tif	0fdd5b21-4210-487a-b688-60cba3c3384f	Cell		Positive	Annotation	Polygon	779.52	1250.5	20.2946	32.9836	0.2344	13.7727	2.5554	NaN	1.3627	139	1.984	8	0	8	105.9902	10811	13.8853	134	70	64	1.4804	151	1.9586	7	0	7	109.7563	64.332	0.3333	31.0001	4.7021	NaN	0.8759	1.8492	11	0	65.2895	29.0101	134	9	0.7726	1.7593	11	0	0.7605	1.7989	11	0	55.6349	22.5611	118	9	0.6047	1.6675	11	0	0.1822	7	279.2137	263.1544	613.3472	3.0894	2791.1228	13046.9268
71_8_FITC.tif	3d36ab49-2fa4-44fa-ab4f-e7c27d674692	Cell		Positive	Annotation	Polygon	775.23	1250.9	11.804	21.9744	0.3072	7.4508	2.6909	NaN	2.1094	135	2.7781	12	0	12	105.2656	6737	14.5823	130	75	55	2.7031	173	3.5487	13	0	13	67.7176	46.4305	0.3947	21.6641	4.5481	NaN	1.5228	2.5316	12	0	67.234	25.5493	130	17	0.8602	2.131	13	0	1.3811	2.453	12	0	58.0491	18.0261	120	17	0.4151	1.2708	10	0	0.1802	4	114.598	96.0965	263.1096	3.0894	2623.9084	12389.9248
71_8_FITC.tif	5aff2c8a-7091-4abe-804b-66e62daa1eda	Cell		Positive	Annotation	Polygon	776.44	1262.6	3.3134	8.7682	0.5416	3.983	1.1515	NaN	1.5556	28	1.7226	5	0	5	98.5556	1774	6.528	106	85	21	1.5556	28	1.6529	5	0	5	25.8859	25.7413	0.4909	12.0135	3.0088	NaN	0.5969	1.4712	9	0	67.0543	16.9454	106	42	0.5194	1.4092	9	0	0.4414	1.373	9	0	61.9459	11.7828	92	42	0.3514	1.2979	9	0	0.128	3	64.6708	7.0779	181.6288	5.3057	83.5314	177.9783
71_8_FITC.tif	0b9e7c7f-aa3c-4dd7-baeb-8570666b2055	Cell		Positive	Annotation	Polygon	469.37	1335.1	8.9048	19.5422	0.293	9.086	1.4307	NaN	9.3878	460	9.0111	30	0	30	88.7551	4349	21.2088	122	54	68	9.3878	460	9.0825	30	0	30	97.9523	54.432	0.4154	26.0032	4.9477	NaN	1.3797	4.0888	30	0	30.3333	23.7994	122	3	1.2996	4.1181	30	0	0.4565	1.0918	10	0	23.5976	11.8758	76	3	0.3671	1.0714	10	0	0.0935	12	550.7277	533.7608	775.1066	297.6508	29481.7402	100394.9219
71_8_FITC.tif	c04275ca-e2bc-4af6-b9d0-87d9fff44869	Cell		Positive	Annotation	Polygon	765.51	1437.5	30.0277	40.5123	0.2299	13.882	3.8856	NaN	11.2533	1688	12.1695	49	0	49	199.3	29895	19.4276	243	154	89	13.94	2091	14.8121	62	0	62	130.0509	75.0072	0.2905	26.8797	7.4527	NaN	3.9604	7.9831	49	0	115.672	63.8411	243	19	4.2884	10.1064	62	0	1.6861	3.9837	28	0	89.5925	48.6324	222	19	1.2786	5.2691	60	0	0.2291	8	159.583	179.5455	434.8524	8.5999	4350.5972	20291.0664
71_8_FITC.tif	702ade15-b0a9-4a4e-b655-a1ea2a27906e	Cell		Positive	Annotation	Polygon	764.18	1451.1	8.6977	21.3143	0.2406	10.4148	1.4267	NaN	11.4318	503	8.3982	26	0	26	204.1591	8983	11.2186	221	181	40	15.5455	684	11.228	40	0	40	26.3001	34.6672	0.275	16.8761	2.6176	NaN	6.1527	8.1283	28	0	179.2366	30.7546	223	106	8.8397	11.3692	43	0	3.4828	6.5678	28	0	166.6322	29.8048	223	106	5.4483	9.8851	43	0	0.3145	3	60.4176	8.5999	169.0978	3.555	120.6476	182.6742
71_8_FITC.tif	39a7a31b-f813-4ea4-809e-ac44773e4804	Cell		Positive	Annotation	Polygon	766.25	1456.2	13.2536	24.8274	0.2702	12.207	1.6171	NaN	4.3429	304	4.5711	14	0	14	190.8857	13362	13.5546	210	156	54	5.5429	388	5.7349	21	0	21	58.8128	43.073	0.3984	20.6607	3.9317	NaN	1.7875	3.3008	15	0	132.2543	51.1423	210	28	2.7561	4.8085	24	0	0.9631	2.2254	15	0	113.341	43.9438	210	28	1.8571	4.0964	24	0	0.232	4	64.1978	43.4738	166.2887	3.555	730.7443	3042.0601
71_8_FITC.tif	695bd05e-a153-4bfb-b77d-2eaa4eef1652	Cell		Positive	Annotation	Polygon	57.48	1478.8	1.4496	6.0197	0.5027	2.9033	0.5389	NaN	0.625	5	1.7678	5	0	5	84.75	678	8.1897	99	74	25	0	0	0	0	0	0	36.0332	26.5622	0.6418	11.167	3.9338	NaN	5.4057	5.6151	24	0	62.9543	20.5138	122	26	0.2457	0.8038	4	0	5.6347	5.6359	24	0	61.9102	20.3537	122	26	0.2575	0.8211	4	0	0.0224	3	55.7882	58.4188	83.342	25.6039	91.8604	156.4317
71_8_FITC.tif	bcf9a12e-da98-44db-b3fd-25939aa2bac3	Cell		Positive	Annotation	Polygon	233.18	1688.8	13.0465	23.8319	0.2887	11.1824	1.9723	NaN	9.2769	603	9.514	31	0	31	98.4154	6397	27.9771	150	47	103	9.8308	639	10.2828	34	0	34	114.1051	58.6318	0.4171	28.0157	5.5604	NaN	1.788	4.5318	31	0	37.9746	26.3645	150	4	1.3986	4.7661	34	0	0.7885	1.6919	9	0	29.9076	11.4535	90	4	0.2731	1.0251	8	0	0.1111	8	478.8832	424.3716	875.9783	205.1989	43618.5273	100394.9219
71_8_FITC.tif	018b6cfe-3638-495b-bb34-276bbcfc3cf6	Cell		Positive	Annotation	Polygon	249.75	2008.6	6.4197	14.2342	0.3982	6.801	1.2497	NaN	10.1212	334	10.9395	35	0	35	75.3333	2486	19.4738	112	49	63	10.0606	332	10.8165	35	0	35	85.32	48.4766	0.4562	23.0137	4.9403	NaN	1.3632	4.2305	35	0	26.6199	17.7349	112	7	0.9685	4.086	35	0	0.6026	1.4465	9	0	22.3895	9.2375	58	7	0.1789	0.6694	5	0	0.0735	6	337.3402	328.1925	533.44	207.9053	21649.2598	32281.9785
71_8_FITC.tif	0ee73d16-d783-4bef-9359-f7d6c1fa2d36	Cell		Positive	Annotation	Polygon	209.89	2341.7	7.4551	13.8814	0.4862	6.5916	1.4718	NaN	19.0526	724	16.4743	58	0	58	110.0789	4183	24.6285	152	69	83	20.3947	775	16.2938	58	0	58	86.7696	48.6103	0.4614	23.0114	4.9687	NaN	2.6595	7.3832	58	0	29.0976	30.4432	152	1	2.1095	7.6131	58	0	1.0288	2.0304	15	0	21.0419	15.53	92	1	0.2906	1.1372	15	0	0.0748	5	425.3435	335.5401	822.9128	78.8774	19645.8613	42603.7969
71_8_FITC.tif	7e2b55a2-eff3-4c63-9b33-718afeac5fbd	Cell		Positive	Annotation	Polygon	422.51	2381.6	23.1938	25.8603	0.4358	8.8417	4.0153	NaN	6.5126	775	5.6206	26	0	26	114.6723	13646	26.1463	159	47	112	6.8067	810	6.2684	32	0	32	158.0077	57.6125	0.5982	25.1552	7.7545	NaN	1.7122	3.4649	26	0	55.3968	29.7303	159	16	1.3876	3.5767	32	0	0.8224	1.8296	14	0	44.4097	12.2041	98	16	0.3832	1.2134	12	0	0.1545	5	219.8943	169.2083	410.9332	102.5135	14856.6504	31612.7598
71_8_FITC.tif	c1b5c140-319e-4799-9dfd-d11d77f90228	Cell		Positive	Annotation	Polygon	188.51	2417.7	12.0111	18.8967	0.4227	9.0407	2.1372	NaN	14.7077	956	15.0507	53	0	53	121.1692	7876	35.2613	181	51	130	15.2923	994	14.7232	52	0	52	111.6201	53.3763	0.4923	25.0551	5.8355	NaN	2.45	7.0534	53	0	36.1037	37.5099	181	4	2.1704	7.1122	52	0	0.7726	1.6013	9	0	24.4632	17.4346	105	4	0.3747	1.1865	9	0	0.1168	4	509.7768	532.0462	896.1376	78.8774	12813.3457	18598.5762
71_8_FITC.tif	4713ffbc-ac2a-4b45-a9ef-fec3a63b5b9e	Cell		Positive	Annotation	Polygon	392.85	2492.2	5.3843	11.0908	0.5501	4.918	1.4792	NaN	11.7667	353	11.8196	37	0	37	66.3	1989	21.8729	106	30	76	11.8	354	11.583	37	0	37	83.6633	45.5764	0.5061	21.0301	4.9701	NaN	2.2079	4.6154	37	0	16.7351	16.8562	106	1	1.1906	4.4343	37	0	1.4412	2.0531	9	0	12.7594	7.5066	46	1	0.3396	1.0171	6	0	0.0668	4	87.0448	86.1105	114.5162	61.442	1974.8857	4246.0459
71_8_FITC.tif	cb814dba-ca83-499b-ba35-5942e59bfd44	Cell		Positive	Annotation	Polygon	347.03	2533.2	7.2481	13.0984	0.5309	6.0007	1.4215	NaN	12.3514	457	14.0361	53	0	53	82.3513	3047	23.6657	129	48	81	12.4324	460	13.9175	53	0	53	85.7342	47.467	0.4782	22.0262	4.763	NaN	1.601	5.5039	53	0	24.5986	21.1	129	3	1.4303	5.4286	53	0	0.5515	1.4418	9	0	18.9604	8.7805	54	3	0.3562	0.9497	5	0	0.0771	6	222.9708	182.6502	533.44	61.442	12865.6904	27110.8477
71_8_FITC.tif	c854ac0b-9f26-4bea-b98b-9f89e0ee82df	Cell		Positive	Annotation	Polygon	779.87	1524.9	5.5914	12.3651	0.4596	5.8421	1.199	NaN	11.4643	321	11.9675	36	0	36	69.3929	1943	20.0709	106	36	70	11.4286	320	11.9301	36	0	36	79.1074	46.6536	0.4567	22.006	4.5559	NaN	1.4241	4.4666	36	0	20.4921	16.412	106	1	1.1518	4.4092	36	0	0.6299	1.3966	8	0	16.6243	7.4315	46	1	0.339	1.0284	6	0	0.0596	5	244.3069	107.246	678.8012	75.0058	4424.6831	13636.9199
71_8_FITC.tif	e50a1102-a14d-4994-8c55-f52053e1bab1	Cell		Positive	Annotation	Polygon	713.02	1608.9	34.9978	40.9246	0.2626	17.9166	3.5218	NaN	1.1897	207	1.8322	9	0	9	117.6034	20463	21.532	160	67	93	1.2471	217	1.8316	9	0	9	180.7873	72.0012	0.4382	34.0547	7.4073	NaN	0.7377	1.6496	12	0	67.8889	32.2283	160	19	0.5716	1.3962	12	0	0.6252	1.5824	12	0	55.5136	20.3271	120	19	0.4034	1.209	12	0	0.196	7	277.1077	169.0978	593.1815	107.246	12860.1641	40849.2148
71_8_FITC.tif	38f47da3-5b90-47ab-a735-ae27a8e3249c	Cell		Positive	Annotation	Polygon	549.36	1619.1	19.052	27.2049	0.3235	11.9123	2.8779	NaN	1.3646	131	2.0781	11	0	11	167.8021	16109	10.5617	191	138	53	1.7083	164	2.132	11	0	11	96.9169	48.9462	0.5084	21.0638	6.2126	NaN	1.183	2.2021	17	0	107.134	49.5999	191	21	1.1468	2.2053	19	0	1.1364	2.2331	17	0	91.5615	43.2952	170	21	1.0027	2.2035	19	0	0.194	5	348.6919	297.6508	762.3367	13.9533	16932.5859	42138.5273
71_8_FITC.tif	992ccd1b-cba9-4f4e-954a-de86a7060cfa	Cell		Positive	Annotation	Polygon	549.94	1638.5	24.8505	39.1792	0.2034	17.7598	2.7587	NaN	0.4876	59	0.9842	5	0	5	161.8595	19585	7.5898	174	136	38	1.0413	126	1.7243	8	0	8	124.0453	64.6293	0.3732	29.5888	6.2126	NaN	0.9417	2.0499	13	0	127.97	30.9082	174	60	0.9983	1.9625	12	0	1.0564	2.2264	13	0	119.4092	28.6097	167	60	0.9875	2.0197	12	0	0.1945	5	259.0662	311.1846	541.0074	13.9533	12613.3984	27861.9023
71_8_FITC.tif	2e46acda-b117-4832-86b2-22b070fbfe86	Cell		Positive	Annotation	Polygon	580.3	1668.7	57.9845	54.6	0.2444	22.4936	4.07	NaN	0.6184	175	1.2893	10	0	10	154.2862	43663	15.7734	179	113	66	1.0742	304	1.5453	10	0	10	221.5835	81.6588	0.4176	39.043	7.6771	NaN	0.8599	1.8966	15	0	108.9608	35.6452	179	31	0.7806	1.6659	15	0	0.9467	2.0656	15	0	92.6827	25.1846	154	31	0.6751	1.6957	15	0	0.2645	5	281.87	145.7195	655.4067	45.3174	18854.1426	40849.2148
71_8_FITC.tif	8750a73d-3b29-4e37-8aa5-f0cee37b1105	Cell		Positive	Annotation	Polygon	472	2008.5	7.041	13.2197	0.5063	4.9251	2.0489	NaN	3.2162	119	3.6373	18	0	18	94.5676	3499	11.8662	114	72	42	3.2162	119	3.5912	18	0	18	56.5349	35.3189	0.5695	15.6774	4.8668	NaN	1.6642	2.6208	18	0	45.1423	30.1135	114	10	0.7117	1.9198	18	0	1.4219	2.3432	10	0	37.4262	24.1813	112	10	0.3207	1.0768	7	0	0.117	7	189.7585	43.0163	676.4602	6.1222	8810.6865	27861.9023
71_8_FITC.tif	a50a94ab-f42c-4981-92f8-fa922c6c27f6	Cell		Positive	Annotation	Polygon	468.65	2015.7	5.1772	15.6629	0.2652	7.6677	0.9275	NaN	3.3333	100	4.9919	21	0	21	111.3	3339	11.1916	125	84	41	3.7	111	4.9281	21	0	21	33.5482	33.4643	0.3765	15.9226	3.0886	NaN	2.0542	3.8506	21	0	59.3614	36.8475	125	9	1.2892	3.3953	21	0	1.7721	3.5108	19	0	47.9044	30.014	122	9	0.7574	2.7012	19	0	0.1542	5	18.1273	11.872	35.8977	1.7898	30.4416	82.4035
71_8_FITC.tif	46782785-61c7-4530-ab07-98918f80dfe1	Cell		Positive	Annotation	Polygon	470.96	2017.6	8.6977	14.1613	0.545	6.3533	2.0228	NaN	1.2174	56	2.1178	9	0	9	126.8043	5833	8.323	141	105	36	1.1957	55	2.0507	9	0	9	12.4252	18.9349	0.4355	8.3837	2.2714	NaN	0.9524	1.8959	9	0	122.6825	12.2867	141	83	0.8889	1.8238	9	0	0.2353	0.7524	3	0	111.5294	14.4617	136	83	0.0588	0.2425	1	0	0.7069	4	6.5911	5.986	12.6029	1.7898	7.0174	9.9698
71_8_FITC.tif	39c99ab7-52c4-4407-b657-ad15249b799f	Cell		Positive	Annotation	Polygon	472.83	2024	10.1473	19.9058	0.3218	9.5789	1.7057	NaN	1.8519	100	2.884	15	0	15	125.0556	6753	25.3112	157	71	86	2.1481	116	2.9805	15	0	15	41.6246	36.2385	0.3983	17.2309	4.0682	NaN	1.2184	2.4367	15	0	65.1796	44.5042	157	13	0.6699	1.826	15	0	0.9934	2.2242	11	0	43.9079	26.9533	142	13	0.1447	0.5914	4	0	0.2443	6	185.6455	101.0245	453.3184	5.8497	4499.9497	25434.4277
71_8_FITC.tif	b992d11e-acab-4e60-9977-da32d0f10b2d	Cell		Positive	Annotation	Polygon	469.29	2033.4	25.0576	28.4875	0.388	12.494	3.349	NaN	2.9512	363	3.5247	15	0	15	137.4472	16906	30.8851	185	73	112	3.2114	395	3.5719	15	0	15	101.2657	50.3601	0.5018	23.5775	6.0849	NaN	1.3448	2.5397	15	0	65.8357	49.8161	185	11	0.9533	2.2819	15	0	0.8108	1.8293	11	0	42.0297	26.7548	162	11	0.2027	0.6783	5	0	0.246	6	91.2387	18.0972	438.8896	7.0588	774.7501	3888.3193
71_8_FITC.tif	5a5b9490-367e-42ab-9c4b-89a7b2c278c4	Cell		Positive	Annotation	Polygon	452.68	2061.8	73.9302	71.2919	0.1828	29.0768	4.3618	NaN	1.4211	513	2.4619	12	0	12	110.6482	39944	17.1358	159	70	89	1.7258	623	2.6582	14	0	14	197.9755	118.0863	0.1784	44.5354	8.0117	NaN	1.1394	2.3147	17	0	70.6743	39.655	159	2	1.0177	2.2339	17	0	0.97	2.2062	17	0	46.6233	28.3076	126	2	0.5917	1.8075	17	0	0.3747	3	14.6361	13.5474	18.0272	12.3337	14.6403	25.0554
71_8_FITC.tif	040402c4-0814-4375-be51-233481c3d570	Cell		Positive	Annotation	Polygon	457.01	2048	8.4906	20.5193	0.2534	9.803	1.2891	NaN	6.9149	325	8.137	27	0	27	107.5106	5053	18.3444	140	72	68	6.9362	326	8.1518	27	0	27	61.9191	53.0718	0.2763	25.8803	3.2645	NaN	1.8239	4.4958	27	0	58.9136	32.8302	140	9	1.6047	4.4527	27	0	0.8819	2.4946	15	0	49.9213	26.3998	97	9	0.6181	2.2737	15	0	0.1338	5	21.1002	23.5915	33.9178	3.0347	63.7413	173.0927
71_8_FITC.tif	bfe417e6-7c5a-4aee-9a91-e7b24a99ae11	Cell		Positive	Annotation	Polygon	452.73	2048	4.763	13.9775	0.3064	6.8118	0.9406	NaN	1.5417	37	1.8411	6	0	6	91.7917	2203	6.5871	104	76	28	1.4583	35	1.8411	6	0	6	23.1938	29.0478	0.3454	14.018	2.3466	NaN	1.3913	2.5086	12	0	59.0174	29.2446	104	11	0.6696	1.5768	8	0	1.3516	2.6641	12	0	50.3736	26.6503	94	11	0.4615	1.44	8	0	0.1973	8	183.9979	39.457	715.5267	3.0347	13714.1133	81658.2969
71_8_FITC.tif	bb847fc0-19c6-422c-8ad5-4d5bea1ad602	Cell		Positive	Annotation	Polygon	452.53	2085.2	19.8804	31.2842	0.2553	15.1918	1.8747	NaN	3.0206	293	5.248	30	0	30	103.6495	10054	12.5458	122	67	55	3.1546	306	5.2606	30	0	30	89.2547	49.4779	0.4582	23.2916	5.1718	NaN	1.6198	3.4381	30	0	55.5484	33.9363	122	4	1.0991	3.1058	30	0	1.2166	2.5757	14	0	41.7033	24.0618	105	4	0.5074	1.7184	13	0	0.2175	7	148.5419	53.4176	388.9001	18.0272	6028.1094	31612.7598
71_8_FITC.tif	81c702db-0b00-4912-abb9-f00ea490c246	Cell		Positive	Annotation	Polygon	585.73	2175.4	73.1018	58.0655	0.2725	24.5568	4.6685	NaN	3.3165	1184	4.8457	24	0	24	152.9888	54617	26.9365	200	92	108	4.479	1599	4.6547	24	0	24	263.4151	89.0595	0.4173	41.2009	8.1338	NaN	2.7687	4.2567	24	0	83.5972	51.7817	200	13	1.6853	3.3579	24	0	2.5547	3.9857	21	0	56.4934	28.7861	171	13	0.5941	1.73	18	0	0.2807	7	430.996	506.3282	678.8012	190.1753	18163.3809	33739.5508
71_8_FITC.tif	4d557051-2016-42b1-a7dd-24052bf0b48a	Cell		Positive	Annotation	Polygon	475.34	2467.6	10.7685	23.2388	0.2506	10.5781	1.7651	NaN	4.6667	252	4.5016	19	0	19	92.4074	4990	10.9691	113	67	46	1.8704	101	2.2989	10	0	10	79.3145	54.6821	0.3333	25.9853	4.8079	NaN	5.9199	5.5104	23	0	56.5581	19.1954	113	24	0.7028	1.6358	12	0	6.1231	5.6366	23	0	50.7447	12.8941	100	24	0.5135	1.4176	12	0	0.1329	6	244.9845	245.7068	445.5975	7.9133	3120.8591	9374.8047
71_8_FITC.tif	cd772574-71b5-4c71-a5bd-ef4fa61c9860	Cell		Positive	Annotation	Polygon	478.25	2478.8	14.289	24.7238	0.2938	11.8302	2.0045	NaN	7.2329	528	5.1975	23	0	23	99.0274	7229	13.6829	126	66	60	3.6301	265	4.9287	24	0	24	89.6688	55.0455	0.3719	26.6581	5.2067	NaN	6.8917	6.1812	28	0	56.9309	23.5968	126	24	0.9677	2.5644	24	0	6.8227	6.3658	28	0	48.4183	14.1513	95	24	0.4294	1.1504	7	0	0.1582	5	201.942	142.2576	453.3184	7.9133	6884.7026	25434.4277
