Image	Name	Class	Parent	ROI	Centroid X µm	Centroid Y µm	Nucleus: Area	Nucleus: Perimeter	Nucleus: Circularity	Nucleus: Max caliper	Nucleus: Min caliper	Nucleus: Eccentricity	Nucleus: Red mean	Nucleus: Red sum	Nucleus: Red std dev	Nucleus: Red max	Nucleus: Red min	Nucleus: Red range	Nucleus: Green mean	Nucleus: Green sum	Nucleus: Green std dev	Nucleus: Green max	Nucleus: Green min	Nucleus: Green range	Nucleus: Blue mean	Nucleus: Blue sum	Nucleus: Blue std dev	Nucleus: Blue max	Nucleus: Blue min	Nucleus: Blue range	Cell: Area	Cell: Perimeter	Cell: Circularity	Cell: Max caliper	Cell: Min caliper	Cell: Eccentricity	Cell: Red mean	Cell: Red std dev	Cell: Red max	Cell: Red min	Cell: Green mean	Cell: Green std dev	Cell: Green max	Cell: Green min	Cell: Blue mean	Cell: Blue std dev	Cell: Blue max	Cell: Blue min	Cytoplasm: Red mean	Cytoplasm: Red std dev	Cytoplasm: Red max	Cytoplasm: Red min	Cytoplasm: Green mean	Cytoplasm: Green std dev	Cytoplasm: Green max	Cytoplasm: Green min	Cytoplasm: Blue mean	Cytoplasm: Blue std dev	Cytoplasm: Blue max	Cytoplasm: Blue min	Nucleus/Cell area ratio	Delaunay: Num neighbors	Delaunay: Mean distance	Delaunay: Median distance	Delaunay: Max distance	Delaunay: Min distance	Delaunay: Mean triangle area	Delaunay: Max triangle area
72C_5_FITC.tif	Positive	Positive	PathAnnotationObject	Polygon	550.74	97.87	3.1371	6.7916	0.8547	2.4162	1.8549	0.5809	9.4	94	11.296	38	0	38	47.8	478	16.3354	84	32	52	9.4	94	11.296	38	0	38	83.1344	33.4452	0.9339	11.8722	8.7186	0.6364	1.1127	3.1841	38	0	18.1221	10.9529	84	2	0.5775	3.0868	38	0	0.7044	1.1779	5	0	16.6601	8.2623	35	2	0.1429	0.5211	3	0	0.0373	5	132.4447	109.5654	309.0818	6.5574	3332.7915	8194.54
72C_5_FITC.tif	Positive	Positive	PathAnnotationObject	Polygon	559.41	99.07	5.0979	8.4633	0.8944	2.9991	2.0009	0.7081	5.4667	82	8.4757	31	0	31	46.2	693	12.9074	81	31	50	6.3333	95	9.1157	33	0	33	90.9773	35.4005	0.9123	12.5161	9.2288	0.6234	1.2681	2.8645	31	0	17.3745	11.654	81	5	0.6426	2.8644	33	0	0.9818	1.6987	12	0	15.4091	8.5835	54	5	0.2545	1.0419	12	0	0.051	3	91.0821	81.5989	185.09	6.5574	1774.5171	3346.6372
72C_5_FITC.tif	Positive	Positive	PathAnnotationObject	Polygon	416.99	165.87	4.7057	7.3357	1	2.4701	2.1818	0	5.8462	76	6.6061	19	0	19	43.7692	569	13.0713	67	30	37	5.5385	72	6.7282	19	0	19	109.408	37.1204	0.9978	12.2764	11.2718	0.2573	0.9643	2.0211	19	0	15.9321	7.3766	67	7	0.35	1.8391	19	0	0.7266	1.046	5	0	14.5768	3.1066	26	7	0.0974	0.3547	2	0	0.032	6	137.0314	144.8687	174.0615	79.1975	5518.0659	10218.8877
72C_5_FITC.tif	Positive	Positive	PathAnnotationObject	Polygon	602.78	167.39	3.9214	8.7112	0.6494	3.2677	2.0436	0.8438	6.4	96	9.9413	31	0	31	45.7333	686	17.1192	84	26	58	5.6667	85	10.2655	31	0	31	119.6038	39.0583	0.9852	13.2611	11.8442	0.4031	1.6275	3.0145	31	0	21.2092	7.4672	84	12	0.4052	2.5644	31	0	1.3814	1.8834	9	0	19.945	3.4327	34	12	0.134	0.5686	4	0	0.0384	5	79.2358	81.5989	117.6379	37.7139	1833.5392	3346.6372
72C_5_FITC.tif	Positive	Positive	PathAnnotationObject	Polygon	258.01	193.67	5.0979	8.0625	0.9855	2.9612	2.164	0.5058	4.4667	67	6.4682	20	0	20	38.9333	584	13.0956	65	21	44	4.5333	68	6.5123	20	0	20	114.5059	38.0127	0.9958	12.8813	11.2718	0.3818	0.6075	1.8707	20	0	11.1229	7.786	65	3	0.3584	1.8012	20	0	0.3993	0.8512	4	0	9.6223	3.3309	23	3	0.1331	0.5309	4	0	0.0381	7	134.2132	100.6596	309.0818	34.3116	2061.3999	5904.1289
72C_5_FITC.tif	Positive	Positive	PathAnnotationObject	Polygon	717.57	193.43	4.7057	7.3357	1	2.4701	2.1818	0	45.4615	591	41.0358	109	0	109	153.4615	1995	41.1514	207	101	106	40.8462	531	35.8698	96	0	96	109.408	37.1204	0.9978	12.2764	11.2718	0.2573	3.775	12.7035	109	0	23.1536	32.305	207	3	1.9357	11.3742	96	0	1.7453	2.0581	8	0	16.809	12.1639	72	3	0.0412	0.2339	2	0	0.032	5	106.6365	84.0548	185.09	71.2599	2622.9446	3346.6372
72C_5_FITC.tif	Positive	Positive	PathAnnotationObject	Polygon	587.25	201.96	7.8429	11.5016	0.745	4.2765	2.6761	0.7619	21.5833	518	7.4245	31	6	25	45.5417	1093	6.283	57	32	25	0.3333	8	0.8681	3	0	3	134.1131	41.4935	0.9789	14.1813	11.8981	0.4856	10.1366	8.0644	31	0	30.5436	11.6718	57	5	0.1017	0.4301	3	0	9.2781	7.4401	28	0	29.4188	11.2001	49	5	0.0844	0.3744	3	0	0.0564	6	104.7941	100.8408	174.0615	37.7139	4665.4731	10218.8877
72C_5_FITC.tif	Positive	Positive	PathAnnotationObject	Polygon	173.76	221.14	10.5879	13.3309	0.7487	5.557	2.9971	0.8	9.7241	282	10.6834	39	0	39	98.3793	2853	29.5301	148	45	103	10.1034	293	10.4381	39	0	39	111.3687	42.6475	0.7695	15.1452	11.3447	0.6578	1.1424	4.4679	39	0	24.0451	28.7252	148	2	1.1146	4.4959	39	0	0.1815	0.7837	10	0	15.722	11.5157	75	2	0.1081	0.7496	11	0	0.0924	4	46.9229	48.292	87.4114	3.6963	75.62	158.193
72C_5_FITC.tif	Positive	Positive	PathAnnotationObject	Polygon	180.86	222.71	2.3529	5.4153	1	1.8847	1.542	0.6325	4.625	37	4.8385	13	0	13	45.75	366	14.8973	66	29	37	4.625	37	4.8385	13	0	13	49.4101	26.3083	0.8971	10.255	6.4394	0.7757	0.9688	1.8269	13	0	14.6719	9.963	66	4	0.4766	1.7477	13	0	0.725	1.1074	4	0	12.6	4.8601	39	4	0.2	0.8054	5	0	0.0429	6	52.859	63.8978	84.0947	3.6963	813.4816	1828.3831
72C_5_FITC.tif	Positive	Positive	PathAnnotationObject	Polygon	243.51	224.74	3.1371	6.3716	0.9711	2.1881	1.7621	0.5809	28.9	289	37.7784	83	0	83	86.4	864	51.917	154	35	119	28.9	289	37.7784	83	0	83	105.4866	36.4053	1	11.8718	11.2718	0.2037	1.417	8.7867	83	0	12.5683	18.3077	154	1	1.1845	8.7924	83	0	0.364	0.7806	5	0	9.7395	6.0885	39	1	0.1226	0.4475	3	0	0.0251	4	58.6615	50.3639	99.6066	34.3116	1392.0576	1691.6655
72C_5_FITC.tif	Positive	Positive	PathAnnotationObject	Polygon	155.1	228.7	10.1957	13.7683	0.6759	5.2848	3.2902	0.7934	4.7188	151	8.0412	31	0	31	58.8125	1882	24.6844	115	20	95	4.6875	150	8.054	31	0	31	152.1517	44.3678	0.9713	15.1691	13.0121	0.5004	0.838	2.7409	31	0	17.1054	15.3333	115	3	0.4679	2.6374	31	0	0.4902	1.0402	6	0	13.3669	5.7281	46	3	0.0896	0.4342	5	0	0.0699	8	46.4761	47.3628	67.0228	21.4518	436.3828	1276.7194
72C_5_FITC.tif	Positive	Positive	PathAnnotationObject	Polygon	641.73	229.51	3.5293	6.1742	1	2.1852	1.7194	0	25.1	251	29.0954	83	0	83	91.3	913	37.6919	157	44	113	27.2	272	29.0394	85	0	85	103.918	36.258	0.9933	12.0375	10.6456	0.3219	1.4098	7.1792	83	0	14.2556	17.762	157	2	1.1203	7.449	85	0	0.4844	0.903	5	0	11.2461	5.9874	40	2	0.1016	0.431	3	0	0.0228	5	73.9048	73.1982	99.7915	51.4918	2239.4417	3055.907
72C_5_FITC.tif	Positive	Positive	PathAnnotationObject	Polygon	101.56	240.93	13.3329	16.032	0.6519	6.7321	3.156	0.876	1.2895	49	2.5565	11	0	11	55.9211	2125	14.3478	81	30	51	1.2632	48	2.5647	11	0	11	117.2509	43.1545	0.7912	17.0428	9.5382	0.8364	1.5479	2.3955	11	0	27.5016	15.2853	81	5	0.2112	1.0237	11	0	1.5849	2.3744	11	0	23.4264	10.2711	53	5	0.0604	0.3079	3	0	0.1081	7	51.6245	27.4594	162.4966	5.3968	84.5094	158.193
72C_5_FITC.tif	Positive	Positive	PathAnnotationObject	Polygon	108.92	243.48	14.5093	15.5905	0.7501	6.2115	3.1274	0.8582	0.825	33	1.4302	5	0	5	50.8	2032	8.7213	69	32	37	0.8	32	1.5225	6	0	6	74.1151	34.2673	0.7932	13.3728	7.9704	0.8123	1.2812	1.9534	8	0	29.5625	15.4898	69	6	0.2031	0.7896	6	0	1.4013	2.0564	8	0	23.9737	11.5294	53	6	0.0461	0.2659	2	0	0.1705	6	15.4212	9.6241	49.6853	5.3968	60.7811	208.4489
72C_5_FITC.tif	Positive	Positive	PathAnnotationObject	Polygon	396.41	242.34	4.7057	7.1041	1	2.3099	2.1902	0	14.25	171	20.5962	49	0	49	71.5833	859	30.2278	116	42	74	14.5833	175	20.3892	49	0	49	107.8395	36.7448	1	11.8852	11.2718	0.1195	1.9384	5.1529	49	0	23.4348	13.4378	116	7	0.6993	5.0525	49	0	1.3788	1.6707	7	0	21.2462	6.3255	43	7	0.0682	0.3308	2	0	0.0306	5	64.8685	58.8571	87.2047	48.2173	1692.9995	3181.0989
72C_5_FITC.tif	Positive	Positive	PathAnnotationObject	Polygon	75.61	249.1	15.2936	16.0679	0.7444	5.4293	4.1085	0.6109	1.3556	61	2.6385	10	0	10	52.2667	2352	16.4419	82	23	59	1.3778	62	2.6739	10	0	10	122.7409	42.447	0.8561	15.357	9.6798	0.7621	0.6127	1.4173	10	0	16.7302	17.1904	82	3	0.219	1.1257	10	0	0.4889	1.048	6	0	10.8074	7.3662	52	3	0.0259	0.2183	3	0	0.1315	5	42.885	28.4539	122.4963	4.11	169.3184	515.5804
72C_5_FITC.tif	Positive	Positive	PathAnnotationObject	Polygon	111.65	249.79	10.1957	11.0532	1	3.833	3.1165	0.5349	4.4815	121	3.8667	14	0	14	85.8889	2319	15.5819	115	61	54	4.1481	112	4.0922	14	0	14	28.2343	23.0516	0.6677	9.0706	5.0698	0.8053	3.2533	3.8206	14	0	52.8267	29.1568	115	5	1.5333	3.138	14	0	2.5625	3.6548	10	0	34.2292	14.9328	75	5	0.0625	0.32	2	0	0.2938	3	5.4984	4.7828	7.1591	4.5532	12.4407	17.0751
72C_5_FITC.tif	Positive	Positive	PathAnnotationObject	Polygon	117.83	250.06	10.5879	11.9088	0.9382	4.3011	3.141	0.7522	4.0345	117	3.5505	14	0	14	60.3448	1750	12.2015	81	38	43	1.8621	54	2.5735	8	0	8	85.8794	35.9791	0.8337	13.0555	8.8232	0.7093	3.0446	3.6528	15	0	21.5893	18.0773	81	3	0.308	1.1671	8	0	2.8974	3.6538	15	0	15.8256	9.8101	50	3	0.0769	0.4417	4	0	0.1101	5	15.8504	10.3545	44.4179	4.5532	93.1274	245.2728
72C_5_FITC.tif	Positive	Positive	PathAnnotationObject	Polygon	99.87	253.53	19.9993	17.7612	0.7967	7.0525	3.5055	0.8594	1.6	88	2.7729	11	0	11	64.2909	3536	15.3124	91	37	54	1.6182	89	2.7588	11	0	11	112.9373	41.2581	0.8337	15.4027	11.0617	0.6953	0.4932	1.4395	11	0	26.726	22.5091	91	3	0.3493	1.3652	11	0	0.2363	0.6663	4	0	18.0084	12.8805	54	3	0.0549	0.3073	2	0	0.1691	8	12.9742	11.7876	21.6005	6.3012	53.2608	124.8533
72C_5_FITC.tif	Positive	Positive	PathAnnotationObject	Polygon	81.23	254.62	7.8429	11.2267	0.7819	4.4534	2.4431	0.8048	0.0455	1	0.2132	1	0	1	40.0455	881	5.8185	48	27	21	0.0909	2	0.4264	2	0	2	84.3108	36.2755	0.8051	14.5606	7.522	0.856	0.5	1.1165	6	0	17.3349	12.4432	51	4	0.1789	0.8315	6	0	0.551	1.1646	6	0	14.7857	10.1948	51	4	0.1888	0.8653	6	0	0.09	6	19.2376	22.0483	26.5646	4.11	91.7444	124.8533
72C_5_FITC.tif	Positive	Positive	PathAnnotationObject	Polygon	108.67	254.68	7.8429	11.1352	0.7949	4.2805	2.8367	0.6496	3.087	71	4.4915	16	0	16	62.3913	1435	11.5827	85	41	44	2.7391	63	4.5649	16	0	16	47.0572	27.5546	0.7788	10.3341	6.4944	0.8415	0.6613	2.2483	16	0	26.7661	22.3101	85	3	0.5484	2.2099	16	0	0.1089	0.3435	2	0	18.6535	14.9776	57	3	0.0495	0.2599	2	0	0.161	6	9.5145	8.8754	15.8072	4.7828	38.7399	97.3317
72C_5_FITC.tif	Positive	Positive	PathAnnotationObject	Polygon	338.54	253.86	1.9607	4.6921	1	1.6733	1.2825	0.7651	12.8333	77	10.4579	25	0	25	38.1667	229	14.8784	54	19	35	14.8333	89	10.3811	28	0	28	95.683	34.6527	1	11.5143	10.6456	0.2076	0.8408	2.6464	25	0	10.6857	6.9473	54	3	0.4531	2.7526	28	0	0.5397	1.0796	5	0	9.9958	5.0314	23	3	0.0921	0.3994	3	0	0.0121	6	83.9595	96.753	117.7555	32.979	2240.5986	5904.1289
72C_5_FITC.tif	Positive	Positive	PathAnnotationObject	Polygon	685.23	256.81	10.5879	13.3459	0.747	5.7628	2.5205	0.8678	1.1667	35	2.0356	8	0	8	35.1	1053	8.3598	52	21	31	1.5333	46	2.255	9	0	9	147.4459	43.7164	0.9695	15.5574	12.0422	0.6217	0.516	1.1999	8	0	13.8059	9.2591	52	3	0.2739	0.9997	9	0	0.4595	1.0847	7	0	11.9595	6.668	44	3	0.1647	0.7135	8	0	0.0693	7	119.0592	127.0318	182.2016	51.4918	4611.2275	8629.6426
72C_5_FITC.tif	Positive	Positive	PathAnnotationObject	Polygon	755.91	258.08	5.0979	7.3977	1	2.5659	2.1159	0.5058	21	273	20.5142	68	0	68	91.1538	1185	30.6046	149	46	103	23	299	22.4425	72	0	72	109.408	37.126	0.9975	12.3455	11.2718	0.2572	1.4179	6.1435	68	0	12.4786	20.2063	149	0	1.1357	6.7167	72	0	0.4644	0.9741	6	0	8.6479	8.2919	41	0	0.0712	0.3105	2	0	0.0352	4	114.4401	114.0607	158.9547	70.6842	2927.6184	5400.188
72C_5_FITC.tif	Positive	Positive	PathAnnotationObject	Polygon	122.25	259.81	8.235	9.9171	1	3.5176	2.8974	0.4042	7.5455	166	9.0276	32	0	32	61.3636	1350	22.4998	105	34	71	7.5455	166	8.8948	31	0	31	120.388	39.1078	0.9892	12.9209	11.7622	0.3838	1.1104	3.2498	32	0	12.2175	15.5963	105	2	0.6266	3.0373	31	0	0.6154	1.3888	8	0	8.4371	4.8919	32	2	0.0944	0.3576	2	0	0.0582	7	30.9252	30.9173	57.4485	11.0695	409.6275	1276.7194
72C_5_FITC.tif	Positive	Positive	PathAnnotationObject	Polygon	244.99	260.65	14.5093	15.5052	0.7584	6.2004	2.9807	0.8864	5.1026	199	9.0052	32	0	32	56.359	2198	18.197	99	27	72	5.4103	211	8.9405	32	0	32	156.4652	45.2949	0.9584	15.5223	11.8981	0.6182	0.9825	3.2546	32	0	14.3641	16.4643	99	1	0.7132	3.2179	32	0	0.5387	1.0811	6	0	9.8398	7.3791	49	1	0.2072	0.6477	4	0	0.082	6	82.3447	85.3314	116.9044	36.0365	2552.6406	6475.9526
72C_5_FITC.tif	Positive	Positive	PathAnnotationObject	Polygon	96.05	266.09	12.5486	14.0094	0.8035	4.8978	3.5031	0.6694	4.3056	155	6.2006	26	0	26	60.4722	2177	17.9308	92	29	63	4.4167	159	6.3082	26	0	26	86.6637	39.8841	0.6846	14.2407	9.104	0.8651	1.027	3.1015	26	0	22.8288	20.5212	92	1	1	3.1494	26	0	0.3925	1.3118	10	0	15.543	10.636	51	1	0.3387	1.2685	10	0	0.1468	6	13.5116	10.7464	27.7584	5.0918	68.5897	193.3967
72C_5_FITC.tif	Positive	Positive	PathAnnotationObject	Polygon	101.05	263.42	5.49	8.5825	0.9366	3.2234	2.2961	0.6842	3.7333	56	5.2436	17	0	17	35.1333	527	9.9561	56	23	33	3.6667	55	5.9482	18	0	18	29.4108	25.8516	0.553	10.805	4.4755	0.8908	0.8608	2.6493	17	0	16.3797	11.1956	56	4	0.7089	2.9051	18	0	0.1875	0.3934	1	0	11.9844	5.4583	33	4	0.0156	0.125	1	0	0.1482	3	6.529	5.0918	11.2388	3.2566	16.3349	27.9785
72C_5_FITC.tif	Positive	Positive	PathAnnotationObject	Polygon	87.83	264.93	7.8429	11.8182	0.7056	4.6859	2.2923	0.8906	2.9091	64	5.6053	22	0	22	37.4545	824	13.063	71	23	48	2.8182	62	5.4392	21	0	21	98.0359	36.1907	0.9406	12.4538	10.0738	0.4961	0.4802	1.8755	22	0	13.1349	11.1372	71	3	0.369	1.7905	21	0	0.2478	0.5943	3	0	10.8087	7.6191	31	3	0.1348	0.4117	2	0	0.0743	5	13.8767	14.9353	16.7665	6.7706	70.7114	124.8533
72C_5_FITC.tif	Positive	Positive	PathAnnotationObject	Polygon	106.36	265.32	5.49	8.2192	1	3.0113	2.2353	0.6114	5.7333	86	6.7767	20	0	20	47.0667	706	13.5355	67	28	39	5.9333	89	6.9639	21	0	21	65.8801	30.1671	0.9097	11.2252	7.3331	0.7458	0.5291	2.528	20	0	10.3663	12.8204	67	2	0.6105	2.6123	21	0	0.0318	0.1762	1	0	6.8599	4.6732	31	2	0.1019	0.3787	2	0	0.0683	7	15.8398	12.4453	29.5056	3.2566	102.7986	256.6773
72C_5_FITC.tif	Positive	Positive	PathAnnotationObject	Polygon	79.65	273.79	7.4507	10.286	0.8849	3.7152	2.6388	0.6589	2.619	55	4.1289	15	0	15	48.381	1016	11.5865	69	30	39	2.6667	56	4.1753	15	0	15	72.1544	32.1316	0.8782	11.4765	8.0357	0.7092	0.6667	1.6854	15	0	14.8201	15.3363	69	0	0.5503	1.7023	15	0	0.4226	0.7853	3	0	10.625	9.4531	46	0	0.2857	0.7353	4	0	0.0955	6	11.5407	9.8423	22.4961	3.9805	49.1729	107.8998
72C_5_FITC.tif	Positive	Positive	PathAnnotationObject	Polygon	71.04	276.3	8.235	10.7431	0.8966	3.9214	2.7965	0.6346	1.4545	32	3.0508	10	0	10	34.6364	762	8.748	55	24	31	1.4545	32	3.1431	11	0	11	52.5472	27.3647	0.8818	10.2357	7.024	0.596	0.5797	1.4887	10	0	14.9493	11.4728	55	3	0.2319	1.3416	11	0	0.4138	0.8755	4	0	11.2155	7.3907	31	3	0	0	0	0	0.14	6	13.0348	7.1698	28.4539	3.7151	36.5681	96.0918
72C_5_FITC.tif	Positive	Positive	PathAnnotationObject	Polygon	83.72	278.65	7.8429	11.2394	0.7802	3.9247	2.5976	0.75	0.4583	11	1.1788	4	0	4	34.875	837	4.6747	45	27	18	0.4583	11	1.1788	4	0	4	39.9986	27.7346	0.6534	11.1058	5.6129	0.8939	0.4476	1.1765	8	0	23.7238	9.1247	45	5	0.2952	1.0735	8	0	0.4444	1.1832	8	0	20.4198	7.321	40	5	0.2469	1.0432	8	0	0.2056	5	13.0158	16.2791	19.9561	3.9805	65.921	193.3967
72C_5_FITC.tif	Positive	Positive	PathAnnotationObject	Polygon	360.57	278.46	7.0586	9.6945	0.9438	3.6355	2.3355	0.7471	4.7895	91	6.2501	20	0	20	47.3158	899	13.7034	74	34	40	4.7368	90	6.2168	20	0	20	122.3488	39.5209	0.9844	13.294	11.2718	0.448	0.8019	2.1362	20	0	13.3099	10.694	74	3	0.345	1.9388	20	0	0.5442	1.1668	8	0	11.1122	5.5143	41	3	0.0612	0.5446	8	0	0.0486	7	109.9969	116.9044	196.1678	32.979	4634.7798	10459.0371
72C_5_FITC.tif	Positive	Positive	PathAnnotationObject	Polygon	64.31	280.83	5.8822	9.0058	0.9114	3.814	1.8501	0.8448	3.625	58	4.2564	12	0	12	36.875	590	10.9354	57	18	39	3.6875	59	4.3007	12	0	12	72.5465	32.9004	0.8422	13.0887	7.0064	0.8412	0.4011	1.6013	12	0	8.5187	10.073	57	1	0.4064	1.6249	12	0	0.0994	0.3703	2	0	5.8655	4.2078	26	1	0.0994	0.3859	2	0	0.0601	8	32.5615	22.1209	92.1069	2.1238	203.8292	878.3801
72C_5_FITC.tif	Positive	Positive	PathAnnotationObject	Polygon	68.51	281.11	1.5686	4.8367	0.8426	1.8584	1.1795	0	6.1667	37	5.3821	15	0	15	38.3333	230	7.607	49	30	19	5.1667	31	5.1153	13	0	13	2.745	5.8956	0.9924	2.1525	1.6133	0.3531	5.1111	4.7813	15	0	33.8889	8.9923	49	24	3.6667	4.6368	13	0	3	3	6	0	25	1	26	24	0.6667	0.5774	1	0	0.6156	3	3.486	3.7151	4.619	2.1238	4.5001	8.2957
72C_5_FITC.tif	Positive	Positive	PathAnnotationObject	Polygon	190.38	283.61	16.8622	16.0922	0.8183	6.2485	3.944	0.7574	4.9149	231	6.2618	25	0	25	66.8298	3141	23.2157	107	21	86	5.0213	236	6.2258	24	0	24	169.7981	46.9404	0.9684	16.0289	13.1505	0.5635	1.0092	2.6335	25	0	12.8106	21.1448	107	1	0.6397	2.5666	24	0	0.5337	1.004	7	0	6.2332	6.1384	44	1	0.1062	0.3627	2	0	0.0956	6	68.6576	64.3682	99.7124	25.0782	1476.3632	2929.1685
72C_5_FITC.tif	Positive	Positive	PathAnnotationObject	Polygon	71.46	284.43	10.98	13.7314	0.7318	4.6919	3.7734	0.3135	1.5938	51	2.4078	10	0	10	42.8438	1371	10.1062	64	26	38	1.5938	51	2.4078	10	0	10	45.8808	28.606	0.7046	12.0718	5.9744	0.8596	0.8926	2.0889	13	0	24.6942	14.816	64	5	0.8512	2.1239	13	0	0.6404	1.9143	13	0	18.1685	10.0252	48	5	0.5843	1.9587	13	0	0.2385	6	6.928	6.7847	10.7379	4.619	17.2019	31.5634
72C_5_FITC.tif	Positive	Positive	PathAnnotationObject	Polygon	81.28	285.72	22.7443	22.2859	0.5755	8.4387	4.891	0.762	0.6667	42	1.5862	7	0	7	40.6349	2560	10.1239	59	18	41	0.7143	45	1.6306	7	0	7	103.1337	39.9628	0.8115	13.757	11.2784	0.6085	0.3783	0.9902	7	0	15.9738	16.7342	59	0	0.236	0.9056	7	0	0.2892	0.6946	3	0	8.3578	9.413	40	0	0.0882	0.4117	3	0	0.2343	5	9.5208	8.1744	17.9916	5.4808	37.044	71.3642
72C_5_FITC.tif	Positive	Positive	PathAnnotationObject	Polygon	113.82	288.04	6.2743	8.7851	1	3.155	2.4391	0.5863	1.3333	24	2.2229	6	0	6	42.7778	770	7.059	56	31	25	1.8889	34	2.3235	7	0	7	77.2523	32.5303	0.9174	11.7758	8.7923	0.6264	0.6667	1.4399	6	0	23.4378	11.3894	56	4	0.4876	1.2534	7	0	0.6011	1.3299	6	0	21.5355	9.8621	46	4	0.3497	1.0044	6	0	0.0728	8	17.4535	17.4359	30.9173	4.9622	112.8951	256.6773
72C_5_FITC.tif	Positive	Positive	PathAnnotationObject	Polygon	407.34	289.32	3.1371	6.1368	1	2.3022	1.5551	0.5477	17.1	171	21.0895	62	0	62	57.4	574	28.9067	112	22	90	17.9	179	20.968	63	0	63	103.918	36.2589	0.9933	12.332	10.6456	0.3881	1.2594	5.1068	62	0	7.0226	11.6703	112	1	0.8083	5.1561	63	0	0.6406	1.0863	6	0	5.0547	2.9381	26	1	0.1406	0.4556	3	0	0.0213	5	80.5452	58.0967	146.5841	48.1004	2161.0684	3284.4412
72C_5_FITC.tif	Positive	Positive	PathAnnotationObject	Polygon	73.65	292.07	5.8822	8.3775	1	2.9726	2.3866	0.4619	1.9375	31	2.1438	6	0	6	39.5625	633	10.2954	55	23	32	2	32	2.2211	6	0	6	70.978	31.0634	0.9244	11.3139	8.6367	0.6452	0.5628	1.2903	8	0	13.3169	12.7365	59	1	0.3115	1.1465	8	0	0.4311	1.1003	8	0	10.8024	9.7735	59	1	0.1497	0.8333	8	0	0.0703	6	18.662	14.28	46.7534	7.0021	137.3467	282.4406
72C_5_FITC.tif	Positive	Positive	PathAnnotationObject	Polygon	562.64	290.57	3.1371	6.1368	1	2.3022	1.5551	0.5477	10.9	109	12.5384	43	0	43	56.7	567	18.2455	97	32	65	10.6	106	12.2402	42	0	42	103.918	36.2589	0.9933	12.332	10.6456	0.3881	0.7895	3.1516	43	0	23.1805	10.7158	97	5	0.4812	3.0396	42	0	0.3945	0.78	3	0	21.8711	7.8612	35	5	0.0859	0.3763	3	0	0.0213	6	102.9274	98.7701	135.9825	64.8936	3867.6128	8629.6426
72C_5_FITC.tif	Positive	Positive	PathAnnotationObject	Polygon	119.61	292.27	8.235	10.7725	0.8918	4.1687	2.44	0.763	1	23	1.7838	6	0	6	36.6087	842	6.0583	49	27	22	1.087	25	1.8319	6	0	6	50.1944	27.3928	0.8406	10.1507	6.6534	0.7465	0.3692	0.9815	6	0	23.3	8.6917	49	6	0.2846	0.942	6	0	0.2336	0.6381	3	0	20.4393	6.134	35	6	0.1121	0.4623	3	0	0.1503	4	7.5117	6.3797	12.5109	4.7765	20.585	28.5632
72C_5_FITC.tif	Positive	Positive	PathAnnotationObject	Polygon	93.94	291.9	5.0979	8.1535	0.9636	2.8173	2.3368	0.5058	1.7333	26	2.7377	9	0	9	46.6667	700	9.3095	62	32	30	2.4667	37	3.2484	9	0	9	75.2915	33.9438	0.8212	12.9229	7.9634	0.7536	0.8513	1.7508	10	0	13.6359	14.618	62	1	0.5897	1.525	9	0	0.7778	1.6326	10	0	10.8833	11.2147	62	1	0.4333	1.1728	9	0	0.0545	8	19.9622	20.2215	29.5056	3.1346	112.44	256.6773
72C_5_FITC.tif	Positive	Positive	PathAnnotationObject	Polygon	167.68	294.52	8.6272	11.6338	0.801	4.6672	2.7214	0.7961	6.08	152	7.4996	27	0	27	60.28	1507	21.8852	106	29	77	6.56	164	7.3489	27	0	27	134.1131	41.5533	0.976	14.4736	11.8981	0.5139	0.8455	2.5983	27	0	12.9184	15.3893	106	2	0.6501	2.6146	27	0	0.434	0.8333	5	0	9.195	5.3325	37	2	0.1855	0.5618	3	0	0.0631	9	60.7267	57.4485	100.3963	25.0782	1025.3235	2111.4509
72C_5_FITC.tif	Positive	Positive	PathAnnotationObject	Polygon	97.91	296.37	7.0586	9.5944	0.9636	3.4759	2.4296	0.5732	4	80	5.7124	21	0	21	57.55	1151	16.2755	86	30	56	4.55	91	5.8891	22	0	22	57.2529	32.4953	0.6813	13.4794	5.6088	0.9189	0.9128	2.5093	21	0	21.3087	17.4274	86	3	0.698	2.6271	22	0	0.4341	0.8464	4	0	15.6899	8.6492	45	3	0.1008	0.3922	3	0	0.1103	5	14.9503	18.1407	23.3924	3.1346	69.2141	130.4135
72C_5_FITC.tif	Positive	Positive	PathAnnotationObject	Polygon	465.02	296.44	19.215	18.241	0.7257	6.3177	4.9551	0.7265	1.6852	91	1.9602	7	0	7	42.6111	2301	4.7122	51	32	19	0.2407	13	0.9098	6	0	6	181.9546	48.4261	0.975	16.1348	14.4029	0.3098	0.6228	1.2462	7	0	28.1832	10.0282	51	6	0.1185	0.5429	6	0	0.4829	1.0447	6	0	26.2829	8.9365	45	6	0.1024	0.4735	5	0	0.1066	7	93.591	87.2047	154.3201	37.7451	3364.4392	10218.8877
72C_5_FITC.tif	Positive	Positive	PathAnnotationObject	Polygon	128.78	294.66	5.49	10.6043	0.6135	3.6765	2.7478	0.7527	1.2105	23	2.1494	7	0	7	37.1579	706	7.2974	52	26	26	1.2105	23	2.1494	7	0	7	83.5266	36.0991	0.8055	13.0828	8.8667	0.7088	0.3704	1.3266	12	0	17.2176	9.9704	52	4	0.2685	1.2983	12	0	0.2893	1.1963	12	0	15.2944	7.8672	45	4	0.1777	1.1535	12	0	0.0694	6	20.0681	14.621	37.7299	3.8857	180.3069	698.4829
72C_5_FITC.tif	Positive	Positive	PathAnnotationObject	Polygon	111.6	298.1	8.6272	11.487	0.8216	4.6056	2.4429	0.8615	1.6538	43	3.334	12	0	12	35.7692	930	5.9753	50	25	25	1.6538	43	3.322	12	0	12	58.8215	30.5311	0.793	12.2975	6.6818	0.8258	0.7632	1.752	12	0	18.4079	11.0029	50	2	0.3421	1.5142	12	0	0.5794	1.1339	4	0	14.8254	7.967	35	2	0.0714	0.3617	3	0	0.1412	5	10.6025	7.7972	23.2229	6.3829	23.9302	36.4349
72C_5_FITC.tif	Positive	Positive	PathAnnotationObject	Polygon	119.39	300.16	8.235	10.6433	0.9135	4.0771	2.6073	0.7938	3.1304	72	4.5458	15	0	15	42.5217	978	12.1501	65	27	38	3.4348	79	4.5709	16	0	16	69.0173	31.3515	0.8824	11.3205	8.3638	0.5546	0.9718	2.2498	15	0	18.548	11.7666	65	4	0.6441	2.1724	16	0	0.6494	1.4304	10	0	14.9675	6.2239	44	4	0.2273	1.0386	10	0	0.1174	5	10.9405	12.0107	17.0849	4.7765	26.3086	43.2853
72C_5_FITC.tif	Positive	Positive	PathAnnotationObject	Polygon	133.87	299.06	9.8036	13.6752	0.6588	4.6659	3.6117	0.7547	1.6897	49	3.0249	10	0	10	40.4828	1174	9.7491	61	25	36	1.6207	47	2.9449	9	0	9	65.0958	34.7985	0.6755	13.9158	6.8272	0.8894	0.6213	1.5192	10	0	17.5207	13.5888	61	1	0.4556	1.4879	9	0	0.4	0.8118	4	0	12.7643	8.4407	38	1	0.2143	0.7661	4	0	0.1508	4	15.031	10.2826	35.673	3.8857	59.1696	112.381
72C_5_FITC.tif	Positive	Positive	PathAnnotationObject	Polygon	104.69	300.1	13.725	13.764	0.9104	5.5549	2.9657	0.8226	2.4722	89	3.2026	12	0	12	50.7778	1828	13.0167	79	25	54	2.4444	88	3.1208	11	0	11	95.2909	38.0975	0.825	13.3771	10.0209	0.6568	0.6122	1.5709	12	0	19.2857	15.2657	79	3	0.4122	1.4868	11	0	0.2919	0.6836	4	0	13.8612	6.6067	42	3	0.0622	0.341	3	0	0.1314	5	16.5856	13.4604	28.9518	6.3829	102.6606	293.9798
72C_5_FITC.tif	Positive	Positive	PathAnnotationObject	Polygon	78.58	305.28	21.96	18.0043	0.8513	6.6609	4.3828	0.7704	10.8305	639	5.4903	20	0	20	43.8475	2587	11.4888	67	20	47	1.3559	80	2.6442	12	0	12	169.7981	47.2684	0.955	16.0162	14.2658	0.3674	3.7195	5.0248	20	0	16.3471	14.151	67	0	0.2299	1.0957	12	0	2.6037	3.9185	18	0	12.0319	8.584	37	0	0.0532	0.2778	2	0	0.1308	6	24.27	21.022	37.9035	12.299	154.381	282.4406
72C_5_FITC.tif	Positive	Positive	PathAnnotationObject	Polygon	133.76	307.04	8.235	11.3374	0.8051	4.4677	2.4365	0.8509	2.5	60	4.0109	14	0	14	37.0417	889	10.6219	59	18	41	2.5	60	3.9232	14	0	14	99.6044	37.8712	0.8727	13.7521	9.9594	0.6856	0.5938	1.68	14	0	12.8633	10.3477	59	1	0.4805	1.5767	14	0	0.3966	1.0476	7	0	10.3621	6.3203	34	1	0.2716	0.8626	7	0	0.0831	9	42.2197	35.882	73.5052	6.3102	512.185	1425.7367
72C_5_FITC.tif	Positive	Positive	PathAnnotationObject	Polygon	500.68	308.98	10.1957	13.3456	0.7194	5.409	2.835	0.8589	20.1667	605	20.0208	70	0	70	123.3	3699	41.4797	197	42	155	22	660	20.8376	72	0	72	145.8774	43.6489	0.9622	15.3534	12.5243	0.5658	2.0858	7.8074	70	0	23.9812	32.7121	197	5	1.8445	8.341	72	0	0.5044	1.062	7	0	15.2945	8.7802	61	5	0.0816	0.3232	2	0	0.0688	4	83.5401	72.3053	151.8045	37.7451	3113.3674	5831.6885
72C_5_FITC.tif	Positive	Positive	PathAnnotationObject	Polygon	86.13	315.94	12.9407	16.4867	0.5983	6.7129	2.6506	0.9435	2.9459	109	4.2554	15	0	15	44.7568	1656	13.801	78	27	51	2.9189	108	4.2517	15	0	15	155.681	45.7742	0.9337	16.5529	11.8981	0.7097	2.594	3.4365	15	0	17.5038	12.7858	78	1	0.3734	1.6082	15	0	2.558	3.3467	13	0	14.7182	8.7939	43	1	0.1133	0.5628	7	0	0.0802	7	35.3064	36.3384	51.5199	12.299	421.6913	1249.8826
72C_5_FITC.tif	Positive	Positive	PathAnnotationObject	Polygon	49.74	327.99	5.8822	9.8437	0.7628	3.9472	2.0664	0.8527	1.1053	21	1.7605	5	0	5	33.8947	644	9.2909	49	18	31	1.1053	21	1.8528	6	0	6	59.998	29.3492	0.8753	11.115	7.607	0.6928	0.6306	1.1891	5	0	11.9682	11.1685	49	1	0.2675	0.8725	6	0	0.5652	1.0804	5	0	8.9493	7.4052	43	1	0.1522	0.5524	3	0	0.099	6	25.4359	21.9684	52.3075	4.1543	123.9354	282.4406
72C_5_FITC.tif	Positive	Positive	PathAnnotationObject	Polygon	43.87	335.17	14.1172	14.0993	0.8924	4.7912	4.096	0.4736	1.025	41	2.2925	11	0	11	42.15	1686	9.7127	65	24	41	1.025	41	2.2925	11	0	11	99.6044	36.8028	0.9241	13.7221	9.3317	0.7142	0.2874	1.0853	11	0	12.5906	14.8139	65	1	0.2323	1.0317	11	0	0.1495	0.5618	4	0	7.0654	6.9738	38	1	0.0841	0.4024	4	0	0.1453	6	32.0801	37.4069	57.7518	4.1366	320.0434	878.3801
72C_5_FITC.tif	Positive	Positive	PathAnnotationObject	Polygon	56.97	334.3	11.7643	13.5184	0.809	5.4852	2.6598	0.8598	2.9375	94	3.784	12	0	12	49.0625	1570	11.2248	69	21	48	2.9062	93	3.7619	12	0	12	82.3501	32.9999	0.9503	11.8105	9.0009	0.6357	0.5962	1.8136	12	0	13.5117	16.9457	69	1	0.4648	1.7791	12	0	0.1823	0.5109	3	0	7.2265	7.2179	36	1	0.0331	0.2082	2	0	0.1362	7	32.5668	37.15	50.5918	4.5471	316.5878	785.5776
72C_5_FITC.tif	Positive	Positive	PathAnnotationObject	Polygon	51.13	337.9	8.235	11.6709	0.7597	4.9346	2.1755	0.8875	0.5909	13	1.098	3	0	3	35.8636	789	10.9774	50	13	37	0.5455	12	1.101	3	0	3	36.4693	26.0699	0.6743	10.0011	5.7537	0.8641	0.701	1.5011	6	0	14.9897	14.0472	50	2	0.1856	0.6009	3	0	0.7333	1.6052	6	0	8.8667	7.3656	35	2	0.08	0.2731	1	0	0.1849	4	15.6161	4.3507	49.6263	4.1366	57.9121	111.2119
72C_5_FITC.tif	Positive	Positive	PathAnnotationObject	Polygon	6.416	349.28	12.5486	14.1327	0.7895	5.4433	3.1752	0.8619	1.2121	40	1.9487	8	0	8	44.8182	1479	8.844	64	31	33	1.1212	37	1.9326	8	0	8	83.1344	35.1068	0.8476	13.8679	8.1408	0.7949	0.5047	1.2093	8	0	20.2336	14.0064	64	4	0.2664	0.949	8	0	0.3757	0.9731	5	0	15.7514	9.3398	44	4	0.1105	0.4932	4	0	0.1459	6	46.7324	27.6097	122.4963	3.8599	267.0563	878.3801
72C_5_FITC.tif	Positive	Positive	PathAnnotationObject	Polygon	13.86	354.9	12.5486	16.0824	0.6097	6.5476	2.84	0.8793	1.05	42	1.9209	7	0	7	37.075	1483	8.4985	55	20	35	0.75	30	1.6602	7	0	7	71.7623	34.6832	0.7497	13.1529	7.3921	0.833	0.4486	1.1367	7	0	17.4649	12.575	55	3	0.1622	0.8247	7	0	0.2828	0.7236	4	0	12.0552	6.7974	33	3	0	0	0	0	0.1958	3	6.7484	6.7118	7.0784	6.455	8.3841	12.7175
72C_5_FITC.tif	Positive	Positive	PathAnnotationObject	Polygon	21.96	354.5	12.9407	14.1134	0.8164	5.8506	2.98	0.8496	1.5278	55	2.7515	10	0	10	34.5278	1243	8.9554	55	16	39	1.4722	53	2.7618	10	0	10	108.6237	38.3521	0.928	14.3921	10.0141	0.6899	0.4731	1.3024	10	0	10.8172	10.8783	55	2	0.2186	1.1247	10	0	0.3169	0.8146	4	0	7.3045	5.3217	31	2	0.0329	0.2856	4	0	0.114	6	26.1053	23.0126	48.0345	6.455	211.3936	694.1333
72C_5_FITC.tif	Positive	Positive	PathAnnotationObject	Polygon	5.374	357.28	7.4507	10.1249	0.9133	3.5282	2.8911	0.4929	0.619	13	1.3593	5	0	5	35.5238	746	6.2739	44	23	21	0.4762	10	1.1233	4	0	4	64.3115	30.0958	0.8922	11.528	7.6065	0.7172	0.3473	0.969	6	0	14.7305	10.5622	44	5	0.0898	0.4634	4	0	0.3082	0.8988	6	0	11.7397	7.1178	37	5	0.0342	0.217	2	0	0.1064	5	31.4	13.3683	77.3863	3.8599	260.7223	971.3433
72C_5_FITC.tif	Positive	Positive	PathAnnotationObject	Polygon	85.41	364.9	14.5093	15.2406	0.785	6.3617	3.0629	0.8702	3.6667	143	3.0204	11	0	11	40.4359	1577	8.2806	56	26	30	1.3846	54	2.2315	8	0	8	129.4073	43.5913	0.8558	15.6708	10.3922	0.7507	1.4066	2.2663	11	0	16.1145	12.2787	56	2	0.4488	1.3577	10	0	1.1058	1.9652	10	0	12.8771	8.5122	42	2	0.3242	1.1441	10	0	0.1031	4	28.8352	29.4244	49.5595	6.9324	326.7509	785.5776
72C_5_FITC.tif	Positive	Positive	PathAnnotationObject	Polygon	93.52	365.34	9.4114	11.7934	0.8503	4.353	3.2183	0.6541	3.1724	92	4.7963	16	0	16	55.1724	1600	14.8302	86	35	51	3.2759	95	4.7577	16	0	16	65.8801	34.3037	0.7035	13.255	7.6878	0.8141	0.9474	2.4138	16	0	22.1813	17.455	86	5	0.5906	2.2898	16	0	0.493	1.1093	6	0	15.4437	7.3548	43	5	0.0423	0.2019	1	0	0.1473	5	30.8218	17.9091	73.3012	4.4463	332.2968	1249.8826
72C_5_FITC.tif	Positive	Positive	PathAnnotationObject	Polygon	98.16	370.34	7.0586	9.2248	1	3.2674	2.4267	0.5732	1.7368	33	3.1241	10	0	10	36.2105	688	7.0283	52	26	26	1.6842	32	3.1279	10	0	10	79.213	34.64	0.8296	13.1422	7.8856	0.7869	1.1773	1.9443	10	0	13.399	9.6986	52	2	0.2167	1.1399	10	0	1.1196	1.7824	8	0	11.0435	6.2741	39	2	0.0652	0.4746	4	0	0.0674	7	30.0078	24.616	73.5052	4.4463	303.1146	1425.7367
72C_5_FITC.tif	Positive	Positive	PathAnnotationObject	Polygon	236.75	371.42	3.5293	7.269	0.8394	2.6591	1.748	0.6658	6.25	75	9.3723	23	0	23	38.5833	463	15.1565	65	24	41	6.0833	73	9.12	22	0	22	109.8002	37.39	0.987	12.6936	11.241	0.3463	0.9537	2.4322	23	0	17.1246	7.3869	65	5	0.331	2.2073	22	0	0.7175	1.1239	5	0	16.1673	5.1032	27	5	0.0743	0.3589	2	0	0.0298	8	85.167	90.1824	154.8898	26.0623	3033.2693	10459.0371
72C_5_FITC.tif	Positive	Positive	PathAnnotationObject	Polygon	78.24	376.33	10.1957	12.8455	0.7765	5.1083	3.0192	0.794	4.0667	122	5.1658	17	0	17	48.4667	1454	15.4267	81	23	58	3.4333	103	5.45	17	0	17	141.1716	42.51	0.9817	14.4857	12.5243	0.4364	2.4862	3.3924	17	0	18.953	13.8594	81	1	0.4365	1.8823	17	0	2.3434	3.1569	16	0	16.2861	10.1273	47	1	0.1657	0.6118	5	0	0.0731	6	23.6243	18.9696	48.9748	12.4615	228.0992	676.9733
72C_5_FITC.tif	Positive	Positive	PathAnnotationObject	Polygon	458.85	376.98	3.5293	6.4554	1	2.4015	1.6529	0.6658	16.3	163	19.8665	55	0	55	63.2	632	24.5393	110	40	70	16.8	168	19.4981	55	0	55	103.918	36.2509	0.9937	11.8728	10.6456	0.3176	1.5564	4.8865	55	0	14.7218	12.2578	110	3	0.6617	4.8125	55	0	0.9805	1.4238	6	0	12.8281	6.2555	35	3	0.0312	0.1955	2	0	0.0262	6	90.1593	80.4951	151.4815	61.9304	2986.3135	5831.6885
72C_5_FITC.tif	Positive	Positive	PathAnnotationObject	Polygon	136.18	378.57	12.9407	13.716	0.8644	5.4539	2.6311	0.8764	3.9697	131	5.8335	28	0	28	54.4545	1797	16.1266	96	30	66	3.8485	127	5.8956	28	0	28	146.2695	43.2818	0.9812	14.8751	11.8981	0.5852	0.8418	2.2787	28	0	17.1769	14.8283	96	3	0.4853	2.1833	28	0	0.5382	1.2004	8	0	13.5588	8.2662	49	3	0.1588	0.8612	7	0	0.0816	7	44.391	40.4824	89.7531	19.2095	725.023	2111.4509
72C_5_FITC.tif	Positive	Positive	PathAnnotationObject	Polygon	115.83	379.18	8.6272	12.2189	0.7261	5.1037	2.1167	0.9078	2.2	55	3.2787	12	0	12	44.2	1105	13.1403	70	24	46	4.88	122	6.8149	23	0	23	94.8987	39.6439	0.7588	14.7569	8.1362	0.8571	0.8811	1.6649	12	0	14.0984	13.3866	70	2	0.7172	2.9658	23	0	0.7306	1.2977	7	0	10.6621	8.0603	51	2	0.242	1.5741	22	0	0.0901	3	15.4073	20.5386	22.1761	3.5072	67.7132	137.809
72C_5_FITC.tif	Positive	Positive	PathAnnotationObject	Polygon	211.95	379.3	4.3136	7.8864	0.8715	2.8356	2.0612	0.6847	7.4667	112	8.1492	22	0	22	51	765	16.5529	77	30	47	7.4	111	8.2098	22	0	22	75.6837	32.5167	0.8995	12.0875	8.0529	0.7314	0.7846	2.9784	22	0	17.2974	11.6111	77	6	0.6256	2.9686	22	0	0.2278	0.6057	3	0	14.4889	4.6443	33	6	0.0611	0.337	2	0	0.05	5	52.3745	34.3677	99.7124	4.1735	860.1752	1669.2395
72C_5_FITC.tif	Positive	Positive	PathAnnotationObject	Polygon	50.84	384.18	7.0586	10.3873	0.8221	4.2294	1.9768	0.8848	10.5263	200	12.1991	42	0	42	51.4211	977	25.3055	103	15	88	10.8421	206	12.6107	42	0	42	125.8781	40.2423	0.9768	13.7994	11.2718	0.5537	1.0464	3.832	42	0	6.5635	13.2233	103	0	0.7895	3.9404	42	0	0.4539	0.8813	4	0	3.7599	3.7033	32	0	0.1612	0.5661	4	0	0.0487	8	36.8524	36.9559	50.5918	14.0486	324.7631	694.1333
72C_5_FITC.tif	Positive	Positive	PathAnnotationObject	Polygon	116.92	386.36	9.0193	11.7175	0.8255	4.7794	2.5077	0.7832	7.1538	186	9.5611	31	0	31	72.3077	1880	28.9037	127	22	105	7.3077	190	9.4181	31	0	31	82.7423	35.1517	0.8415	13.6208	7.5125	0.8374	1.0234	4.0193	31	0	18.1822	23.1498	127	3	0.9766	4.0146	31	0	0.1755	0.4807	2	0	10.6968	5.9236	42	3	0.1011	0.3943	2	0	0.0991	7	23.534	24.616	35.3118	3.5072	192.2097	547.5168
72C_5_FITC.tif	Positive	Positive	PathAnnotationObject	Polygon	214.2	386.4	7.4507	10.1112	0.9158	4.0459	2.3704	0.7449	4.5238	95	6.2419	19	0	19	44.2857	930	14.4227	71	26	45	4.4762	94	6.2739	19	0	19	92.1537	37.5481	0.8214	13.7618	8.659	0.8145	0.7605	2.296	19	0	11.6471	12.2492	71	1	0.6975	2.3602	19	0	0.3963	0.8163	4	0	8.4885	5.6373	26	1	0.3318	0.9721	7	0	0.0721	5	34.2402	34.2834	64.4756	4.1735	514.2957	1064.2946
72C_5_FITC.tif	Positive	Positive	PathAnnotationObject	Polygon	81.51	388.95	10.98	12.9873	0.818	5.2051	2.7029	0.8702	9.6	288	9.6761	30	0	30	57.7333	1732	21.3217	98	27	71	5.5333	166	7.9945	26	0	26	138.0345	42.6134	0.9552	14.8764	12.1852	0.5638	5.1831	7.3159	30	0	19.2761	15.2752	98	6	0.5437	2.7669	26	0	4.7754	6.9372	26	0	15.7262	8.0413	42	6	0.0831	0.3547	2	0	0.0728	7	29.9105	29.6237	47.4607	12.4615	326.2954	684.8395
72C_5_FITC.tif	Positive	Positive	PathAnnotationObject	Polygon	180.7	393.93	2.745	6.1101	0.924	2.349	1.609	0.7795	24.3333	219	27.1017	76	0	76	76.4444	688	33.9268	137	31	106	24.2222	218	27.0036	76	0	76	103.1337	36.1512	0.9917	12.2416	10.6456	0.3742	1.2841	6.4748	76	0	11.9015	14.7374	137	1	1.053	6.47	76	0	0.4706	0.8863	4	0	9.6235	5.9848	35	1	0.2353	0.8274	6	0	0.0197	7	56.4437	47.756	100.3963	34.2834	1214.7932	2111.4509
72C_5_FITC.tif	Positive	Positive	PathAnnotationObject	Polygon	43.4	396.1	11.7643	13.639	0.7947	5.3568	3.1887	0.7732	4.5556	164	5.0903	16	0	16	55.0556	1982	15.7152	78	25	53	4.5556	164	5.1958	16	0	16	152.5438	44.0512	0.9878	15.2316	12.81	0.5186	0.757	2.0754	16	0	10.4629	15.7036	78	1	0.4578	2.045	16	0	0.3718	0.7534	4	0	5.9408	4.9534	37	1	0.0423	0.2399	2	0	0.0807	5	35.6352	37.684	55.3069	14.0486	428.2414	971.3433
72C_5_FITC.tif	Positive	Positive	PathAnnotationObject	Polygon	133.04	397.52	11.3722	12.7945	0.873	4.5579	3.5887	0.6393	1.9375	62	3.1206	10	0	10	55.1875	1766	13.9964	83	36	47	2.2188	71	3.1596	10	0	10	146.2695	42.9735	0.9953	14.0849	13.1505	0.292	1.0348	1.7146	10	0	18.9813	13.8086	83	6	0.2727	1.2189	10	0	0.9503	1.4989	7	0	15.5936	7.4991	45	6	0.0906	0.5736	6	0	0.0768	5	33.3464	21.3245	62.4488	15.9934	522.7489	1428.8766
72C_5_FITC.tif	Positive	Positive	PathAnnotationObject	Polygon	59.91	409.21	24.3129	23.6472	0.5464	8.1083	4.9722	0.8088	0.7164	48	1.5745	8	0	8	52.0149	3485	14.0005	78	26	52	1.1343	76	1.8166	8	0	8	150.9752	47.2471	0.8499	17.0946	11.0647	0.7915	0.3933	1.0898	8	0	19.2699	18.9817	78	1	0.401	1.1346	8	0	0.3261	0.9485	7	0	12.4565	11.1732	51	1	0.2484	0.8613	8	0	0.1541	6	28.126	29.0478	43.0381	4.5975	287.7629	596.9609
72C_5_FITC.tif	Positive	Positive	PathAnnotationObject	Polygon	126.11	410.25	16.47	15.4709	0.8647	5.4734	3.9917	0.6752	4.1277	194	6.8099	29	0	29	103.0851	4845	33.6089	175	48	127	4.4894	211	6.9215	29	0	29	129.0152	42.5084	0.8972	14.6799	11.1492	0.631	1.5242	3.2337	29	0	32.2727	34.2142	175	3	0.8	3.072	29	0	1.0919	1.8215	8	0	20.5124	14.3851	81	3	0.1873	0.7416	5	0	0.1264	4	25.9234	22.1711	53.9919	5.3593	193.0436	391.4124
72C_5_FITC.tif	Positive	Positive	PathAnnotationObject	Polygon	745.89	410.76	3.9214	8.2723	0.7201	3.2793	1.7463	0.7936	5.5714	78	3.2037	12	1	11	41.0714	575	3.3847	48	37	11	0.7857	11	1.3688	4	0	4	117.2509	38.5816	0.9898	13.3248	11.2021	0.5077	4.4933	3.0487	14	0	34.0033	5.7649	48	11	0.31	1.0666	7	0	4.4406	3.0369	14	0	33.6573	5.6365	45	11	0.2867	1.0471	7	0	0.0352	4	97.6005	104.7377	165.3487	15.5778	2844.5225	5400.188
72C_5_FITC.tif	Positive	Positive	PathAnnotationObject	Polygon	67.2	414	13.725	14.4366	0.8276	5.398	3.7573	0.691	1.1463	47	2.3083	9	0	9	42.1707	1729	8.7861	61	25	36	1.1707	48	2.2793	9	0	9	99.2123	39.9834	0.7799	15.4025	8.9615	0.8271	0.3516	1.0961	9	0	11.0547	14.8447	61	1	0.2109	1.0071	9	0	0.2	0.54	3	0	5.1209	5.2234	36	1	0.0279	0.1651	1	0	0.1365	6	40.5189	44.1652	65.955	4.5975	570.5347	1416.4219
72C_5_FITC.tif	Positive	Positive	PathAnnotationObject	Polygon	119.49	415.84	9.0193	11.3695	0.8768	4.6145	2.2345	0.8577	11	264	13.6732	55	0	55	96.4167	2314	27.8566	157	51	106	11.0833	266	13.6283	55	0	55	91.3694	37.2436	0.8278	14.2517	7.9704	0.8176	1.3532	5.4096	55	0	23.7574	28.7938	157	2	1.2255	5.4275	55	0	0.2559	0.5353	2	0	15.4929	12.9175	81	2	0.1043	0.336	2	0	0.0861	6	38.3491	42.4376	55.3705	5.3593	528.3813	1035.424
72C_5_FITC.tif	Positive	Positive	PathAnnotationObject	Polygon	239.25	418.09	9.4114	10.8128	1	3.6992	2.9944	0.6243	5.4	135	6.6771	26	0	26	53.6	1340	18.9099	92	27	65	5.32	133	6.8113	26	0	26	130.9759	40.816	0.988	13.7832	11.8981	0.3464	0.7964	2.3736	26	0	15.3832	13.1596	92	2	0.4701	2.3206	26	0	0.4239	0.8706	4	0	12.2913	5.5881	37	2	0.0777	0.3785	3	0	0.0606	7	39.2104	40.2747	46.5503	29.1977	392.0898	830.7655
72C_5_FITC.tif	Positive	Positive	PathAnnotationObject	Polygon	760.16	417.01	0.7843	2.9712	1	1.1479	0.7017	0.866	30.3333	91	2.3094	33	29	4	57	171	2.6458	60	55	5	30	90	2.6458	33	28	5	85.8794	32.8533	0.9999	10.9224	10.0194	0.2147	0.8864	4.0069	33	0	5.1318	7.3879	60	0	0.7955	4.0022	33	0	0.4793	2.0048	28	0	4.4147	4.1704	56	0	0.3917	2.0409	28	0	0.006	4	115.2419	114.3685	216.6527	15.5778	1686.9749	3685.6748
72C_5_FITC.tif	Positive	Positive	PathAnnotationObject	Polygon	604.07	420.13	3.9214	7.9685	0.7761	3.1486	1.6098	0.8924	8.2308	107	10.2969	36	0	36	51.7692	673	15.5625	89	38	51	7.8462	102	10.4151	36	0	36	114.5059	38.153	0.9885	13.1904	11.1772	0.4767	0.8562	2.8174	36	0	24.9692	9.4619	89	6	0.3801	2.6676	36	0	0.5125	1.0348	5	0	23.7204	6.936	37	6	0.0323	0.1963	2	0	0.0334	7	138.8214	144.6977	182.2016	86.5261	6237.5127	8629.6426
72C_5_FITC.tif	Positive	Positive	PathAnnotationObject	Polygon	690.64	422.12	7.0586	10.4657	0.8098	4.3742	2.0125	0.8545	16.55	331	14.7736	53	0	53	108.45	2169	26.9199	150	48	102	16.5	330	14.688	52	0	52	130.9759	41.172	0.9709	14.7106	11.2718	0.6209	1.803	5.2856	53	0	33.2985	22.246	150	13	1.1075	5.2637	52	0	0.8667	1.3335	7	0	28.527	9.9994	73	13	0.1302	0.6069	7	0	0.0442	5	107.5199	86.5261	165.3965	56.4943	4150.3091	7143.7295
72C_5_FITC.tif	Positive	Positive	PathAnnotationObject	Polygon	26.58	429.99	11.3722	13.5697	0.7761	5.1687	3.045	0.8045	3.5758	118	3.231	11	0	11	36.0909	1191	7.6296	51	25	26	1.0303	34	2.0989	7	0	7	151.7595	44.0523	0.9827	15.0847	13.0338	0.5044	2.2699	3.6385	17	0	16.9203	9.3589	51	4	0.2134	0.9351	7	0	2.1489	3.6545	17	0	15.1433	7.2907	38	4	0.1376	0.7006	7	0	0.0771	5	44.8015	37.7918	77.3863	31.2228	501.7881	971.3433
72C_5_FITC.tif	Positive	Positive	PathAnnotationObject	Polygon	428.32	434.42	12.5486	14.2607	0.7754	5.3561	3.3463	0.7467	3.5882	122	4.8997	19	0	19	57.9118	1969	21.2679	103	22	81	3.7353	127	5.8222	22	0	22	151.3674	44.1582	0.9755	15.3762	13.1444	0.4953	0.8782	1.8873	19	0	18.044	15.1764	103	5	0.3523	2.0104	22	0	0.6165	0.9325	6	0	14.1932	6.4244	46	5	0.0256	0.1752	2	0	0.0789	9	87.0071	68.6193	170.0711	32.4395	2255.9834	9116.8379
72C_5_FITC.tif	Positive	Positive	PathAnnotationObject	Polygon	460.56	438.99	3.1371	6.1369	1	2.3022	1.5551	0.5477	14.7	147	16.432	56	0	56	54.1	541	23.1922	104	27	77	15.1	151	16.4685	56	0	56	103.918	36.2589	0.9933	12.332	10.6456	0.3881	0.8045	4.1417	56	0	13.4962	9.7815	104	5	0.6391	4.1841	56	0	0.2617	0.6552	3	0	11.9102	3.6423	24	5	0.0742	0.3168	2	0	0.0213	6	87.4002	68.4784	153.8276	32.4395	3394.4285	8124.0957
72C_5_FITC.tif	Positive	Positive	PathAnnotationObject	Polygon	251.55	442.7	12.1564	14.1752	0.7603	5.4748	3.2061	0.7954	9.8485	325	10.1277	36	0	36	104.5758	3451	35.4569	162	43	119	9.7273	321	10.2721	36	0	36	102.3494	39.6482	0.8182	14.582	9.7584	0.7329	1.7871	4.8046	36	0	30.9163	32.2339	162	6	1.2624	4.8248	36	0	0.6304	1.1702	5	0	20.3478	10.9097	83	6	0.0478	0.284	2	0	0.1165	6	17.8404	16.0985	35.7698	4.2105	167.0014	497.8401
72C_5_FITC.tif	Positive	Positive	PathAnnotationObject	Polygon	257.3	448.25	11.3722	15.8773	0.5669	5.5844	3.6918	0.7243	4.0588	138	4.9723	16	0	16	68.7647	2338	19.2952	108	34	74	3.9412	134	4.8738	16	0	16	56.4687	37.572	0.5027	14.618	6.0105	0.9386	1.2215	2.9058	16	0	34.7584	23.6439	108	10	0.9195	2.8344	16	0	0.3826	0.8333	4	0	24.7043	13.0814	69	10	0.0261	0.1601	1	0	0.2117	4	4.7663	5.18	5.8149	2.8902	7.3415	9.8803
72C_5_FITC.tif	Positive	Positive	PathAnnotationObject	Polygon	263.24	443.93	6.6664	9.8187	0.8689	3.5649	2.5664	0.7651	3.55	71	3.94	10	0	10	65.1	1302	12.7027	86	44	42	3.7	74	3.8675	10	0	10	35.2929	23.0617	0.8339	9.0421	5.0097	0.7934	0.9785	2.3171	10	0	32.8172	20.5653	86	11	0.871	2.3323	10	0	0.274	0.6511	3	0	23.9726	11.359	59	11	0.0959	0.4138	2	0	0.1809	5	12.2833	5.8149	37.1563	3.6485	38.4462	121.7337
72C_5_FITC.tif	Positive	Positive	PathAnnotationObject	Polygon	269.34	446.78	4.7057	8.4344	0.8312	3.161	2.1006	0.7468	5.3125	85	5.486	18	0	18	56.875	910	12.9711	81	38	43	4.75	76	5.4222	17	0	17	71.3701	32.1345	0.8685	12.1044	7.254	0.7973	1.6413	2.6759	18	0	20.3424	12.9496	81	8	0.462	2.0721	17	0	1.2917	1.931	8	0	16.8631	5.3477	45	8	0.0536	0.3672	3	0	0.0651	6	36.3724	30.6526	81.2826	3.9027	549.8743	1894.9354
72C_5_FITC.tif	Positive	Positive	PathAnnotationObject	Polygon	253.54	449.36	2.3529	5.0097	1	1.6785	1.476	0.6325	2.5714	18	4.7208	13	0	13	47.2857	331	9.0317	63	35	28	2.4286	17	4.7909	13	0	13	10.1957	14.9811	0.5709	6.5789	2.0575	0.9487	0.75	2.3555	13	0	26.2812	13.686	63	14	0.5312	2.3416	13	0	0.24	0.5972	2	0	20.4	7.5388	50	14	0	0	0	0	0.1489	5	10.4098	6.9657	19.2187	2.8902	32.4594	66.8456
72C_5_FITC.tif	Positive	Positive	PathAnnotationObject	Polygon	262.69	451.93	7.0586	10.2566	0.8432	3.524	2.7736	0.7278	3.2857	69	5.1102	20	0	20	58.381	1226	9.7953	74	43	31	3.1905	67	5.0953	20	0	20	44.7044	24.7126	0.9199	8.311	7.225	0.4501	0.8696	2.5358	20	0	27.513	16.0609	74	12	0.6435	2.4645	20	0	0.3298	0.8084	4	0	20.617	5.6874	48	12	0.0745	0.2639	1	0	0.1603	6	9.9206	6.5739	20.1	3.6485	39.7349	99.8066
72C_5_FITC.tif	Positive	Positive	PathAnnotationObject	Polygon	211.26	449.84	9.8036	13.6176	0.6643	5.1895	2.8923	0.8513	4.9667	149	6.5363	25	0	25	61.8333	1855	19.291	102	27	75	4.8	144	6.3594	24	0	24	103.5259	38.979	0.8562	13.8611	9.8353	0.6891	1.015	2.7609	25	0	20.7293	18.2571	102	5	0.5602	2.5957	24	0	0.5127	1.0375	6	0	15.5042	9.3192	59	5	0.0212	0.1443	1	0	0.093	6	44.7711	49.6497	64.4756	4.588	705.0759	1712.5901
72C_5_FITC.tif	Positive	Positive	PathAnnotationObject	Polygon	219.56	449.77	7.4507	12.1671	0.6325	4.1818	3.1238	0.7348	3.9545	87	5.9239	18	0	18	47.6818	1049	10.652	68	28	40	4	88	5.9841	18	0	18	87.0558	36.21	0.8344	13.5192	8.3957	0.7801	0.7345	2.2152	18	0	20.5841	11.5614	68	9	0.4159	2.1837	18	0	0.3873	0.7507	3	0	17.6618	6.9465	50	9	0.0294	0.1963	2	0	0.0819	4	27.6595	33.6506	38.7488	4.588	233.3796	497.8401
72C_5_FITC.tif	Positive	Positive	PathAnnotationObject	Polygon	47.78	450.48	16.0779	17.4119	0.6664	5.9109	4.8439	0.5312	1.6444	74	2.3175	8	0	8	49.1778	2213	15.6732	81	23	58	1.6667	75	2.3452	8	0	8	138.8188	43.7482	0.9115	16.2483	10.3087	0.7612	0.7472	1.3994	8	0	18.868	13.8439	81	6	0.2978	1.0621	8	0	0.6174	1.1605	5	0	14.4823	5.6528	40	6	0.0997	0.4469	4	0	0.1145	4	30.82	36.8149	43.0381	6.6121	207.5912	596.9609
72C_5_FITC.tif	Positive	Positive	PathAnnotationObject	Polygon	118.69	452.5	16.8622	18.1201	0.6454	6.2242	3.8645	0.8335	2.9149	137	4.6617	21	0	21	46.6596	2193	12.3505	85	33	52	2.2128	104	4.5823	21	0	21	176.8567	47.9737	0.9657	16.3862	13.5107	0.4946	2.1333	2.7912	21	0	21.2689	12.1078	85	2	0.2756	1.651	21	0	2.0422	2.4769	10	0	18.3077	7.8816	44	2	0.0496	0.3896	6	0	0.0884	4	51.5002	51.5519	65.955	36.9419	837.5381	1416.4219
72C_5_FITC.tif	Positive	Positive	PathAnnotationObject	Polygon	54.04	458.11	13.725	14.4462	0.8264	5.3383	3.8667	0.7287	0.5641	22	1.1191	4	0	4	38.1026	1486	7.577	55	25	30	0.4872	19	1.1209	4	0	4	118.4273	40.5257	0.9061	14.1742	10.573	0.6576	1.3267	2.0236	11	0	19.0231	9.8305	55	3	0.1056	0.5167	4	0	1.4394	2.1029	11	0	16.2045	6.3811	37	3	0.0492	0.3166	3	0	0.1227	6	94.5346	55.8064	308.9091	6.6121	770.309	2091.2241
72C_5_FITC.tif	Positive	Positive	PathAnnotationObject	Polygon	155.26	455.89	3.5293	6.8154	0.9548	2.3892	1.9314	0.6658	10.3636	114	14.3894	37	0	37	36	396	22.4633	73	16	57	10.5455	116	14.2714	37	0	37	107.0552	36.6167	1	11.8859	11.2718	0.1197	0.927	3.4538	37	0	4.8139	7.9304	73	0	0.9343	3.5357	37	0	0.5323	0.7947	3	0	3.5095	1.9318	15	0	0.5323	1.1008	6	0	0.0257	10	82.998	64.6712	207.9685	36.9419	807.652	2091.2241
72C_5_FITC.tif	Positive	Positive	PathAnnotationObject	Polygon	244.48	463.47	5.0979	8.0801	0.9812	2.7109	2.3593	0.5058	7.6	114	12.0582	34	0	34	74.1333	1112	21.5965	114	47	67	7.7333	116	12.1565	34	0	34	75.6837	32.8388	0.8819	12.1758	7.9329	0.751	0.9077	3.8958	34	0	23.9641	19.2416	114	6	0.7436	3.8804	34	0	0.35	1.0054	5	0	19.7833	11.6745	59	6	0.1611	0.5708	4	0	0.0603	6	34.037	26.4171	91.2548	5.4522	174.1284	520.3266
72C_5_FITC.tif	Positive	Positive	PathAnnotationObject	Polygon	251.91	467.04	12.9407	14.7685	0.7456	5.704	2.9363	0.861	1.675	67	2.7863	10	0	10	54.175	2167	11.4329	78	33	45	1.95	78	3.063	10	0	10	109.8002	40.0971	0.8582	14.489	10.1822	0.7292	0.7825	1.7265	10	0	24.3263	15.7454	78	5	0.4491	1.532	10	0	0.6367	1.441	8	0	19.4531	9.8876	49	5	0.2041	0.8958	7	0	0.1269	6	44.0858	19.6594	112.1458	5.4522	203.1108	806.6041
72C_5_FITC.tif	Positive	Positive	PathAnnotationObject	Polygon	262.81	467.16	10.1957	12.4126	0.8316	4.7233	2.7078	0.8296	2.7857	78	3.27	11	0	11	47.9643	1343	12.799	74	29	45	2.7857	78	3.3038	11	0	11	129.4073	41.3498	0.9511	14.7332	12.1928	0.5441	0.7139	1.5564	11	0	19.1084	11.877	74	3	0.3102	1.2619	11	0	0.523	1.1226	6	0	16.4507	7.4478	34	3	0.0822	0.3851	3	0	0.0774	5	43.4483	21.0305	101.1451	11.194	324.5957	682.3607
72C_5_FITC.tif	Positive	Positive	PathAnnotationObject	Polygon	328.1	471.69	24.705	19.2005	0.8421	7.3882	4.3453	0.7751	0.2388	16	0.8544	5	0	5	38.4179	2574	4.616	46	27	19	0.3582	24	0.9487	5	0	5	189.4053	49.5686	0.9687	17.0846	13.7767	0.5655	0.4897	1.0815	5	0	17.6157	11.9881	46	1	0.155	0.6295	5	0	0.53	1.1093	5	0	14.2734	9.0878	44	1	0.1223	0.5564	5	0	0.1278	7	92.6713	65.9366	196.1678	38.9759	3499.2664	10459.0371
72C_5_FITC.tif	Positive	Positive	PathAnnotationObject	Polygon	427	484.33	2.745	5.7075	1	2.1212	1.5581	0.3531	12.8889	116	13.7699	35	0	35	46.4444	418	19.4686	76	26	50	11.3333	102	14.1598	34	0	34	102.3494	35.8945	0.9983	11.9575	10.6456	0.3502	1.0687	3.4689	35	0	17.0496	9.0728	76	3	0.4695	3.242	34	0	0.6482	1.1298	5	0	16.004	6.4239	38	3	0.083	0.3947	3	0	0.0172	4	40.0427	42.2256	56.4796	19.2402	625.0589	922.28
72C_5_FITC.tif	Positive	Positive	PathAnnotationObject	Polygon	408.22	487.8	14.5093	16.0223	0.7102	6.2509	2.8739	0.8962	1.9024	78	3.1449	11	0	11	50.5122	2071	14.6682	77	27	50	1.7561	72	3.192	11	0	11	165.4845	46.1811	0.9751	16.1054	12.6705	0.5879	0.5877	1.4295	11	0	20.4289	13.7111	77	5	0.2251	1.1384	11	0	0.4462	1.0081	7	0	17.1916	8.8021	57	5	0.0604	0.2884	2	0	0.0889	5	32.1961	22.2982	57.3292	16.3288	344.6507	498.2736
72C_5_FITC.tif	Positive	Positive	PathAnnotationObject	Polygon	363.26	488.47	10.98	12.7118	0.8539	4.3815	3.4859	0.4197	0.7	21	1.8597	7	0	7	36.5333	1096	6.9715	52	24	28	0.9	27	1.8634	7	0	7	108.2316	39.1997	0.8851	14.1107	10.0488	0.6939	0.3441	0.9349	7	0	19.5305	9.8279	52	5	0.1935	0.8387	7	0	0.3012	0.7471	5	0	17.4819	7.9627	40	5	0.1084	0.5611	5	0	0.093	5	38.7175	32.6165	85.858	6.2116	569.6873	1541.8809
72C_5_FITC.tif	Positive	Positive	PathAnnotationObject	Polygon	392.46	492.29	1.5686	5.4069	0.6742	1.8559	1.5857	0	25	175	23.5089	47	0	47	68.4286	479	33.9699	98	30	68	25	175	23.5089	47	0	47	90.9773	34.6886	0.9501	11.6308	9.8572	0.4352	1.1197	5.7257	47	0	15.2137	12.789	98	5	0.8932	5.7143	47	0	0.3833	0.9586	8	0	13.5727	6.8973	41	5	0.1498	0.6615	8	0	0.0165	4	31.4179	23.0904	68.6193	10.8718	384.4182	923.4631
72C_5_FITC.tif	Positive	Positive	PathAnnotationObject	Polygon	358.45	496.27	7.0586	11.2443	0.7016	4.6222	2.0493	0.9151	0.7143	15	1.7928	8	0	8	38.1429	801	5.2181	51	28	23	0.7619	16	1.7862	8	0	8	97.6437	36.306	0.9309	12.3039	10.339	0.4725	0.255	0.8478	8	0	27.0438	8.8671	51	8	0.1952	0.7731	8	0	0.213	0.6948	5	0	26.0304	8.4339	50	8	0.1435	0.5846	5	0	0.0745	7	115.608	101.1451	308.9091	6.2116	651.4273	2091.2241
72C_5_FITC.tif	Positive	Positive	PathAnnotationObject	Polygon	392.12	503.92	20.7836	17.0811	0.8952	6.3921	4.5655	0.7005	0.5741	31	1.1752	4	0	4	41.1481	2222	6.397	53	28	25	0.6111	33	1.1396	4	0	4	163.916	46.1661	0.9665	15.8303	13.7495	0.4256	0.3652	0.8954	6	0	16.463	11.6225	53	4	0.1551	0.5765	4	0	0.3342	0.8439	6	0	12.811	6.7372	43	4	0.0877	0.3964	3	0	0.1222	5	30.9587	32.6165	55.1067	10.8718	211.1977	498.2736
72C_5_FITC.tif	Positive	Positive	PathAnnotationObject	Polygon	446.56	512.63	3.1371	5.9808	1	2.1212	1.5794	0.5477	16.8889	152	20.3005	42	0	42	58.3333	525	29.1419	93	32	61	16.8889	152	20.3005	42	0	42	102.3494	35.9001	0.9979	11.934	10.6456	0.351	1.4618	4.7831	42	0	20.7099	9.4715	93	8	0.6298	4.7055	42	0	0.913	1.3453	6	0	19.3715	3.6878	30	8	0.0514	0.2697	2	0	0.0226	5	69.0995	55.1067	135.0975	34.4827	1697.8909	5067.6572
72C_5_FITC.tif	Positive	Positive	PathAnnotationObject	Polygon	579.53	536.49	4.3136	8.0591	0.8346	2.9249	2.0074	0.6245	13.8462	180	22.218	68	0	68	68.1538	886	36.4345	143	25	118	14.7692	192	23.0404	72	0	72	113.7216	37.8687	0.9965	12.7546	11.2718	0.3821	1.2268	6.364	68	0	9.0172	17.3951	143	0	1.0309	6.7468	72	0	0.6367	3.6321	59	0	6.2518	9.3532	127	0	0.3885	3.9226	64	0	0.03	5	156.8068	153.8276	216.6527	119.0557	5485.5552	8124.0957
