Image	Name	Class	Parent	ROI	Centroid X µm	Centroid Y µm	Nucleus: Area	Nucleus: Perimeter	Nucleus: Circularity	Nucleus: Max caliper	Nucleus: Min caliper	Nucleus: Eccentricity	Nucleus: Red mean	Nucleus: Red sum	Nucleus: Red std dev	Nucleus: Red max	Nucleus: Red min	Nucleus: Red range	Nucleus: Green mean	Nucleus: Green sum	Nucleus: Green std dev	Nucleus: Green max	Nucleus: Green min	Nucleus: Green range	Nucleus: Blue mean	Nucleus: Blue sum	Nucleus: Blue std dev	Nucleus: Blue max	Nucleus: Blue min	Nucleus: Blue range	Cell: Area	Cell: Perimeter	Cell: Circularity	Cell: Max caliper	Cell: Min caliper	Cell: Eccentricity	Cell: Red mean	Cell: Red std dev	Cell: Red max	Cell: Red min	Cell: Green mean	Cell: Green std dev	Cell: Green max	Cell: Green min	Cell: Blue mean	Cell: Blue std dev	Cell: Blue max	Cell: Blue min	Cytoplasm: Red mean	Cytoplasm: Red std dev	Cytoplasm: Red max	Cytoplasm: Red min	Cytoplasm: Green mean	Cytoplasm: Green std dev	Cytoplasm: Green max	Cytoplasm: Green min	Cytoplasm: Blue mean	Cytoplasm: Blue std dev	Cytoplasm: Blue max	Cytoplasm: Blue min	Nucleus/Cell area ratio	Delaunay: Num neighbors	Delaunay: Mean distance	Delaunay: Median distance	Delaunay: Max distance	Delaunay: Min distance	Delaunay: Mean triangle area	Delaunay: Max triangle area
75D_2_FITC.tif	Positive	Positive	PathAnnotationObject	Polygon	531	152.38	9.0193	11.9411	0.7949	4.6471	2.6705	0.7911	8.4643	237	2.3489	13	4	9	42.3929	1187	3.5729	50	34	16	0.7143	20	1.9599	9	0	9	141.9559	42.549	0.9853	14.3512	12.5243	0.487	3.708	3.7042	13	0	25.0716	13.2655	50	1	0.2204	0.9109	9	0	3.3104	3.5172	12	0	23.6239	12.7452	50	1	0.1791	0.7527	8	0	0.0667	5	116.5557	118.1928	223.0883	32.8405	1533.8936	2950.6067
75D_2_FITC.tif	Positive	Positive	PathAnnotationObject	Polygon	308.18	162.42	4.3136	7.8525	0.8791	2.941	1.8849	0.7243	11.0769	144	14.1802	49	0	49	54.3077	706	22.3323	104	28	76	10.8462	141	14.1471	48	0	48	112.153	37.6541	0.994	12.7045	11.2718	0.4002	0.6875	3.7267	49	0	15.1632	10.3438	104	6	0.5174	3.6692	48	0	0.1964	0.6143	4	0	13.3127	3.7539	30	6	0.0291	0.1888	2	0	0.0331	6	159.7661	165.0732	223.0883	86.4486	2251.5884	6231.3877
75D_2_FITC.tif	Positive	Positive	PathAnnotationObject	Polygon	493.18	165.01	20.7836	21.8833	0.5454	8.8162	3.4924	0.9225	2.2456	128	4.6494	24	0	24	45.9474	2619	12.0289	87	25	62	2.3333	133	4.6496	24	0	24	201.1696	52.4101	0.9203	18.6285	13.1624	0.696	0.6479	1.855	24	0	18.0467	12.6995	87	1	0.3696	1.7415	24	0	0.4486	0.926	5	0	14.5667	7.3637	42	1	0.1247	0.4633	4	0	0.1073	4	71.8826	39.7357	185.1802	22.879	1065.0076	1972.7512
75D_2_FITC.tif	Positive	Positive	PathAnnotationObject	Polygon	527.8	185.09	6.2743	9.6104	0.8537	3.9399	1.9367	0.8137	0.2632	5	0.6534	2	0	2	46.7368	888	3.3473	53	41	12	0.2632	5	0.6534	2	0	2	125.4859	40.0019	0.9855	14.12	11.4821	0.5331	0.6406	1.0938	4	0	35.3531	6.2052	53	13	0.1	0.4842	4	0	0.6645	1.1122	4	0	34.6346	5.6166	50	13	0.0897	0.4711	4	0	0.044	5	62.4352	43.0128	99.4302	32.8405	1121.175	1798.6057
75D_2_FITC.tif	Positive	Positive	PathAnnotationObject	Polygon	484.66	186.49	3.9214	7.0557	0.9899	2.5136	1.7621	0.5923	9.8182	108	13.3178	34	0	34	38.4545	423	20.3143	69	20	49	9.9091	109	13.2925	34	0	34	107.4473	36.7781	0.9982	12.3706	11.2718	0.3141	0.9527	3.3069	34	0	6.5091	8.0443	69	1	0.44	3.2	34	0	0.5833	1.1068	5	0	5.178	2.6953	18	1	0.0455	0.2087	1	0	0.0305	7	170.1016	178.123	308.7427	22.879	10563.3701	28814.5312
75D_2_FITC.tif	Positive	Positive	PathAnnotationObject	Polygon	247.93	224.9	18.0386	21.2111	0.5038	7.3607	4.5147	0.7541	7.1429	350	8.4926	32	0	32	99.4694	4874	39.4436	176	36	140	6.7143	329	8.4237	31	0	31	187.8367	49.3527	0.9691	16.8758	13.9159	0.5318	2.0626	3.6345	32	0	32.1211	28.1676	176	10	0.7724	3.4032	31	0	1.4837	1.8343	9	0	24.4465	11.5262	84	10	0.0953	0.688	8	0	0.1001	6	129.8913	102.7974	245.1432	37.1815	7724.6304	28814.5312
75D_2_FITC.tif	Positive	Positive	PathAnnotationObject	Polygon	197.71	237.33	34.5086	26.8978	0.5994	10.2913	5.7548	0.8833	3.2174	296	4.5714	20	0	20	87.0109	8005	17.4428	123	56	67	2.5978	239	4.5406	20	0	20	211.3653	55.0272	0.8772	20.0028	13.1235	0.7719	1.8262	2.4973	20	0	43.122	23.5712	123	9	0.5046	2.1332	20	0	1.5412	1.6714	8	0	34.1292	11.4577	77	9	0.0757	0.4615	6	0	0.1621	6	44.0194	23.8672	133.7331	10.1782	401.624	1167.0975
75D_2_FITC.tif	Positive	Positive	PathAnnotationObject	Polygon	178.2	239.75	6.2743	9.8004	0.8209	4.0237	1.8569	0.8614	7.0556	127	8.2709	26	0	26	60.5556	1090	15.2092	91	40	51	7.2778	131	8.2733	26	0	26	99.6044	36.4111	0.9441	12.7368	9.3932	0.6362	1.4942	3.0106	26	0	23.2101	12.4136	91	11	0.5292	2.8312	26	0	1.0753	1.5321	8	0	20.3975	5.9836	42	11	0.0209	0.1702	2	0	0.058	5	41.3388	14.9662	152.0234	9.025	188.5588	642.8382
75D_2_FITC.tif	Positive	Positive	PathAnnotationObject	Polygon	205.14	244.7	9.4114	13.7623	0.6244	5.8834	2.1335	0.9307	3.6667	99	4.9303	22	0	22	62.3333	1683	12.4375	93	44	49	2.9259	79	5.0148	22	0	22	88.2323	36.232	0.8446	14.2166	8.5168	0.765	1.2149	2.2414	22	0	42.5044	13.0686	93	20	0.386	1.96	22	0	0.8856	1.2735	6	0	39.8408	10.6548	60	20	0.0448	0.3209	4	0	0.0961	5	19.2214	13.0921	34.5611	7.4679	72.6871	117.1889
75D_2_FITC.tif	Positive	Positive	PathAnnotationObject	Polygon	603.92	245.74	34.1165	27.4539	0.5688	11.3132	4.2191	0.9423	0.6044	55	1.0633	5	0	5	45.3626	4128	7.2885	64	32	32	0.3187	29	0.8677	5	0	5	236.8546	57.0887	0.9133	20.9838	13.1505	0.7659	0.5762	1.0954	7	0	24.6904	12.0827	64	2	0.1838	0.6822	7	0	0.5712	1.1019	7	0	21.0234	8.5543	42	2	0.1598	0.6418	7	0	0.1431	5	69.7674	65.9419	118.1928	29.2193	1434.6881	2950.6067
75D_2_FITC.tif	Positive	Positive	PathAnnotationObject	Polygon	220.62	246.79	21.5679	20.0836	0.6719	6.9166	5.0796	0.7344	2.7377	167	4.4755	25	0	25	95.1967	5807	21.3829	137	56	81	2.5574	156	4.5333	25	0	25	143.5245	44.9607	0.8922	15.4698	11.9649	0.6122	2.7027	3.0645	25	0	42.0027	28.4386	137	13	0.5054	2.1251	25	0	2.6958	2.7109	12	0	31.5016	14.4507	91	13	0.1003	0.6393	8	0	0.1532	5	34.4388	22.5134	92.5785	6.8285	415.3262	1355.4424
75D_2_FITC.tif	Positive	Positive	PathAnnotationObject	Polygon	169.41	245.63	6.6664	10.0104	0.836	3.3035	2.8619	0.4978	1.9474	37	2.3682	7	0	7	73.8947	1404	10.1154	90	57	33	0.6842	13	1.4163	4	0	4	57.6451	27.6442	0.9479	9.5474	7.5276	0.5901	2.7095	3.7403	21	0	54.0068	23.9604	114	17	0.9122	2.9668	21	0	2.8217	3.896	21	0	51.0775	24.0327	114	17	0.9457	3.1333	21	0	0.1185	4	6.6046	5.7213	10.2854	4.6906	13.1287	24.2799
75D_2_FITC.tif	Positive	Positive	PathAnnotationObject	Polygon	211.72	250.83	18.8229	18.6981	0.6765	6.6913	4.2221	0.8103	1.8246	104	2.221	8	0	8	80.4386	4585	12.3303	101	53	48	1.5263	87	2.2128	8	0	8	103.918	42.5015	0.7229	15.6633	10.0741	0.7103	1.688	2.2647	11	0	46.7143	20.7337	101	20	0.3308	1.1957	8	0	1.6507	2.2802	11	0	37.5167	10.4923	80	20	0.0048	0.0692	1	0	0.1917	4	36.241	23.5539	91.0278	6.8285	554.2015	1791.9504
75D_2_FITC.tif	Positive	Positive	PathAnnotationObject	Polygon	669.94	248.47	10.5879	15.268	0.5708	6.2404	2.5782	0.9211	11.1613	346	14.7379	62	0	62	89.8387	2785	32.2067	164	42	122	11.0968	344	14.8265	62	0	62	159.6024	45.7915	0.9565	16.7417	12.339	0.6731	1.0123	4.9882	62	0	28.2034	23.4004	164	0	0.8995	4.998	62	0	0.1777	0.6422	6	0	23.1353	13.0767	76	0	0.061	0.4715	6	0	0.0679	5	74.5983	65.9419	168.82	22.3003	1391.3331	2950.6067
75D_2_FITC.tif	Positive	Positive	PathAnnotationObject	Polygon	177.84	249.23	16.8622	16.8636	0.7451	6.7368	3.4002	0.8482	1.2766	60	2.0292	9	0	9	69.4681	3265	9.5527	90	47	43	1.1064	52	2.0771	9	0	9	79.9973	33.6845	0.886	12.2888	9.3932	0.5136	1.3252	1.9041	9	0	47.9369	14.5294	90	29	0.3447	1.2067	9	0	1.3396	1.8719	7	0	41.5723	8.2864	64	29	0.1195	0.6401	6	0	0.2066	6	14.0482	8.0003	30.8076	5.3868	58.1152	117.1889
75D_2_FITC.tif	Positive	Positive	PathAnnotationObject	Polygon	165.3	249.65	0.7843	3.0129	1	1.0119	0.8896	0.866	0.6667	2	1.1547	2	0	2	64.3333	193	5.5076	70	59	11	0	0	0	0	0	0	23.9208	19.0231	0.8307	7.1496	4.1328	0.8271	1.6667	2.2142	9	0	58.1061	12.1252	91	36	0.3636	1.3659	9	0	1.7143	2.2463	9	0	57.8095	12.2959	91	36	0.381	1.3962	9	0	0.0193	4	7.8598	5.9489	14.9662	4.5753	9.3358	15.5177
75D_2_FITC.tif	Positive	Positive	PathAnnotationObject	Polygon	169.36	254.15	6.6664	11.0102	0.6911	4.2601	2.5496	0.8841	4.4	88	4.7395	18	0	18	68.5	1370	13.9265	96	46	50	1.95	39	4.2978	15	0	15	22.3522	17.4955	0.9176	6.4287	4.7209	0.6929	3.4	3.5233	18	0	53.6667	14.4816	96	35	0.65	2.6091	15	0	2.9	2.6583	8	0	46.25	7.3161	64	35	0	0	0	0	0.2999	5	5.7047	6.0557	7.1126	3.804	13.3245	15.7452
75D_2_FITC.tif	Positive	Positive	PathAnnotationObject	Polygon	162.76	258.03	23.5286	20.298	0.7176	8.3224	3.8826	0.8854	2.3077	150	2.487	8	0	8	65.1692	4236	7.5861	83	50	33	0.9385	61	1.8864	8	0	8	149.0145	46.9044	0.8512	17.934	10.32	0.8213	3.2199	2.866	13	0	42.7853	18.5885	83	15	0.2277	0.9923	8	0	3.4069	2.906	13	0	38.1956	16.7559	83	15	0.082	0.5843	7	0	0.1654	6	69.9681	53.9967	166.1204	7.1126	1414.752	3746.4507
75D_2_FITC.tif	Positive	Positive	PathAnnotationObject	Polygon	174.24	258.55	10.98	14.2005	0.6842	5.9597	2.4647	0.9223	4.1935	130	4.2381	14	0	14	74.6452	2314	12.2897	91	47	44	2.9032	90	3.691	12	0	12	73.3308	32.2338	0.8869	11.269	8.7838	0.6079	3.3598	2.9657	14	0	37.4656	19.1009	91	17	0.582	1.8651	12	0	3.1962	2.6336	10	0	30.1709	9.0295	63	17	0.1266	0.5382	4	0	0.1601	6	31.55	22.0076	94.9675	3.804	405.7118	1791.9504
75D_2_FITC.tif	Positive	Positive	PathAnnotationObject	Polygon	584.24	266.89	14.1172	15.331	0.7548	5.6135	3.6428	0.8133	2.6216	97	3.6006	15	0	15	49.4865	1831	11.7677	74	31	43	2.7838	103	3.6143	15	0	15	154.8967	44.4952	0.9832	15.3668	13.1505	0.4835	0.4318	1.4679	15	0	20.9697	11.4188	74	8	0.3662	1.4565	15	0	0.2061	0.7261	8	0	18.0306	6.1017	49	8	0.117	0.6005	8	0	0.0843	5	97.031	99.4302	211.3661	17.2221	3623.7021	13168.2754
75D_2_FITC.tif	Positive	Positive	PathAnnotationObject	Polygon	679.26	267.02	7.0586	10.2266	0.8481	3.726	2.8066	0.6757	2	44	2.3503	8	0	8	42.3636	932	8.7589	59	29	30	1.7727	39	2.4089	8	0	8	89.0166	36.1006	0.8583	13.1042	8.3951	0.7557	0.3377	1.0293	8	0	17.9091	12.1009	59	1	0.2208	0.9178	8	0	0.1627	0.5392	3	0	15.3349	9.1794	42	1	0.0574	0.253	2	0	0.0766	3	12.7185	10.6875	22.3003	5.1677	38.1334	65.1656
75D_2_FITC.tif	Positive	Positive	PathAnnotationObject	Polygon	684.02	273.94	9.8036	13.0458	0.7239	5.2223	2.5049	0.8791	2.3793	69	3.7265	15	0	15	54.7586	1588	9.4554	81	40	41	2.3103	67	3.7426	15	0	15	65.0958	32.3435	0.782	11.3249	9.1094	0.625	0.568	1.8019	15	0	20.1657	20.2466	81	0	0.7101	1.9067	15	0	0.1929	0.5483	3	0	13	13.2687	44	0	0.3786	0.9631	5	0	0.1547	2	5.7377	5.7377	6.3077	5.1677	11.1013	11.1013
75D_2_FITC.tif	Positive	Positive	PathAnnotationObject	Polygon	678.36	280.36	14.5093	14.8373	0.8282	5.6655	3.6453	0.746	1.7	68	2.6234	12	0	12	54.95	2198	9.5433	70	37	33	1.825	73	2.6105	12	0	12	118.0352	39.9344	0.9301	14.1455	10.5072	0.6726	0.3597	1.1874	12	0	24.4026	14.44	70	6	0.297	1.1556	12	0	0.1559	0.5336	4	0	19.7567	7.9157	50	6	0.0646	0.3378	3	0	0.119	5	53.5187	31.7901	132.0663	6.3077	1565.1488	4854.4312
75D_2_FITC.tif	Positive	Positive	PathAnnotationObject	Polygon	592.61	282.04	6.6664	8.7496	1	2.9941	2.5905	0.611	1.1667	21	1.855	5	0	5	44.8333	807	8.7532	57	30	27	1.1667	21	1.9778	6	0	6	119.6038	38.774	0.9997	12.7543	11.8981	0.1594	0.3562	0.902	5	0	25.4771	10.2683	57	10	0.2386	0.7587	6	0	0.3056	0.7856	4	0	24.2674	9.0854	53	10	0.1806	0.5681	3	0	0.0449	7	93.3129	86.7421	202.045	17.2221	2970.3726	7406.2568
75D_2_FITC.tif	Positive	Positive	PathAnnotationObject	Polygon	217.34	339.91	5.8822	9.7147	0.7832	3.9875	1.9702	0.885	9.9444	179	9.9969	41	0	41	64.7222	1165	21.9459	116	32	84	8.1111	146	10.8079	41	0	41	125.0938	40.093	0.9779	13.8455	11.2718	0.5436	2.7414	3.7398	41	0	24.81	13.3493	116	7	0.4922	3.1196	41	0	2.3135	2.4327	11	0	22.4389	7.8184	50	7	0.0396	0.267	3	0	0.0438	10	98.9434	93.7729	162.9334	61.4475	2135.6511	8414.7998
75D_2_FITC.tif	Positive	Positive	PathAnnotationObject	Polygon	177.92	386.3	8.235	13.2665	0.588	5.4036	2.4332	0.9363	37.5652	864	8.1621	51	24	27	60.4348	1390	5.409	69	50	19	0.4783	11	1.3774	6	0	6	96.0751	40.5737	0.7334	15.3771	8.6909	0.8541	23.1134	12.416	54	3	47.5911	8.4593	69	30	0.1215	0.6575	6	0	21.6295	11.8208	54	3	46.2723	7.5692	67	30	0.0848	0.5247	5	0	0.0851	6	47.0192	39.3626	131.3752	3.5523	1225.0001	3746.4507
75D_2_FITC.tif	Positive	Positive	PathAnnotationObject	Polygon	183.42	390.05	11.7643	13.9056	0.7645	4.6827	3.7615	0.6262	49.2	1722	4.6892	58	39	19	69.5143	2433	5.4577	78	57	21	0.2857	10	0.5725	2	0	2	45.0965	27.0987	0.7717	10.438	6.1433	0.8062	31.0917	15.93	58	5	52.5917	13.2605	78	32	0.175	0.6941	6	0	23.6353	12.5583	48	5	45.6235	8.2822	64	32	0.1294	0.7366	6	0	0.2558	4	7.0294	5.3322	13.9008	3.5523	13.0691	29.6245
75D_2_FITC.tif	Positive	Positive	PathAnnotationObject	Polygon	607.35	392.1	22.3522	21.2126	0.6242	7.3549	5.0928	0.6546	2.7288	161	3.9121	14	0	14	69.8983	4124	17.6954	102	33	69	2.6949	159	3.8607	13	0	13	158.8181	51.5002	0.7525	17.2241	14.4029	0.5055	0.5795	1.8376	14	0	29.2347	20.5218	102	4	0.4817	1.7796	13	0	0.2171	0.701	5	0	22.38	10.6605	73	4	0.1086	0.5075	5	0	0.1343	3	83.2429	111.6581	133.613	4.4576	2468.7522	6982.1421
75D_2_FITC.tif	Positive	Positive	PathAnnotationObject	Polygon	615.5	393.62	5.0979	7.3537	1	2.4224	2.2164	0.5058	3.5385	46	5.6216	16	0	16	52.9231	688	10.428	73	35	38	3.5385	46	5.6216	16	0	16	50.5865	26.4564	0.9082	10.2464	6.8883	0.7234	1.1818	2.3242	16	0	15.9621	15.2808	73	3	0.4167	2.0154	16	0	0.9244	1.4507	6	0	11.9244	9.0124	47	3	0.0756	0.3231	2	0	0.0739	4	96.6946	122.6125	137.0958	4.4576	3171.2004	7406.2568
75D_2_FITC.tif	Positive	Positive	PathAnnotationObject	Polygon	177.27	394.69	0.3921	2.3107	0.923	0.8823	0.609	0	42.3333	127	3.0551	45	39	6	61.3333	184	0.5774	62	61	1	0	0	0	0	0	0	17.6465	15.5841	0.9131	5.9095	3.8376	0.6936	38.44	5.5775	49	28	54.06	4.167	63	46	0.06	0.2399	1	0	38.1915	5.6285	49	28	53.5957	3.8485	63	46	0.0638	0.2471	1	0	0.0121	6	17.1373	9.0323	60.076	3.71	114.1493	433.4222
75D_2_FITC.tif	Positive	Positive	PathAnnotationObject	Polygon	183.64	397.45	18.8229	21.6874	0.5029	7.3239	4.509	0.8618	44.8491	2377	8.8522	64	28	36	65.6792	3481	6.0535	81	51	30	0.4906	26	1.3675	8	0	8	84.703	41.2027	0.627	14.9177	9.6741	0.8156	35.8682	10.2452	64	13	51.2955	10.4322	81	33	0.1591	0.7806	8	0	33.018	8.9446	60	13	46.7305	6.714	63	33	0.0539	0.4145	5	0	0.2256	4	7.2437	7.3636	9.4245	4.8231	21.7409	35.8535
75D_2_FITC.tif	Positive	Positive	PathAnnotationObject	Polygon	193.85	397.69	6.2743	10.0614	0.7789	4.0705	2.2557	0.8475	25.15	503	4.2831	32	17	15	60.25	1205	5.3693	72	50	22	1	20	2.4061	10	0	10	99.6044	37.1295	0.9079	13.4165	8.767	0.7506	15.0547	8.7055	32	0	42.543	10.5331	72	22	0.1289	0.7638	10	0	14.1992	8.4465	32	0	41.0424	9.44	63	22	0.0551	0.3079	3	0	0.0622	6	21.2424	13.4811	62.8686	9.4245	179.1992	529.9622
75D_2_FITC.tif	Positive	Positive	PathAnnotationObject	Polygon	205.11	402.02	33.3322	23.5624	0.7545	9.2661	5.2282	0.8523	15.5506	1384	6.9854	31	0	31	86.9101	7735	16.5842	128	53	75	2.1798	194	4.809	26	0	26	216.4632	53.7044	0.9431	19.5174	14.7509	0.6467	9.5949	8.3836	36	0	45.4575	22.0103	128	16	0.443	2.1343	26	0	8.4526	8.1483	36	0	37.5065	11.4737	79	16	0.1099	0.5867	5	0	0.153	8	52.5795	53.2159	108.715	13.0614	1020.9659	3267.5234
75D_2_FITC.tif	Positive	Positive	PathAnnotationObject	Polygon	185.97	406.29	16.0779	19.8527	0.5126	8.5263	2.6352	0.952	28.8864	1271	11.01	48	5	43	60.3409	2655	4.5389	73	53	20	0.9318	41	1.7307	7	0	7	90.9773	38.504	0.7711	14.0684	9.1587	0.8102	17.1277	11.4642	48	0	47.1872	10.473	73	29	0.3489	1.1683	8	0	14.4188	9.7485	39	0	44.1571	9.0068	68	29	0.2147	0.952	8	0	0.1692	5	11.7856	10.9215	20.8742	7.6253	40.1734	61.2995
75D_2_FITC.tif	Positive	Positive	PathAnnotationObject	Polygon	177.59	411.11	22.3522	19.8705	0.7114	7.6034	4.1328	0.8524	17.873	1126	4.2559	29	8	21	60.5079	3812	7.455	76	47	29	0.3175	20	0.9643	6	0	6	154.5045	45.6227	0.9328	15.6818	13.0029	0.5113	14.7525	6.6557	29	0	41.0808	11.2317	76	23	0.0985	0.5061	6	0	14.1622	6.8647	29	0	37.4054	7.3853	56	23	0.0571	0.3467	3	0	0.1478	6	25.3707	23.2021	54.7566	7.6253	211.7366	458.7674
75D_2_FITC.tif	Positive	Positive	PathAnnotationObject	Polygon	124.43	418.64	39.9986	30.3147	0.5469	11.5664	5.9299	0.8668	4.0377	428	5.8128	31	0	31	111.5755	11827	22.2428	152	60	92	4.0849	433	5.7356	31	0	31	250.5797	58.3062	0.9262	21.3475	15.6553	0.6995	1.964	3.1593	31	0	43.18	34.7213	152	8	0.7042	2.7801	31	0	1.5516	2.0674	10	0	29.5779	15.1885	100	8	0.0319	0.2144	2	0	0.1641	7	63.7215	54.7566	166.1204	28.1724	855.953	3746.4507
75D_2_FITC.tif	Positive	Positive	PathAnnotationObject	Polygon	171.46	428.24	9.4114	12.3685	0.7731	4.5842	3.0201	0.7283	23.4828	681	7.4096	36	10	26	64.1034	1859	6.6027	79	52	27	0.6552	19	1.6749	6	0	6	132.9366	41.8846	0.9522	14.2836	11.1155	0.6132	14.4971	8.7117	41	0	46.5702	11.1657	79	26	0.1579	0.7255	6	0	13.6645	8.3558	41	0	44.9457	10.0563	71	26	0.1118	0.5462	5	0	0.0757	6	29.2898	20.6291	67.6425	9.8486	407.916	1410.0226
75D_2_FITC.tif	Positive	Positive	PathAnnotationObject	Polygon	161.94	428.41	5.8822	8.7156	0.9731	2.9493	2.4618	0.341	16.8125	269	3.7098	23	10	13	71.5625	1145	13.4609	95	52	43	2.625	42	3.3838	8	0	8	63.9194	33.1056	0.7329	12.8685	7.5276	0.781	12.2485	6.0992	29	0	38.3636	15.9477	95	14	0.2727	1.2943	8	0	11.7584	6.1101	29	0	34.7987	11.4679	85	14	0.0201	0.1827	2	0	0.082	4	19.9225	18.1988	38.0519	5.2404	163.4015	458.7674
75D_2_FITC.tif	Positive	Positive	PathAnnotationObject	Polygon	158.23	434.41	17.6465	17.7479	0.704	6.9255	3.2472	0.9011	17.36	868	7.7585	31	1	30	76.48	3824	12.8924	109	56	53	1.42	71	2.516	10	0	10	96.0751	39.9147	0.7578	14.3668	8.1053	0.8066	10.6802	7.7485	31	0	42.8866	21.0619	109	11	0.3765	1.3465	10	0	8.9848	6.7849	30	0	34.3604	12.4202	77	11	0.1117	0.587	6	0	0.1839	5	16.1275	14.0433	36.7407	5.2404	80.6228	219.7694
75D_2_FITC.tif	Positive	Positive	PathAnnotationObject	Polygon	142.19	440.12	22.7443	21.2898	0.6306	7.9666	4.1594	0.8934	7.5397	475	8.9042	38	0	38	108.5873	6841	30.6887	184	60	124	6.0635	382	8.897	36	0	36	179.6017	49.5749	0.9183	17.7812	13.5505	0.624	4.1848	5.056	38	0	44.113	30.6363	184	12	0.887	3.8845	36	0	3.6524	3.8912	15	0	33.8816	13.1976	90	12	0.0655	0.3966	4	0	0.1304	6	54.7402	57.2234	95.3543	10.852	98.2049	219.7694
75D_2_FITC.tif	Positive	Positive	PathAnnotationObject	Polygon	153.58	443.09	19.9993	19.0106	0.6954	7.8739	3.3749	0.9114	31.9623	1694	5.8275	43	21	22	63.1321	3346	5.2185	71	53	18	0.2642	14	0.8122	4	0	4	119.9959	42.9992	0.8156	15.7446	11.1537	0.6666	12.7023	11.0352	43	0	43.6246	11.4433	71	22	0.0712	0.3966	4	0	8.7148	6.8629	38	0	39.5859	7.5595	60	22	0.0312	0.2147	2	0	0.1616	4	29.0948	16.1274	75.9225	8.2017	225.6472	700.4438
75D_2_FITC.tif	Positive	Positive	PathAnnotationObject	Polygon	332.53	453.13	17.6465	21.242	0.4914	9.6776	2.6469	0.9591	3.7959	186	3.7527	13	0	13	69.1837	3390	9.0062	85	51	34	0.9184	45	2.09	9	0	9	126.6623	47.3051	0.7113	18.8582	8.9765	0.9024	1.8308	2.9864	14	0	40.0585	17.3554	85	11	0.2092	0.9746	9	0	1.4819	2.6907	14	0	34.8877	12.757	76	11	0.0833	0.5012	5	0	0.1492	9	113.4022	69.7749	308.7427	4.5437	6334.7681	28814.5312
75D_2_FITC.tif	Positive	Positive	PathAnnotationObject	Polygon	299.2	456.28	14.5093	15.9775	0.7142	6.1007	3.5338	0.7972	4.1951	172	2.472	8	0	8	53.7073	2202	4.2204	65	44	21	0.5854	24	1.2242	5	0	5	164.3081	46.0681	0.9729	15.4629	12.5243	0.5404	2.8167	3.2416	15	0	38.3857	12.549	68	9	0.2476	1.0297	9	0	2.6675	3.2822	15	0	36.7282	12.0191	68	9	0.2111	1.0015	9	0	0.0876	10	61.3717	46.2918	142.4399	31.7582	1009.477	3267.5234
75D_2_FITC.tif	Positive	Positive	PathAnnotationObject	Polygon	491.66	457.13	7.4507	10.0019	0.9359	3.6139	2.4393	0.7492	1.05	21	2.2118	9	0	9	50.05	1001	5.3947	65	42	23	1	20	2.2243	9	0	9	127.0545	40.0853	0.9936	13.3703	12.0422	0.3674	1.1534	1.6232	9	0	29.4141	12.7922	65	8	0.1227	0.7084	9	0	1.1601	1.5818	6	0	28.0654	11.9503	57	8	0.0654	0.4156	4	0	0.0536	9	154.7751	137.0958	270.6855	78.2629	5889.7734	21508.7715
75D_2_FITC.tif	Positive	Positive	PathAnnotationObject	Polygon	334	460.31	30.5872	28.5513	0.4715	9.7436	5.3254	0.8359	10.9114	862	3.6975	22	2	20	72.557	5732	6.4346	83	53	30	0.2025	16	0.7575	5	0	5	101.5652	49.1447	0.5284	18.9293	9.4661	0.9202	8.7452	3.9413	22	0	57.0836	13.388	83	30	0.1331	0.6064	5	0	7.8152	3.6766	18	0	50.4402	9.5515	73	30	0.1033	0.5281	4	0	0.3014	3	11.3556	5.6324	23.8908	4.5437	35.4717	62.8331
75D_2_FITC.tif	Positive	Positive	PathAnnotationObject	Polygon	329.3	467.14	24.705	19.971	0.7784	7.403	5.0791	0.7083	17.8382	1213	3.1081	23	10	13	66.3088	4509	4.6657	72	53	19	0.0588	4	0.3818	3	0	3	125.4859	42.941	0.8552	16.2252	9.9805	0.7826	14.2702	5.6147	27	2	50.8323	13.6579	72	19	0.1025	0.498	4	0	13.315	5.7534	27	2	46.689	12.2188	68	19	0.1142	0.5248	4	0	0.2101	5	20.8	22.5004	34.1543	5.6324	207.0097	542.3145
75D_2_FITC.tif	Positive	Positive	PathAnnotationObject	Polygon	234.55	468.96	39.6065	27.9543	0.6369	11.3057	5.0042	0.9011	16.5596	1805	4.8121	29	2	27	57.1651	6231	7.5	70	36	34	0.2936	32	0.7853	4	0	4	173.3274	52.5877	0.7876	20.9643	11.3476	0.8437	8.1506	6.9323	29	0	37.6921	14.1893	72	14	0.1303	0.5704	6	0	5.4226	5.075	26	0	31.375	9.236	72	14	0.0774	0.47	6	0	0.2355	7	26.9754	8.8964	73.3787	5.4955	404.7728	2456.8762
75D_2_FITC.tif	Positive	Positive	PathAnnotationObject	Polygon	221.07	470.37	24.705	22.8761	0.5932	7.6789	5.3315	0.7337	12.6912	863	3.5838	22	5	17	54.3824	3698	8.7537	71	37	34	0.3676	25	0.9911	5	0	5	131.3681	43.284	0.8811	14.9198	12.4659	0.5239	6.9145	4.8852	22	0	34.8791	12.7567	71	18	0.118	0.5738	5	0	5.4649	4.0219	20	0	29.9852	8.054	60	18	0.0554	0.3857	5	0	0.1871	7	45.5219	67.6425	86.2745	3.6703	330.8834	1410.0226
75D_2_FITC.tif	Positive	Positive	PathAnnotationObject	Polygon	227.78	471.47	0.7843	3.1307	1	1.203	0.747	0.866	12.6667	38	0.5774	13	12	1	57.3333	172	0.5774	58	57	1	0.6667	2	0.5774	1	0	1	1.5686	4.2307	1	1.642	1.0034	0	13	0.7071	14	12	56.6	1.1402	58	55	0.4	0.5477	1	0	13.5	0.7071	14	13	55.5	0.7071	56	55	0	0	0	0	0.5212	3	3.8938	3.6703	5.4955	2.5156	5.2514	6.912
75D_2_FITC.tif	Positive	Positive	PathAnnotationObject	Polygon	226.78	476	4.7057	8.1124	0.8985	3.0137	2.0185	0.6249	14.6429	205	3.433	21	8	13	51.4286	720	6.4655	61	39	22	0.4286	6	0.9376	3	0	3	17.6465	18.7941	0.6278	8.1181	2.8018	0.9314	11.84	3.5477	22	6	33.88	14.4075	61	18	0.12	0.5206	3	0	10.75	2.9797	22	6	27.0556	10.1979	56	18	0	0	0	0	0.2445	5	21.8595	5.3596	91.3768	2.5156	23.0517	72.8259
75D_2_FITC.tif	Positive	Positive	PathAnnotationObject	Polygon	231.97	478.91	13.725	13.599	0.9326	5.2471	3.4995	0.6609	14.0526	534	3.6977	19	3	16	54.9737	2089	8.0219	65	36	29	0.0526	2	0.3244	2	0	2	75.2915	32.1629	0.9146	11.2064	9.4345	0.3708	5.9016	5.7523	21	0	32.0622	13.8942	65	15	0.0622	0.3903	4	0	3.9032	4.1899	21	0	26.4452	7.9961	54	15	0.0645	0.4058	4	0	0.1727	6	31.5965	22.9747	95.3543	4.0209	35.792	61.5921
75D_2_FITC.tif	Positive	Positive	PathAnnotationObject	Polygon	251.05	476.52	17.6465	17.4806	0.7257	6.5221	3.5775	0.8453	10.5385	548	3.6378	18	4	14	56.9423	2961	4.7172	67	46	21	0.0962	5	0.4542	3	0	3	129.0152	44.1957	0.83	16.3717	10.5416	0.7888	5.5904	4.5981	18	0	36.5331	13.663	67	10	0.1235	0.5918	5	0	4.6714	4.1538	18	0	32.7429	11.1961	60	10	0.1286	0.6146	5	0	0.1465	5	20.9809	21.0513	51.3005	4.3452	116.9872	373.5253
75D_2_FITC.tif	Positive	Positive	PathAnnotationObject	Polygon	349	477.08	10.5879	13.5594	0.7237	4.8872	3.4358	0.7376	4.3438	139	3.9968	14	0	14	59.4062	1901	11.8263	83	39	44	2.1562	69	3.234	11	0	11	151.7595	44.5502	0.9609	15.0239	13.139	0.3617	2.2191	2.5357	14	0	31.9794	11.4294	83	12	0.2088	1.1021	11	0	2.0281	2.274	8	0	29.514	7.5027	49	12	0.0337	0.1957	2	0	0.0811	7	33.7141	31.2192	49.4604	22.5004	264.8687	528.9764
75D_2_FITC.tif	Positive	Positive	PathAnnotationObject	Polygon	259.3	478.74	14.9015	20.8125	0.4323	6.9417	4.2861	0.8056	14.5111	653	4.4905	24	3	21	57.7556	2599	5.2965	67	47	20	0.5778	26	1.3566	6	0	6	72.9387	44.6991	0.4587	18.2111	6.591	0.9474	8.6455	6.1753	25	0	41.2222	13.6309	67	14	0.2169	0.7859	6	0	6.8125	5.4516	25	0	36.0556	11.0787	59	14	0.1042	0.438	3	0	0.2054	4	15.2001	5.6306	46.1642	3.3749	53.3958	119.299
75D_2_FITC.tif	Positive	Positive	PathAnnotationObject	Polygon	397.89	476.04	10.1957	12.3225	0.8438	4.5278	2.8873	0.7595	5.6429	158	2.8443	12	0	12	47.0714	1318	2.9929	51	40	11	0.1786	5	0.6696	3	0	3	59.6058	28.009	0.9548	9.3384	8.4015	0.3531	4.8839	2.9999	12	0	37.9742	6.4274	51	16	0.0903	0.4167	3	0	4.7165	3.0182	12	0	35.9685	5.1114	48	16	0.0709	0.3376	2	0	0.1657	6	41.2737	34.1546	95.6782	4.653	460.0119	1790.3694
75D_2_FITC.tif	Positive	Positive	PathAnnotationObject	Polygon	407.52	481.98	91.3694	46.6603	0.5274	16.5294	10.1278	0.8227	6.1681	1468	3.1578	15	0	15	46.5084	11069	4.3948	57	33	24	0.1008	24	0.4574	4	0	4	278.0297	68.4721	0.7452	24.241	18.6673	0.5482	3.3683	3.492	15	0	27.3725	17.875	57	1	0.1415	0.5882	8	0	1.9685	2.7271	12	0	17.8046	13.9556	48	1	0.1618	0.6433	8	0	0.338	4	12.2971	10.868	18.2256	9.2267	38.1776	62.6704
75D_2_FITC.tif	Positive	Positive	PathAnnotationObject	Polygon	263.88	482.19	13.725	18.6729	0.4947	7.3133	2.7309	0.9483	9.7674	420	4.9849	21	0	21	53.9302	2319	6.2731	66	39	27	0.3256	14	0.9933	4	0	4	96.8594	45.0109	0.6008	17.5275	7.0402	0.9384	4.676	4.4599	21	0	36.188	12.4833	66	9	0.292	1.1542	10	0	3.6184	3.5272	17	0	32.5024	10.0488	55	9	0.285	1.1869	10	0	0.1477	5	14.6744	7.2833	44.3355	4.1562	64.1464	214.5577
75D_2_FITC.tif	Positive	Positive	PathAnnotationObject	Polygon	254.74	481.38	3.5293	8.0392	0.6862	3.3209	1.4265	0.9146	17.6667	212	3.0551	22	13	9	54.8333	658	2.2088	59	51	8	0.25	3	0.6216	2	0	2	14.5093	18.5885	0.5277	8.4646	2.2802	0.959	14.2439	4.6194	22	3	45.5854	10.4999	59	23	0.0732	0.3457	2	0	12.8276	4.4406	20	3	41.7586	10.1863	56	23	0	0	0	0	0.2481	5	10.7128	7.0551	24.8471	3.3749	20.0389	53.385
75D_2_FITC.tif	Positive	Positive	PathAnnotationObject	Polygon	418.94	480.95	4.3136	7.6718	0.921	3.0579	1.6803	0.8414	4	52	1.9579	7	0	7	43.3846	564	4.0112	51	36	15	0.7692	10	1.4806	4	0	4	67.0565	30.4941	0.9062	11.5754	7.3686	0.7654	3.4138	2.4592	9	0	31.931	7.9242	51	11	0.1264	0.6325	4	0	3.3665	2.4942	9	0	31.0062	7.4276	48	11	0.0745	0.4816	4	0	0.0496	4	33.5781	23.0014	78.2629	10.0469	134.5976	311.6848
75D_2_FITC.tif	Positive	Positive	PathAnnotationObject	Polygon	393.07	482.42	6.2743	9.0342	0.966	3.2725	2.4297	0.633	9.1667	165	3.2944	16	3	13	49.5	891	5.1134	62	42	20	0.6667	12	1.7489	7	0	7	61.9587	29.7169	0.8817	11.8939	7.5146	0.7447	4.0124	3.8552	16	0	26.0559	14.2505	62	3	0.2422	0.8424	7	0	3.3636	3.414	16	0	23.1049	12.1346	50	3	0.1888	0.6386	4	0	0.0868	5	20.1741	11.6892	46.7015	4.653	134.228	397.6742
75D_2_FITC.tif	Positive	Positive	PathAnnotationObject	Polygon	267.78	486.49	5.49	8.7962	0.8917	3.4664	1.969	0.8549	12.6875	203	7.6133	35	4	31	72.75	1164	17.0548	110	48	62	4.9375	79	7.7929	29	0	29	45.4886	28.4532	0.7061	11.8622	4.981	0.9145	6.7059	5.8749	35	0	42.0084	16.9573	110	15	0.7143	3.2525	29	0	5.7767	4.992	16	0	37.233	10.8909	67	15	0.0583	0.2739	2	0	0.1036	4	15.7681	10.6125	38.3516	3.496	23.5295	53.385
75D_2_FITC.tif	Positive	Positive	PathAnnotationObject	Polygon	273.66	487.57	4.7057	7.8478	0.9601	2.9439	1.9155	0.6252	8.2857	116	4.8742	20	3	17	68.7143	962	11.3098	92	53	39	3.8571	54	6.0238	19	0	19	73.723	33.5359	0.8237	12.4159	7.8908	0.7626	5.4583	3.7956	20	0	38.2865	12.9294	92	10	0.4271	1.9239	19	0	5.236	3.622	16	0	35.8933	9.5919	55	10	0.1573	0.5704	5	0	0.0539	4	26.3301	25.9249	49.9749	3.496	372.0585	896.0854
75D_2_FITC.tif	Positive	Positive	PathAnnotationObject	Polygon	392.6	492.93	1.5686	3.4554	1	1.2976	0.9579	0	42.5	170	0.5774	43	42	1	76	304	1.1547	77	75	2	42	168	0.8165	43	41	2	86.6637	33.2011	0.988	10.9297	10.0194	0.2209	1.3739	5.6704	43	0	5.4865	9.7274	77	1	0.9144	5.61	43	0	0.6193	0.9963	5	0	4.1927	1.7359	10	1	0.1606	0.5972	4	0	0.007	5	36.3365	19.9592	105.196	11.1477	92.7826	156.7923
75D_2_FITC.tif	Positive	Positive	PathAnnotationObject	Polygon	373.21	496.73	7.8429	12.0699	0.6765	5.1355	1.9604	0.9011	6.875	165	6.8671	23	0	23	49.4167	1186	13.6347	75	29	46	5.75	138	6.8667	22	0	22	139.6031	42.424	0.9747	15.0471	11.4821	0.6134	1.0868	2.6267	23	0	14.9916	12.0999	75	0	0.5126	2.2963	22	0	0.6697	1.239	6	0	12.5105	7.2297	33	0	0.1351	0.5117	4	0	0.0562	4	32.5672	28.9493	52.4111	19.9592	341.9622	527.5125
75D_2_FITC.tif	Positive	Positive	PathAnnotationObject	Polygon	320.76	497.49	16.47	18.8301	0.5837	8.0937	2.9407	0.9412	5.1087	235	5.642	18	0	18	63.8696	2938	28.014	117	20	97	4.8913	225	5.6302	18	0	18	179.9939	48.9875	0.9425	17.8106	12.6023	0.691	1.2733	2.5382	18	0	15.603	19.8443	117	2	0.5423	2.2967	18	0	0.8482	1.3721	7	0	10.253	8.044	57	2	0.0602	0.2844	2	0	0.093	5	43.5782	46.4193	52.4111	34.1543	583.2799	896.0854
