Image	Name	Class	Parent	ROI	Centroid X µm	Centroid Y µm	Nucleus: Area	Nucleus: Perimeter	Nucleus: Circularity	Nucleus: Max caliper	Nucleus: Min caliper	Nucleus: Eccentricity	Nucleus: Red mean	Nucleus: Red sum	Nucleus: Red std dev	Nucleus: Red max	Nucleus: Red min	Nucleus: Red range	Nucleus: Green mean	Nucleus: Green sum	Nucleus: Green std dev	Nucleus: Green max	Nucleus: Green min	Nucleus: Green range	Nucleus: Blue mean	Nucleus: Blue sum	Nucleus: Blue std dev	Nucleus: Blue max	Nucleus: Blue min	Nucleus: Blue range	Cell: Area	Cell: Perimeter	Cell: Circularity	Cell: Max caliper	Cell: Min caliper	Cell: Eccentricity	Cell: Red mean	Cell: Red std dev	Cell: Red max	Cell: Red min	Cell: Green mean	Cell: Green std dev	Cell: Green max	Cell: Green min	Cell: Blue mean	Cell: Blue std dev	Cell: Blue max	Cell: Blue min	Cytoplasm: Red mean	Cytoplasm: Red std dev	Cytoplasm: Red max	Cytoplasm: Red min	Cytoplasm: Green mean	Cytoplasm: Green std dev	Cytoplasm: Green max	Cytoplasm: Green min	Cytoplasm: Blue mean	Cytoplasm: Blue std dev	Cytoplasm: Blue max	Cytoplasm: Blue min	Nucleus/Cell area ratio	Delaunay: Num neighbors	Delaunay: Mean distance	Delaunay: Median distance	Delaunay: Max distance	Delaunay: Min distance	Delaunay: Mean triangle area	Delaunay: Max triangle area
76A_6_FITC.tif	Positive	Positive	PathAnnotationObject	Polygon	469.91	139.43	5.49	7.9029	1	3.0672	1.8676	0.7988	4.8571	68	7.2839	25	0	25	41.1429	576	12.4212	70	27	43	4.7857	67	7.3294	25	0	25	111.7609	37.8245	0.9816	12.7408	10.6456	0.4353	1.8188	2.5327	25	0	14.2439	9.0029	70	1	0.2997	1.8998	25	0	1.663	1.926	8	0	12.8645	6.2208	29	1	0.0696	0.3722	3	0	0.0367	7	124.621	123.3926	213.3152	69.7323	2293.1851	4526.2056
76A_6_FITC.tif	Positive	Positive	PathAnnotationObject	Polygon	583.3	167.31	11.7643	15.3357	0.6286	6.3651	2.4431	0.9408	7.3824	251	5.0991	19	0	19	52.5588	1787	11.6181	73	35	38	4.3235	147	4.9587	14	0	14	99.9966	38.6312	0.842	15.2889	8.4661	0.8372	2.7004	3.1856	19	0	17.4358	15.7606	73	2	0.6537	2.3186	14	0	1.9865	1.9921	8	0	12.0807	6.9737	43	2	0.0942	0.4084	3	0	0.1197	5	46.0936	45.3916	118.5421	5.3563	534.7655	1980.7982
76A_6_FITC.tif	Positive	Positive	PathAnnotationObject	Polygon	592.32	164.75	6.6664	9.4816	0.9318	3.6207	2.2206	0.8252	4.0556	73	3.9627	16	0	16	38.1667	687	8.7464	63	25	38	2.7778	50	4.1806	16	0	16	56.4687	28.6011	0.8675	10.5052	8.0022	0.6064	1.6892	2.2432	16	0	14.8784	12.2568	63	0	0.4595	1.8122	16	0	1.3615	1.6659	9	0	11.6538	8.6578	38	0	0.1385	0.7651	8	0	0.0976	5	37.3022	25.2402	123.3926	4.3116	47.1563	137.4023
76A_6_FITC.tif	Positive	Positive	PathAnnotationObject	Polygon	591.04	172.7	10.1957	13.0422	0.7532	4.9543	2.8343	0.8328	8.2581	256	6.8018	25	0	25	49.5484	1536	15.5496	85	27	58	4.4839	139	5.549	21	0	21	78.8208	34.0041	0.8566	12.8343	7.9887	0.7424	2.3824	3.9804	25	0	20.9706	14.8619	85	4	0.8382	2.7089	21	0	1.3295	1.8144	8	0	15.8497	6.7039	39	4	0.185	0.6823	5	0	0.1401	4	19.9062	14.0958	47.1217	4.3116	173.5394	516.9766
76A_6_FITC.tif	Positive	Positive	PathAnnotationObject	Polygon	258.98	173.5	12.1564	15.5124	0.6348	6.8378	2.4743	0.9326	12.6667	418	11.1626	51	1	50	74.9697	2474	30.9591	140	31	109	7.8788	260	11.7067	51	0	51	159.9945	46.0948	0.9463	16.8499	12.0422	0.7033	3.4425	4.7452	51	0	20.4939	20.579	140	3	0.7555	3.9406	51	0	2.633	2.3918	12	0	15.7128	9.7419	55	3	0.1303	0.5856	6	0	0.0718	5	103.1502	86.7344	213.3152	50.0673	1899.3102	2155.5869
76A_6_FITC.tif	Positive	Positive	PathAnnotationObject	Polygon	337.69	177.17	25.4893	23.6691	0.5717	10.5153	3.7318	0.932	2.803	185	3.6171	13	0	13	70.3939	4646	22.9299	110	26	84	3.4394	227	4.1552	17	0	17	209.4046	53.7487	0.9109	19.8816	12.9149	0.7623	2.1364	3.2288	13	0	23.671	21.3433	110	1	0.4692	1.8579	17	0	2.0426	3.1633	13	0	17.0959	9.7758	58	1	0.0512	0.3483	5	0	0.1164	5	80.234	71.2335	137.2798	55.0794	2003.1193	4526.2056
76A_6_FITC.tif	Positive	Positive	PathAnnotationObject	Polygon	605.37	184.54	5.0979	8.6333	0.8595	3.4076	1.8763	0.8172	3.8667	58	5.2081	17	0	17	53.3333	800	14.0543	81	35	46	3.5333	53	5.0972	16	0	16	77.6444	34.3182	0.8285	12.7408	8.2117	0.763	2.5373	3.1257	17	0	23.2139	12.0104	81	10	0.3433	1.6872	16	0	2.4301	2.8904	11	0	20.7849	7.8428	66	10	0.086	0.4686	5	0	0.0551	4	26.668	23.8167	56.0653	2.9733	157.4308	516.9766
76A_6_FITC.tif	Positive	Positive	PathAnnotationObject	Polygon	610.01	189.26	3.5293	7.0549	0.8911	2.4246	1.9604	0.6658	10.8333	130	12.8476	42	0	42	75.4167	905	20.5756	117	49	68	10.8333	130	12.897	42	0	42	64.7037	31.7288	0.8077	12.2648	6.997	0.8156	2.3234	4.4698	42	0	21	17.4207	117	7	0.8683	4.3693	42	0	1.6645	1.9147	7	0	16.7871	6.9488	42	7	0.0968	0.6006	6	0	0.0504	7	66.6937	61.262	134.1319	2.9733	850.9236	3558.2534
76A_6_FITC.tif	Positive	Positive	PathAnnotationObject	Polygon	534.19	187.01	4.3136	7.9481	0.8581	2.9971	1.8658	0.7261	2.4615	32	4.1756	15	0	15	56	728	7.6048	71	42	29	2.4615	32	4.2351	15	0	15	56.0765	27.577	0.9266	10.1789	7.8023	0.6456	0.7095	1.6833	15	0	33.8041	11.9504	71	18	0.5203	1.6056	15	0	0.5407	1.1047	7	0	31.6667	9.9544	54	18	0.3333	0.906	7	0	0.0592	8	27.7095	17.2246	81.5458	4.1775	450.4881	1980.7982
76A_6_FITC.tif	Positive	Positive	PathAnnotationObject	Polygon	533.55	199.06	19.9993	23.7063	0.4472	9.374	3.703	0.9428	0.9091	50	1.4691	5	0	5	54.3818	2991	5.8957	68	42	26	0.5818	32	1.315	5	0	5	88.2323	38.866	0.734	15.0375	8.8625	0.8232	0.9167	1.4102	8	0	42.0877	10.1782	68	13	0.3421	1.0396	6	0	0.9191	1.3953	8	0	38.1792	7.8812	53	13	0.2659	0.9269	6	0	0.2241	6	11.0566	6.8811	28.4265	4.0618	50.2244	186.7039
76A_6_FITC.tif	Positive	Positive	PathAnnotationObject	Polygon	529.38	193.17	2.745	5.8938	0.993	2.3384	1.3284	0.7795	1.25	10	1.8323	5	0	5	50.5	404	2.0702	53	48	5	0.25	2	0.7071	2	0	2	39.6065	23.6638	0.8888	9.0974	6.2458	0.6826	0.9515	1.665	10	0	30.8252	12.9368	58	13	0.3689	1.0663	9	0	0.9263	1.6583	10	0	29.1684	12.0651	58	13	0.3789	1.0933	9	0	0.0455	4	16.2275	15.8234	29.2016	4.0618	54.429	113.755
76A_6_FITC.tif	Positive	Positive	PathAnnotationObject	Polygon	539.98	192.17	9.0193	13.0641	0.6641	5.1263	3.3742	0.7096	0.5	15	1.1064	5	0	5	51.6667	1550	4.5662	60	43	17	0.4667	14	1.2521	6	0	6	39.9986	26.0614	0.74	10.7628	5.0381	0.8818	0.5047	1.5624	12	0	45.5888	6.9241	65	25	0.4766	1.6215	12	0	0.5065	1.7139	12	0	43.2208	6.2168	65	25	0.4805	1.7518	12	0	0.242	4	5.8974	6.0829	7.9714	3.4522	9.874	15.9755
76A_6_FITC.tif	Positive	Positive	PathAnnotationObject	Polygon	541.79	197.78	10.98	15.8871	0.5467	6.753	2.2553	0.9534	1.5152	50	1.7342	6	0	6	50.1212	1654	7.1491	60	33	27	0.3636	12	0.7424	3	0	3	59.6058	41.2779	0.4396	17.7681	5.3992	0.9751	0.8344	1.3627	6	0	31.9745	13.8679	60	12	0.2038	0.6674	4	0	0.6532	1.1897	6	0	27.1452	10.8977	53	12	0.1613	0.6425	4	0	0.1759	4	6.3086	6.0976	9.587	3.4522	15.0682	27.5376
76A_6_FITC.tif	Positive	Positive	PathAnnotationObject	Polygon	548.09	195.75	16.0779	17.4136	0.6663	7.2374	3.3189	0.8969	3.1489	148	4.3488	14	0	14	74.6809	3510	13.6797	103	43	60	3.1064	146	4.2694	13	0	13	62.743	35.7321	0.6175	14.9261	6.2807	0.9318	1.1879	2.7332	14	0	45.4485	22.2963	103	13	1.097	2.7033	13	0	0.4068	0.9359	5	0	33.8051	11.9688	73	13	0.2966	0.8993	5	0	0.2615	6	7.5933	6.4059	14.8455	4.9199	11.5784	19.2227
76A_6_FITC.tif	Positive	Positive	PathAnnotationObject	Polygon	554.27	198.16	3.5293	7.1023	0.8792	2.6287	1.8527	0.6658	3.8333	46	3.9042	11	0	11	53.75	645	10.6611	70	37	33	3.9167	47	3.9187	11	0	11	48.2336	25.9575	0.8996	9.903	6.8883	0.6295	0.7778	1.815	11	0	16.6349	17.1164	70	1	0.4603	1.6621	11	0	0.4561	1.0317	5	0	12.7281	12.3017	50	1	0.0965	0.3984	3	0	0.0688	7	33.6622	45.3916	57.5869	4.7622	178.6104	516.9766
76A_6_FITC.tif	Positive	Positive	PathAnnotationObject	Polygon	217.35	199.92	20.7836	20.1973	0.6402	7.3948	5.0284	0.7777	0.6333	38	1.0246	4	0	4	40.35	2421	6.7014	55	28	27	0.3	18	0.8694	4	0	4	196.0717	50.8382	0.9533	17.3144	14.4029	0.563	0.874	1.2952	8	0	22	11.823	55	3	0.186	0.7102	7	0	0.9068	1.3254	8	0	19.4977	10.0278	42	3	0.1705	0.6854	7	0	0.1094	5	109.4747	94.9343	193.1693	50.0673	2049.1311	5096.3101
76A_6_FITC.tif	Positive	Positive	PathAnnotationObject	Polygon	502.61	199.06	13.3329	16.3782	0.6246	7.0973	2.8593	0.9156	6.3158	240	7.204	34	0	34	66.0526	2510	13.8505	96	36	60	4.6842	178	6.7307	32	0	32	129.4073	42.8016	0.8877	14.9501	12.3709	0.4181	2.3423	3.4654	34	0	24.955	18.8467	96	2	0.6246	2.7332	32	0	1.8305	2.174	10	0	19.661	11.4253	77	2	0.1017	0.5742	8	0	0.1024	6	48.8143	30.8149	126.1701	8.2995	1213.6079	4268.2559
76A_6_FITC.tif	Positive	Positive	PathAnnotationObject	Polygon	550.47	203.51	10.98	12.3663	0.9023	4.3512	3.4992	0.5166	5.5161	171	6.6627	27	0	27	100.871	3127	23.2016	144	58	86	5.6774	176	6.7498	26	0	26	41.5672	24.9156	0.8414	9.3737	5.3136	0.8001	2.2315	4.9059	27	0	52.6667	37.3918	144	8	2.1852	4.9505	26	0	0.9091	3.192	25	0	33.2597	20.6534	137	8	0.7792	3.0891	25	0	0.2538	4	18.7273	4.8411	61.262	3.965	47.3783	89.913
76A_6_FITC.tif	Positive	Positive	PathAnnotationObject	Polygon	509.07	208.5	17.2543	20.6917	0.5064	7.2804	4.1383	0.8536	3.234	152	5.2346	28	0	28	59	2773	15.2843	100	32	68	2.8085	132	5.3228	28	0	28	147.4459	44.4907	0.9361	15.8193	11.7554	0.6354	3.0557	3.0968	28	0	28.8143	15.4144	100	9	0.5252	2.2785	28	0	3.0303	2.669	11	0	24.5152	9.4962	62	9	0.2	1.0588	11	0	0.1149	6	24.1762	25.0864	38.0899	8.2995	145.3186	432.243
76A_6_FITC.tif	Positive	Positive	PathAnnotationObject	Polygon	545.8	207.27	5.0979	7.7864	1	2.7367	2.2404	0.5058	5.6429	79	8.8718	31	0	31	70.6429	989	20.9894	104	43	61	5.5714	78	8.6087	30	0	30	58.8215	28.6995	0.8974	10.6139	7.0848	0.7232	0.817	3.1213	31	0	17.0131	19.4926	104	3	0.549	2.9889	30	0	0.3309	0.846	4	0	11.6115	7.4722	49	3	0.0432	0.204	1	0	0.0692	10	46.3914	40.9627	112.9291	3.965	807.7739	3558.2534
76A_6_FITC.tif	Positive	Positive	PathAnnotationObject	Polygon	506.1	226.02	8.235	11.1846	0.8272	4.0344	2.9533	0.7431	4	92	3.0302	12	0	12	48	1104	6.0902	61	37	24	0.913	21	2.1302	7	0	7	89.0166	36.8778	0.8225	14.1337	8.2588	0.799	1.2217	1.9308	12	0	25.1913	13.4189	61	7	0.1696	0.7717	7	0	0.913	1.4853	7	0	22.657	11.4749	49	7	0.087	0.33	2	0	0.0955	6	58.0275	30.2263	138.19	4.0137	1183.3171	2989.3584
76A_6_FITC.tif	Positive	Positive	PathAnnotationObject	Polygon	511.7	230.88	11.3722	12.6559	0.8922	4.9007	2.952	0.7371	4.303	142	2.9632	10	0	10	46	1518	3.7249	52	37	15	0.0606	2	0.2423	1	0	1	98.8202	39.1639	0.8096	14.7855	8.5608	0.8127	4.7165	3.311	13	0	29.8504	9.9549	52	7	0.126	0.5551	6	0	4.7783	3.3616	13	0	27.4389	8.1844	46	7	0.1357	0.5875	6	0	0.11	4	25.1467	26.3689	43.8354	4.0137	279.6584	619.5179
76A_6_FITC.tif	Positive	Positive	PathAnnotationObject	Polygon	324.3	230.56	15.6857	16.0083	0.7692	5.7935	4.0354	0.6804	6.1628	265	7.943	28	0	28	90.4186	3888	29.7195	140	40	100	6.5349	281	8.6996	31	0	31	161.171	45.7418	0.968	15.6949	13.1505	0.5348	1.7694	3.4363	28	0	23.5995	27.4006	140	2	0.716	3.4266	31	0	1.2575	1.8625	8	0	15.813	12.4586	78	2	0.0379	0.2415	2	0	0.0907	7	36.7224	26.5054	86.7344	13.7552	628.9501	2124.8557
76A_6_FITC.tif	Positive	Positive	PathAnnotationObject	Polygon	351.7	234.01	11.3722	13.6946	0.762	5.4129	3.0023	0.7198	2.0571	72	2.5775	8	0	8	51.2286	1793	10.9089	74	35	39	1.8286	64	2.64	8	0	8	128.6231	41.4781	0.9395	14.4369	11.3888	0.593	1.1813	1.7243	8	0	18.9456	16.1163	74	1	0.3353	1.1804	8	0	1.0777	1.5679	6	0	15.1284	11.7714	45	1	0.1588	0.6778	6	0	0.0917	5	36.1147	31.2583	58.8879	9.1504	543.1368	906.8212
76A_6_FITC.tif	Positive	Positive	PathAnnotationObject	Polygon	381.97	233.19	11.3722	12.4124	0.9276	4.8493	3.0996	0.7453	3.9355	122	2.5421	10	1	9	61.9355	1920	6.1857	75	48	27	1.0645	33	1.8962	8	0	8	140.7795	42.3876	0.9846	14.3179	11.8981	0.5118	3.6528	3.1559	16	0	32.3639	15.4098	75	3	0.3806	1.1645	9	0	3.6261	3.2097	16	0	29.5775	12.8829	67	3	0.3161	1.0522	9	0	0.0753	6	88.4157	98.337	128.5394	31.2583	2521.1406	4526.2056
76A_6_FITC.tif	Positive	Positive	PathAnnotationObject	Polygon	343.39	240.79	10.5879	15.8197	0.5316	7.153	2.0664	0.9644	7.4516	231	7.4737	31	0	31	70.8064	2195	18.6412	106	34	72	7	217	7.2893	30	0	30	111.7609	39.9043	0.882	14.7932	10.6236	0.6817	4.1812	4.546	31	0	27.8328	20.5683	106	2	0.9059	3.3211	30	0	3.7852	3.8923	14	0	22.6289	13.4875	58	2	0.168	1.0286	13	0	0.0947	6	22.0551	17.7102	54.7115	9.1504	171.7317	566.0266
76A_6_FITC.tif	Positive	Positive	PathAnnotationObject	Polygon	332.53	240.57	19.215	18.8745	0.6778	6.7256	4.5963	0.6803	6.1765	315	3.8195	16	0	16	64.7255	3301	16.4925	104	40	64	3.0588	156	4.6061	17	0	17	120.7802	43.6657	0.796	15.0712	11.1636	0.6692	5.1613	4.6481	19	0	31.9194	19.9477	104	5	0.5581	2.174	17	0	4.9614	4.7754	19	0	25.4595	13.0084	64	5	0.0656	0.2633	2	0	0.1564	3	9.7897	11.1992	13.7552	4.4148	38.6586	69.1263
76A_6_FITC.tif	Positive	Positive	PathAnnotationObject	Polygon	329.09	247.4	7.4507	10.4211	0.8621	3.7018	2.7292	0.6975	6.1905	130	3.7897	13	2	11	48.9048	1027	6.9275	61	40	21	0.9048	19	1.2209	4	0	4	55.6844	30.9514	0.7304	12.4422	7.1283	0.7939	3.5655	3.2141	13	0	25.0828	14.8439	61	3	0.3655	0.8961	5	0	3.121	2.8954	10	0	21.0484	11.6987	43	3	0.2742	0.7998	5	0	0.1224	6	20.2632	15.2741	36.6054	4.4148	136.2569	294.743
76A_6_FITC.tif	Positive	Positive	PathAnnotationObject	Polygon	294.77	250.88	31.3715	22.7162	0.764	7.8687	5.5839	0.7376	2.7816	242	3.1895	17	0	17	55.5172	4830	10.167	91	34	57	1.1724	102	2.6859	15	0	15	155.681	47.8024	0.8561	17.2899	11.597	0.7725	2.8828	2.7356	17	0	28.2893	18.6822	91	8	0.5037	1.8737	16	0	2.9108	2.601	16	0	20.7452	12.4289	81	8	0.3185	1.5315	16	0	0.193	7	39.202	36.6054	94.132	4.7708	638.426	2155.5869
76A_6_FITC.tif	Positive	Positive	PathAnnotationObject	Polygon	332.38	259.48	34.9008	29.9532	0.4888	11.4325	5.6475	0.917	4.25	391	5.1922	26	0	26	79.5543	7319	20.0084	126	41	85	2.837	261	5.0953	26	0	26	234.5018	57.7272	0.8843	20.8951	15.0291	0.6707	3.2454	3.2404	26	0	33.2638	24.8325	126	1	0.4574	2.2393	26	0	3.0631	2.71	11	0	24.8639	14.0169	73	1	0.0256	0.2021	3	0	0.1491	7	36.1362	37.3387	52.6742	13.5794	437.6511	1352.9647
76A_6_FITC.tif	Positive	Positive	PathAnnotationObject	Polygon	290.76	257.35	4.7057	8.0713	0.9077	3.2575	1.8085	0.7738	11.1429	156	7.0259	23	2	21	66.6429	933	9.3035	85	52	33	6.2143	87	4.8703	15	0	15	19.6072	18.6596	0.7077	7.5382	3.3429	0.8978	4.3636	6.5188	28	0	35.5818	22.5846	90	10	2.0909	5.0782	28	0	2.0488	4.4438	28	0	24.9756	14.404	90	10	0.6829	4.3729	28	0	0.1818	6	46.0619	26.685	119.9711	3.0083	1256.8829	5096.3101
76A_6_FITC.tif	Positive	Positive	PathAnnotationObject	Polygon	517.88	258.97	14.1172	14.5215	0.8413	5.3033	3.374	0.7374	6.5952	277	2.253	11	2	9	45.0714	1893	4.8358	54	35	19	0.1905	8	0.9432	6	0	6	160.3867	45.2719	0.9834	15.473	13.284	0.4955	5.3771	2.5253	13	0	30.1922	10.5966	54	9	0.0681	0.4739	6	0	5.2385	2.52	13	0	28.4986	9.7136	54	9	0.0542	0.3863	5	0	0.0872	6	66.0312	55.8257	139.5725	30.0342	1639.6102	3398.2456
76A_6_FITC.tif	Positive	Positive	PathAnnotationObject	Polygon	295.3	257.86	1.5686	4.5074	0.9702	1.8094	1.0518	0.8704	2	10	2.7386	5	0	5	51	255	4.5277	56	46	10	2.2	11	2.5884	5	0	5	3.9214	6.8047	1	2.4257	1.8626	0.6575	0.9091	2.0226	5	0	46.1818	6.0633	56	36	1.4545	1.9164	5	0	0	0	0	0	42.1667	3.8166	47	36	0.8333	0.9832	2	0	0.3466	4	4.5293	4.6783	5.7523	3.0083	7.8222	11.3704
76A_6_FITC.tif	Positive	Positive	PathAnnotationObject	Polygon	299.8	261.38	16.8622	17.2748	0.7101	7.0172	3.4148	0.8776	5.2979	249	5.89	19	0	19	92.7447	4359	24.4642	134	47	87	6.2766	295	6.5631	21	0	21	72.5465	32.5004	0.8631	11.0952	9.1114	0.5202	1.6931	3.6888	19	0	39.5185	35.8931	134	4	1.5767	4.2327	21	0	0.5	1.0297	5	0	21.9014	16.297	85	4	0.0211	0.1871	2	0	0.2236	7	15.1781	8.6048	36.4314	4.5859	84.7942	238.1106
76A_6_FITC.tif	Positive	Positive	PathAnnotationObject	Polygon	289.77	262.8	15.6857	16.7963	0.6987	6.7622	3.3948	0.8766	2.5455	112	3.6755	15	0	15	59.4091	2614	10.4733	84	36	48	2.1136	93	3.8168	16	0	16	72.1544	32.6917	0.8484	12.0639	7.9542	0.763	1.8984	2.6428	15	0	27.2299	21.7813	84	3	0.6471	2.0852	16	0	1.6993	2.2108	8	0	17.3287	12.9858	52	3	0.1958	0.6419	3	0	0.2229	6	13.0442	5.785	43.2116	5.0876	40.871	158.8532
76A_6_FITC.tif	Positive	Positive	PathAnnotationObject	Polygon	292.82	268.9	5.49	9.8578	0.7099	3.7673	1.9397	0.8522	1.4118	24	1.9059	5	0	5	48.2353	820	4.9311	59	39	20	0.7647	13	1.715	5	0	5	29.0186	23.3189	0.6706	9.5046	4.194	0.9111	2.2051	2.3815	8	0	33.8077	12.2199	59	11	0.359	1.0687	5	0	2.4262	2.4662	8	0	29.7869	10.4756	56	11	0.2459	0.7886	4	0	0.1924	4	5.8009	6.4318	7.5278	2.8122	9.3976	14.9433
76A_6_FITC.tif	Positive	Positive	PathAnnotationObject	Polygon	299.59	269.98	7.0586	10.8025	0.7601	4.3006	2.3244	0.8432	0.8636	19	2.007	6	0	6	47.6364	1048	8.8831	58	28	30	0.6364	14	1.6488	6	0	6	40.7829	25.9571	0.7606	10.0271	5.6751	0.8165	1.283	1.9408	7	0	22.3396	17.178	58	3	0.1509	0.7903	6	0	1.3929	1.9202	7	0	15.7143	11.8022	50	3	0.0238	0.1534	1	0	0.1817	4	13.5826	7.0897	37.3387	2.8122	64.4717	150.5162
76A_6_FITC.tif	Positive	Positive	PathAnnotationObject	Polygon	295.47	277.8	19.6072	20.2086	0.6033	6.8945	4.4513	0.7811	3.98	199	3.7279	14	0	14	62.78	3139	15.2132	90	35	55	2.76	138	3.7009	14	0	14	135.6816	44.1433	0.875	14.7819	12.1477	0.446	1.977	2.632	14	0	24.773	19.9221	90	1	0.4885	1.7253	14	0	1.6409	2.2388	9	0	18.396	11.8968	64	1	0.1074	0.4516	5	0	0.1301	6	21.3805	20.9016	40.2581	5.5746	197.1343	570.4235
76A_6_FITC.tif	Positive	Positive	PathAnnotationObject	Polygon	380.05	281.12	17.6465	17.0246	0.7651	6.2785	4.1681	0.781	5.9348	273	2.594	11	2	9	53.1739	2446	6.3572	63	40	23	0.0217	1	0.1474	1	0	1	169.406	46.5348	0.9831	15.722	13.7225	0.4792	3.8915	3.2752	14	0	29.5335	15.4236	63	5	0.1409	0.5741	4	0	3.6486	3.2655	14	0	26.7235	13.6751	57	5	0.155	0.6037	4	0	0.0997	10	113.2983	108.8413	202.8539	47.8526	4360.6426	17575.6152
76A_6_FITC.tif	Positive	Positive	PathAnnotationObject	Polygon	303.61	303.08	17.2543	16.076	0.839	5.6758	4.0657	0.712	8.3125	399	3.9795	14	0	14	43.1875	2073	5.37	53	31	22	0.3125	15	0.9029	5	0	5	168.6217	46.4391	0.9826	15.624	13.7767	0.4394	4.6674	3.7278	15	0	25.8047	11.2848	53	2	0.1302	0.6308	7	0	4.2094	3.4364	15	0	23.6204	9.8479	47	2	0.1073	0.5855	7	0	0.0985	9	93.2873	79.4926	192.9763	25.0654	2453.9709	7641.7349
76A_6_FITC.tif	Positive	Positive	PathAnnotationObject	Polygon	279.13	302.05	7.8429	10.9091	0.8281	3.8438	2.4387	0.7867	3.0909	68	4.8981	18	0	18	58.4091	1285	19.4512	93	27	66	3.0455	67	4.9423	18	0	18	84.3108	35.7343	0.8297	13.3547	8.0104	0.8039	0.6119	1.8349	18	0	15.5753	17.6954	93	2	0.379	1.8066	18	0	0.335	0.6384	3	0	10.7919	8.8768	56	2	0.0812	0.355	2	0	0.0825	6	41.3772	38.1654	94.7141	4.259	487.8816	2128.9954
76A_6_FITC.tif	Positive	Positive	PathAnnotationObject	Polygon	539.42	304.77	13.725	13.6072	0.9315	4.7459	3.8885	0.5352	4.2973	159	2.4818	10	0	10	50	1850	5.902	65	37	28	0.3514	13	1.2296	5	0	5	148.6224	43.6947	0.9782	14.5142	13.1492	0.294	4.4737	2.8241	14	0	31.3263	9.7203	65	16	0.1421	0.7485	8	0	4.4927	2.8612	14	0	29.312	7.697	51	16	0.1195	0.6756	8	0	0.0887	6	74.6208	51.8735	161.2542	44.9878	2137.9482	6787.5815
76A_6_FITC.tif	Positive	Positive	PathAnnotationObject	Polygon	597.07	304.95	18.8229	18.0646	0.7248	6.707	3.8924	0.8566	2.3725	121	3.2309	13	0	13	64.1373	3271	13.51	94	37	57	2.1569	110	3.2947	13	0	13	134.5052	44.5212	0.8527	16.2798	11.055	0.7551	3.3797	3.5336	13	0	33.3768	15.8477	94	9	0.3565	1.4953	13	0	3.5544	3.5596	13	0	28.0408	8.3934	61	9	0.0442	0.3327	3	0	0.1391	5	55.1654	26.0236	118.4111	4.9917	1115.9773	3558.2534
76A_6_FITC.tif	Positive	Positive	PathAnnotationObject	Polygon	584.15	305.94	8.235	10.6967	0.9044	4.0527	2.5957	0.7938	5.3478	123	5.9743	17	0	17	60.7826	1398	15.6698	88	37	51	5.3913	124	6.0658	18	0	18	124.3095	40.0933	0.9718	13.7356	11.8981	0.3869	1.3323	2.3571	17	0	19.3166	14.2889	88	4	0.5611	2.191	18	0	1.0203	1.4044	5	0	16.0946	7.5701	42	4	0.1858	0.6859	5	0	0.0572	8	51.3217	47.5154	107.5371	13.4712	734.8721	2466.0117
76A_6_FITC.tif	Positive	Positive	PathAnnotationObject	Polygon	277.18	309.71	13.3329	13.9244	0.8641	4.9212	3.8107	0.6327	0.5789	22	1.056	3	0	3	42.8684	1629	11.9145	70	19	51	0.5	19	1.0067	4	0	4	102.7416	38.819	0.8568	14.0159	9.303	0.7469	0.7795	1.2406	7	0	16.0152	14.7433	70	1	0.2281	0.6547	4	0	0.8133	1.268	7	0	11.48	9.3704	46	1	0.1822	0.5651	3	0	0.1354	5	70.0426	93.6547	117.4785	4.259	1538.3215	4159.8496
76A_6_FITC.tif	Positive	Positive	PathAnnotationObject	Polygon	184.07	310.29	6.6664	10.9902	0.6936	4.8382	1.7712	0.9043	23	483	7.5631	38	10	28	42.7143	897	7.6364	59	32	27	2.7619	58	3.7404	12	0	12	133.3288	41.4107	0.977	14.9716	11.5128	0.6212	5.9152	7.3005	38	0	17.3977	10.303	59	5	0.2661	1.2334	12	0	4.7975	5.7282	23	0	15.7414	8.0412	42	5	0.1028	0.5579	5	0	0.0449	7	96.2972	93.6547	119.9711	78.6436	2066.6016	5096.3101
76A_6_FITC.tif	Positive	Positive	PathAnnotationObject	Polygon	602.36	311.28	5.49	8.9986	0.852	3.0877	2.3498	0.6114	3.1765	54	2.984	11	0	11	44	748	7.4917	56	33	23	1.3529	23	2.2897	8	0	8	74.1151	33.1483	0.8476	12.3807	7.8414	0.7879	2.7749	2.8259	11	0	26.6283	8.5047	56	15	0.2408	0.9704	8	0	2.7356	2.816	10	0	24.931	6.4571	44	15	0.1322	0.6449	5	0	0.0732	5	23.283	21.1815	49.5238	4.9917	209.5911	579.4062
76A_6_FITC.tif	Positive	Positive	PathAnnotationObject	Polygon	618.58	319.67	11.3722	12.5823	0.9027	4.4697	3.1311	0.7099	4.7097	146	5.2675	17	0	17	106	3286	23.2709	139	57	82	6.6129	205	5.9424	22	0	22	87.8401	35.9296	0.8551	13.3819	7.8673	0.8145	1.307	2.8054	17	0	29.2807	36.1385	139	3	1.0921	3.322	22	0	0.7716	1.6579	14	0	17.2081	18.7683	117	3	0.2234	1.3404	14	0	0.116	4	46.3579	23.6026	134.1319	4.0945	451.0882	1302.3729
76A_6_FITC.tif	Positive	Positive	PathAnnotationObject	Polygon	618.2	327.62	15.2936	14.6349	0.8973	5.1325	4.0847	0.5176	1.725	69	3.0212	12	0	12	68.975	2759	23.1123	119	32	87	1.525	61	2.6311	10	0	10	105.4866	39.6599	0.8428	14.4642	9.0356	0.777	0.463	1.4236	12	0	20.363	24.5201	119	2	0.2741	1.1818	10	0	0.2435	0.7067	5	0	11.9087	11.4333	84	2	0.0565	0.3754	5	0	0.1366	7	52.9954	52.6009	123.8969	4.0945	562.4496	1956.8333
76A_6_FITC.tif	Positive	Positive	PathAnnotationObject	Polygon	573.56	349.94	6.6664	10.5733	0.7494	3.7515	2.6499	0.675	7.6316	145	9.5231	32	0	32	66.1579	1257	17.6926	103	39	64	7.4211	141	9.477	32	0	32	112.153	39.236	0.9155	13.4335	11.0177	0.4685	3.2897	3.8356	32	0	31.9069	15.0488	103	14	0.8655	3.3326	32	0	2.9852	2.8777	17	0	29.5055	11.5409	73	14	0.4059	1.6323	14	0	0.053	6	30.006	29.8786	51.8533	8.1495	266.822	579.4062
76A_6_FITC.tif	Positive	Positive	PathAnnotationObject	Polygon	560.46	348.54	5.49	7.9234	1	2.8602	2.2357	0.6114	8.1429	114	9.5423	26	0	26	77.6429	1087	17.2252	109	55	54	7.7143	108	10.011	27	0	27	25.0972	20.6696	0.7382	7.6757	4.2178	0.8446	2.2464	5.3314	26	0	35.1014	26.898	109	11	1.6522	5.3628	27	0	0.7455	1.6011	7	0	24.2727	15.8435	62	11	0.1091	0.3688	2	0	0.1622	5	22.8015	5.6681	50.9215	2.659	252.3098	1020.801
76A_6_FITC.tif	Positive	Positive	PathAnnotationObject	Polygon	565.43	349.59	5.8822	8.5671	1	2.9176	2.39	0.4494	11.4375	183	13.4708	47	0	47	101.75	1628	24.4363	151	66	85	10.75	172	13.2841	46	0	46	38.4301	24.981	0.7739	9.6256	5.9114	0.8202	2.901	6.6626	47	0	46.5248	30.2895	151	11	1.8119	6.4695	46	0	1.2941	1.987	8	0	36.1294	17.1844	77	11	0.1294	0.4828	3	0	0.1277	5	14.2957	5.0498	49.1644	4.3744	62.1351	176.3964
76A_6_FITC.tif	Positive	Positive	PathAnnotationObject	Polygon	555.12	355.72	29.0186	24.5793	0.6036	9.4457	5.0491	0.8746	2.4533	184	2.7078	12	0	12	64.9733	4873	7.7581	85	49	36	1.3733	103	2.5403	10	0	10	153.3281	49.1161	0.7987	18.8501	10.8076	0.8426	1.236	1.8404	12	0	29.2157	23.5657	85	2	0.3426	1.2689	10	0	0.9498	1.431	6	0	20.8088	17.3163	64	2	0.1003	0.4226	4	0	0.1794	7	23.4572	28.5155	53.0367	4.3347	125.1435	472.9133
76A_6_FITC.tif	Positive	Positive	PathAnnotationObject	Polygon	561.15	353.37	0.7843	3.013	1	1.0118	0.8896	0.866	2	6	1	3	1	2	59.3333	178	1.5275	61	58	3	0.6667	2	0.5774	1	0	1	3.1371	5.8678	1	2.21	1.476	0.6448	2.5	0.9258	4	1	54.625	4.8088	61	46	0.25	0.4629	1	0	2.8	0.8367	4	2	51.8	3.5637	55	46	0	0	0	0	0.2251	4	3.9036	4.1077	4.7402	2.659	6.8566	8.6921
76A_6_FITC.tif	Positive	Positive	PathAnnotationObject	Polygon	564.56	358.2	7.8429	12.7212	0.609	5.5979	1.8632	0.9319	3.913	90	3.4891	11	0	11	58.8696	1354	4.7987	68	51	17	0.9565	22	2.0775	7	0	7	66.6644	30.2685	0.9144	10.875	7.8415	0.6139	5.1897	3.0551	13	0	46.1609	8.7196	68	25	0.2701	1.0322	7	0	5.3841	2.9481	13	0	44.2252	7.4683	58	25	0.1656	0.7158	6	0	0.1221	6	11.9886	8.8933	27.4203	3.8807	73.7276	235.4738
76A_6_FITC.tif	Positive	Positive	PathAnnotationObject	Polygon	580.26	361.77	7.0586	10.5026	0.8042	3.9673	2.5541	0.8109	6.5	143	4.0326	15	0	15	57.6364	1268	5.9325	67	45	22	0.8636	19	1.4895	5	0	5	131.3681	40.7414	0.9946	13.4826	11.8981	0.4126	4.4762	3.4752	16	0	38.1875	10.0005	74	20	0.3333	1.4565	16	0	4.3344	3.3951	16	0	36.8248	8.7309	74	20	0.2962	1.4493	16	0	0.0569	6	24.0241	17.7217	52.6009	13.6912	213.1022	358.9984
76A_6_FITC.tif	Positive	Positive	PathAnnotationObject	Polygon	587.47	371.11	3.9214	7.156	0.9623	2.4307	1.9798	0.6913	6.0833	73	6.2589	21	0	21	69.25	831	15.3867	99	51	48	5.0833	61	6.8816	21	0	21	58.8215	28.533	0.9079	10.8327	7.257	0.7382	2.6013	2.9787	21	0	36.9085	14.0321	99	15	0.5752	2.3443	21	0	2.305	2.3298	10	0	34.156	9.8939	74	15	0.1915	0.5966	3	0	0.058	4	20.1203	10.1853	56.1977	3.913	123.4294	356.4587
76A_6_FITC.tif	Positive	Positive	PathAnnotationObject	Polygon	591.81	377.33	9.0193	11.8243	0.8106	4.5199	2.8884	0.7502	5.8462	152	5.7667	20	0	20	74.9615	1949	15.0718	108	52	56	4.2308	110	5.5807	18	0	18	66.2722	31.0722	0.8626	11.8964	8.3558	0.7123	3.815	4.0117	20	0	30.4971	22.1385	108	7	0.7168	2.6316	18	0	3.4558	3.5214	13	0	22.6327	11.1417	60	7	0.0952	0.4873	4	0	0.1389	5	33.6666	19.8713	80.8462	3.913	552.0137	1956.8333
76A_6_FITC.tif	Positive	Positive	PathAnnotationObject	Polygon	583.13	380.18	6.2743	11.3902	0.6077	4.3065	2.3512	0.809	4.1905	88	3.1244	11	0	11	56.7143	1191	7.4441	71	45	26	1.5238	32	2.6574	8	0	8	90.9773	36.4889	0.8587	13.1442	9.909	0.6143	2.9241	2.5732	11	0	43.5232	10.6709	71	13	0.4135	1.241	8	0	2.8009	2.4876	9	0	42.2407	10.0592	62	13	0.3056	0.9495	7	0	0.0717	7	15.0406	15.89	24.1118	5.0018	64.0468	211.8408
76A_6_FITC.tif	Positive	Positive	PathAnnotationObject	Polygon	557.08	380.95	30.9793	26.6653	0.5475	10.3625	4.8352	0.9229	5.2716	427	4.7723	24	0	24	70.3086	5695	15.4512	121	42	79	1.2099	98	3.5662	23	0	23	137.6423	48.0325	0.7497	16.735	12.5204	0.6979	5.6078	3.9842	24	0	45.3473	18.2574	121	8	0.3277	1.7947	23	0	5.7065	3.7257	15	0	38.0217	11.1662	73	8	0.0688	0.4164	5	0	0.2247	4	12.2315	8.6342	28.5623	3.0954	51.3653	120.2843
76A_6_FITC.tif	Positive	Positive	PathAnnotationObject	Polygon	150.45	381.27	19.215	16.6827	0.8676	6.1934	4.1275	0.714	0.6346	33	1.2372	5	0	5	42.1154	2190	9.9008	62	22	40	0.6923	36	1.2916	5	0	5	174.5038	47.3077	0.9798	16.2804	13.7179	0.5261	1.1708	1.657	8	0	12.8	12.7528	62	1	0.1483	0.5816	5	0	1.2417	1.6934	8	0	8.9211	6.5091	40	1	0.0763	0.3489	3	0	0.1086	5	90.7586	78.6436	193.1693	27.91	509.6511	1094.875
76A_6_FITC.tif	Positive	Positive	PathAnnotationObject	Polygon	563.07	381.81	1.5686	4.211	1	1.5507	1.0437	0	4.8	24	1.6432	7	3	4	55.2	276	4.1473	61	50	11	0	0	0	0	0	0	12.5486	15.0351	0.6976	6.3947	2.3616	0.9296	6.2353	1.8267	9	2	48.4706	5.8891	61	38	0.2941	0.7988	4	0	6.4828	1.7652	9	2	47.3103	5.3792	58	38	0.3448	0.8567	4	0	0.0874	7	17.3321	24.1118	28.5182	3.0954	92.3831	235.4738
76A_6_FITC.tif	Positive	Positive	PathAnnotationObject	Polygon	566.88	384.79	7.8429	11.4314	0.7542	3.9877	2.9768	0.743	4.6154	120	3.2994	14	0	14	63.3846	1648	7.3162	79	49	30	1.3077	34	2.2049	6	0	6	52.1551	26.9815	0.9003	9.3297	7.1554	0.6204	4.0221	3.1516	14	0	48.0074	10.1926	79	25	0.3676	1.1726	6	0	3.8818	3.1147	14	0	44.3727	6.8307	62	25	0.1455	0.5721	4	0	0.1597	5	9.4628	6.72	21.2142	3.0937	33.1552	79.8721
76A_6_FITC.tif	Positive	Positive	PathAnnotationObject	Polygon	562.1	387.85	0.3921	2.3107	0.9229	0.8823	0.609	0	1	3	1	2	0	2	60.3333	181	0.5774	61	60	1	0	0	0	0	0	0	4.7057	7.6079	1	2.6831	2.131	0.5375	1.8462	2.035	6	0	59.6154	2.3288	64	55	0	0	0	0	2.1	2.2336	6	0	59.4	2.6331	64	55	0	0	0	0	0.0555	6	6.417	5.373	12.7638	3.0937	16.621	33.7507
76A_6_FITC.tif	Positive	Positive	PathAnnotationObject	Polygon	549.03	391.77	15.6857	18.6535	0.5665	7.3769	2.9863	0.9367	15.6098	640	10.851	59	0	59	84.7805	3476	22.0188	142	49	93	10.0244	411	11.9446	57	0	57	152.5438	45.3944	0.9303	16.1601	12.7376	0.6389	10.1535	9.5347	59	0	29.2455	25.3039	142	1	1.2072	4.9194	57	0	9.5143	9.1754	30	0	22.74	15.9743	81	1	0.1743	0.6987	5	0	0.0934	12	83.2989	67.2297	202.8539	11.2891	2893.8728	17575.6152
76A_6_FITC.tif	Positive	Positive	PathAnnotationObject	Polygon	575.76	388.83	15.6857	15.1916	0.8541	5.3609	3.5742	0.776	2.7857	117	2.7809	12	0	12	65.2857	2742	10.3412	90	50	40	1.119	47	2.6245	11	0	11	87.448	36.3272	0.8327	12.2798	9.5352	0.4821	3.7018	2.6397	12	0	48.2939	11.2233	90	26	0.3333	1.3418	11	0	3.9086	2.5695	11	0	44.457	7.107	61	26	0.1559	0.7146	7	0	0.1676	5	9.7163	10.3103	14.7385	4.6926	35.9612	79.8721
76A_6_FITC.tif	Positive	Positive	PathAnnotationObject	Polygon	176.34	391.55	15.6857	16.5756	0.7174	5.5882	3.9394	0.7789	7.5238	316	4.6183	17	0	17	43.7143	1836	5.7139	56	32	24	0.3095	13	0.7805	3	0	3	163.916	45.659	0.988	15.1811	13.5381	0.3935	5.0861	3.8976	18	0	25.2081	10.424	56	8	0.1411	0.6472	7	0	4.8138	3.7177	18	0	23.141	8.6381	46	8	0.1223	0.629	7	0	0.093	5	37.3882	27.4304	81.6215	24.0321	486.9079	1103.2778
76A_6_FITC.tif	Positive	Positive	PathAnnotationObject	Polygon	560.74	393.7	25.0972	21.42	0.6874	8.047	4.9386	0.811	3.7143	260	3.2666	11	0	11	66.1714	4632	8.7774	82	47	35	1.1714	82	2.1398	10	0	10	75.6837	32.4649	0.9024	10.8373	8.9689	0.4727	1.6768	2.6093	11	0	34.596	28.2199	82	2	0.4596	1.3874	10	0	0.5625	1.1065	5	0	17.3281	18.5307	68	2	0.0703	0.2567	1	0	0.3426	4	7.4977	6.6563	12.1622	4.5161	20.6575	27.4296
76A_6_FITC.tif	Positive	Positive	PathAnnotationObject	Polygon	569.1	392.12	7.4507	12.0816	0.6414	4.6076	2.7266	0.6972	2.68	67	2.1741	9	0	9	57.08	1427	3.8721	69	51	18	0.6	15	1.5275	7	0	7	31.7636	22.4252	0.7937	8.3143	5.2148	0.7727	2.3571	2.2848	9	0	51.5595	6.0745	69	38	0.3214	1.1103	7	0	2.2203	2.3347	9	0	49.2203	5.2819	65	38	0.2034	0.8666	6	0	0.2625	5	6.5298	6.72	7.4512	4.9964	16.1179	23.9609
76A_6_FITC.tif	Positive	Positive	PathAnnotationObject	Polygon	580.44	395.01	4.7057	8.1609	0.8879	2.7018	2.417	0.5711	6.0667	91	6.2503	18	0	18	58	870	12.0357	79	44	35	3.1333	47	5.2081	13	0	13	71.7623	32.4405	0.8569	12.3	7.38	0.7623	2.7946	3.1157	18	0	30.5838	11.9184	79	15	0.3514	1.7354	13	0	2.5059	2.5097	11	0	28.1647	8.3699	55	15	0.1059	0.5335	4	0	0.0639	6	31.6378	17.8806	72.27	4.6926	508.7348	1967.3674
76A_6_FITC.tif	Positive	Positive	PathAnnotationObject	Polygon	568.41	399.3	8.235	11.8884	0.7322	5.0647	2.0405	0.9053	2.4545	54	2.9557	10	0	10	55.4091	1219	3.8005	63	47	16	1.8636	41	2.9968	10	0	10	74.8994	32.8157	0.874	12.6395	7.9281	0.7634	1.9227	2.1545	10	0	28.933	16.5627	63	4	0.2784	1.1893	10	0	1.8547	2.031	7	0	25.5465	14.3569	62	4	0.0756	0.3588	3	0	0.0955	6	18.7349	11.0095	59.7411	4.9964	157.5077	542.6819
76A_6_FITC.tif	Positive	Positive	PathAnnotationObject	Polygon	203.13	395.99	3.9214	8.2602	0.7222	3.2475	1.6724	0.7936	1.7143	24	2.3996	7	0	7	52.1429	730	11.6014	69	34	35	1.2143	17	2.3264	7	0	7	52.9394	27.1146	0.9049	10.5498	6.7601	0.7397	0.558	1.1336	7	0	18.4203	15.9515	69	4	0.1667	0.8335	7	0	0.4274	0.8082	4	0	14.6129	11.1863	62	4	0.0484	0.2504	2	0	0.0739	7	41.7004	27.4304	117.4785	3.031	1066.1443	4159.8496
76A_6_FITC.tif	Positive	Positive	PathAnnotationObject	Polygon	198.4	399.85	5.49	8.6302	0.9263	3.0631	2.1098	0.7181	1.1333	17	1.3558	3	0	3	55	825	7.6811	71	46	25	0	0	0	0	0	0	35.6851	22.6367	0.8751	8.0257	5.2887	0.7365	1.3404	2.0612	12	0	34.7766	17.3572	79	10	0.4043	1.5542	11	0	1.3797	2.1739	12	0	30.9367	15.9698	79	10	0.481	1.686	11	0	0.1369	4	10.1868	5.8846	25.947	3.031	38.3702	98.4581
76A_6_FITC.tif	Positive	Positive	PathAnnotationObject	Polygon	204.23	402.92	11.7643	14.7746	0.6772	6.3082	2.6025	0.8954	7.1562	229	7.5823	28	0	28	109.6875	3510	26.2942	156	51	105	6.6562	213	7.8437	28	0	28	43.9201	32.5919	0.5196	14.1529	4.3245	0.9644	3.6102	5.0384	28	0	62.2458	38.8129	156	7	2.2458	5.0855	28	0	2.2907	2.7348	12	0	44.593	25.6673	120	7	0.6047	1.7642	12	0	0.2538	5	6.0517	4.5818	9.3074	3.5544	14.4476	21.2532
76A_6_FITC.tif	Positive	Positive	PathAnnotationObject	Polygon	212.74	403.09	9.0193	11.7226	0.8248	4.2154	3.031	0.7345	4.5217	104	4.1873	19	0	19	70.9565	1632	15.1971	94	40	54	2.4348	56	3.7758	16	0	16	52.5472	27.0152	0.9048	9.4693	7.3864	0.6394	3.65	3.0744	19	0	36.05	22.2042	94	12	0.4214	1.7673	16	0	3.4786	2.7965	12	0	29.188	16.0591	92	12	0.0256	0.2774	3	0	0.1488	7	12.1114	8.5767	28.0851	3.9634	30.5377	82.2551
76A_6_FITC.tif	Positive	Positive	PathAnnotationObject	Polygon	203.65	410	10.5879	14.6526	0.6197	6.1516	2.8788	0.8661	6.3438	203	6.4738	26	0	26	95.6875	3062	31.5946	142	33	109	6.2188	199	8.9613	34	0	34	62.743	33.6399	0.6967	13.1901	7.2976	0.8742	2.9321	3.9955	26	0	42.2778	34.3119	142	3	1.2901	4.6447	34	0	2.0923	2.501	10	0	29.1308	18.6458	107	3	0.0769	0.3436	2	0	0.1728	4	6.4213	5.6268	10.038	4.3936	13.0788	21.2532
76A_6_FITC.tif	Positive	Positive	PathAnnotationObject	Polygon	193.93	406.94	6.6664	9.3118	0.9661	3.2614	2.4463	0.6209	5.2778	95	4.5737	15	0	15	57.1667	1029	9.2942	79	46	33	2.5	45	4.6684	14	0	14	90.5851	34.4512	0.9591	11.866	9.6555	0.5474	7.8026	5.2707	20	0	33.0901	12.595	79	11	0.3777	1.641	14	0	8.014	5.2795	20	0	31.0744	10.596	56	11	0.2	0.8818	6	0	0.06	8	26.911	19.1393	51.6057	8.2149	70.489	152.3257
76A_6_FITC.tif	Positive	Positive	PathAnnotationObject	Polygon	208.46	410.59	5.49	9.1624	0.8218	3.4033	2.5545	0.6114	10.1111	182	5.028	24	3	21	74.5	1341	9.895	93	56	37	2.7222	49	4.041	16	0	16	24.705	19.5689	0.8107	7.8484	4.3185	0.8256	6.9242	4.189	24	0	47.4545	19.7423	93	25	0.803	2.4129	16	0	5.7292	3.1267	13	0	37.3125	10.8827	67	25	0.0833	0.4535	3	0	0.225	5	12.4997	5.5087	34.3864	3.9634	47.5556	148.469
76A_6_FITC.tif	Positive	Positive	PathAnnotationObject	Polygon	216.56	410.06	14.9015	14.4416	0.8979	5.6223	3.202	0.7887	4.625	185	3.5926	18	0	18	79.2	3168	15.7223	118	53	65	2.575	103	3.9085	18	0	18	98.0359	38.3366	0.8382	14.7897	9.1512	0.7642	4.3636	2.9335	18	0	40.3202	19.2856	118	20	0.4585	1.8266	18	0	4.3146	2.7999	13	0	33.0188	7.6065	75	20	0.061	0.3898	4	0	0.1393	4	14.6319	11.693	30.5833	4.5584	69.6237	180.8054
76A_6_FITC.tif	Positive	Positive	PathAnnotationObject	Polygon	240.18	409.11	3.5293	6.9036	0.9306	2.4969	1.8934	0.7613	7.6364	84	7.9909	24	0	24	53.0909	584	13.7292	80	36	44	7.3636	81	8.1151	24	0	24	93.7223	35.4346	0.938	12.0578	9.9337	0.5143	1.6667	2.7136	24	0	18.7531	11.8114	80	3	0.3827	2.2576	24	0	1.3836	1.7812	7	0	17.125	8.8985	36	3	0.0517	0.2407	2	0	0.0301	9	51.6049	38.1037	124.1369	7.971	913.9341	3919.5073
76A_6_FITC.tif	Positive	Positive	PathAnnotationObject	Polygon	231.76	412.93	3.5293	6.3686	1	2.1894	1.845	0.6658	9.4545	104	13.5894	35	0	35	56	616	20.601	90	38	52	9.3636	103	13.4705	35	0	35	93.3301	34.8914	0.9634	11.8386	9.6363	0.5676	2.8033	3.8739	35	0	24.9247	8.5947	90	16	0.523	3.4212	35	0	2.4825	2.3135	9	0	23.4254	3.1144	36	16	0.0965	0.5548	4	0	0.029	4	17.1018	19.3642	21.7079	7.971	85.2892	180.8054
76A_6_FITC.tif	Positive	Positive	PathAnnotationObject	Polygon	232.29	432.38	9.8036	12.5078	0.7875	4.5824	2.8296	0.7971	7.28	182	4.5325	23	2	21	46.48	1162	12.0455	76	30	46	3	75	5.0083	20	0	20	98.8202	38.1777	0.852	14.2908	9.0981	0.7441	3.5315	3.3096	23	0	21.311	12.8208	76	4	0.5354	1.9369	20	0	3.1223	2.8781	12	0	18.5633	9.4911	45	4	0.2664	0.8854	8	0	0.0886	6	27.065	27.745	46.5259	5.1366	90.9103	180.8054
76A_6_FITC.tif	Positive	Positive	PathAnnotationObject	Polygon	238.1	438.13	9.8036	11.8574	0.8762	4.6348	2.911	0.6652	8.5556	231	4.0604	15	1	14	68.2222	1842	17.7012	99	42	57	5.1852	140	4.3238	13	0	13	96.0751	37.5971	0.8541	13.5127	9.5528	0.6974	7.504	5.3916	21	0	20.7621	19.7331	99	1	0.6613	2.1554	13	0	7.3756	5.5259	21	0	14.9638	9.4839	47	1	0.1086	0.4338	3	0	0.0996	6	37.4934	24.354	102.7525	5.1366	105.4278	273.8176
76A_6_FITC.tif	Positive	Positive	PathAnnotationObject	Polygon	248.91	446.5	10.98	12.6582	0.8611	4.9292	2.7647	0.8602	7.6333	229	4.6423	16	0	16	66.7333	2002	14.4316	86	37	49	3.6	108	4.149	15	0	15	103.1337	38.4008	0.8789	14.2054	9.8078	0.6925	8.6629	5.0665	24	0	22.822	18.5928	86	5	0.4659	1.8289	15	0	8.7949	5.1125	24	0	17.1923	9.1751	60	5	0.0641	0.4541	5	0	0.1019	4	26.2313	25.382	49.1175	5.0438	55.4603	102.7835
76A_6_FITC.tif	Positive	Positive	PathAnnotationObject	Polygon	257.66	445.62	9.8036	11.7354	0.8945	4.5861	2.623	0.8215	11	286	6.5361	23	0	23	74.2308	1930	22.8111	111	32	79	5.9231	154	6.5295	24	0	24	89.0166	35.2762	0.8989	12.243	9.1022	0.6281	7.9957	4.2185	23	0	23.5281	21.151	111	7	0.7316	2.857	24	0	7.6146	3.6786	17	0	17.0976	8.4506	57	7	0.0732	0.3277	2	0	0.1033	5	25.3622	29.5365	39.9979	5.0438	174.1888	472.4499
76A_6_FITC.tif	Positive	Positive	PathAnnotationObject	Polygon	624.81	449.46	8.235	10.4621	0.9454	3.8876	2.7569	0.618	16.5455	364	4.4264	24	7	17	49.5455	1090	7.3142	61	36	25	0.8636	19	1.6703	6	0	6	130.1916	40.6497	0.9901	13.8785	11.8981	0.4573	8.4685	4.7475	24	0	29.5375	14.3957	61	8	0.1502	0.7124	6	0	7.8971	4.2254	21	0	28.1222	13.7077	59	8	0.0997	0.562	6	0	0.052	6	73.7657	68.7831	123.8969	48.9306	1150.7673	1967.3674
76A_6_FITC.tif	Positive	Positive	PathAnnotationObject	Polygon	285.16	453.16	25.0972	22.4352	0.6266	7.833	5.0919	0.7344	6.4375	412	9.2494	45	0	45	115.3281	7381	36.1812	202	55	147	5.7031	365	10.9308	51	0	51	123.9173	44.9742	0.7699	16.5754	11.5431	0.7353	3.9938	4.9372	45	0	50.3375	40.2987	202	12	1.1625	5.3655	51	0	3.3828	2.7357	11	0	34.0898	19.5716	126	12	0.0273	0.1634	1	0	0.1826	6	45.3244	21.2507	153.1549	4.4005	881.0726	3919.5073
76A_6_FITC.tif	Positive	Positive	PathAnnotationObject	Polygon	561.1	455.75	11.3722	15.0688	0.6294	5.6999	3.6101	0.7988	17.0278	613	7.7919	40	1	39	64.0833	2307	13.6411	97	44	53	4.3611	157	7.3101	31	0	31	121.9566	40.4808	0.9352	13.6292	11.3472	0.5475	10.7846	8.4343	40	0	27.7942	18.5517	97	2	0.5659	2.8287	31	0	9.9673	8.1815	31	0	23.0436	13.0361	55	2	0.0691	0.294	2	0	0.1052	7	45.0717	59.7411	65.4662	8.6682	592.9381	1967.3674
76A_6_FITC.tif	Positive	Positive	PathAnnotationObject	Polygon	291.23	459.51	23.5286	19.5725	0.7718	7.1966	4.7471	0.7198	6.4603	407	5.573	33	0	33	102.8254	6478	13.2781	130	66	64	3.6984	233	5.6444	30	0	30	84.703	39.8736	0.6695	16.0784	7.9869	0.901	3.8869	4.1845	33	0	54.7738	35.4572	130	10	1.0814	3.4368	30	0	2.8608	2.9247	12	0	35.6139	19.9025	106	10	0.038	0.3549	4	0	0.279	4	7.6594	7.8361	10.4229	4.5424	21.2465	42.4791
76A_6_FITC.tif	Positive	Positive	PathAnnotationObject	Polygon	551.4	460.61	18.0386	18.8584	0.6374	7.4385	4.5177	0.8468	16.1887	858	7.7734	31	1	30	54.3396	2880	8.2391	72	39	33	0.434	23	1.0471	5	0	5	147.0538	45.3514	0.8985	15.546	12.5702	0.6242	14.4681	10.3617	36	0	32.516	15.3021	72	4	0.1809	0.6961	7	0	14.1858	10.7103	36	0	28.935	13.0567	57	4	0.1393	0.6123	7	0	0.1366	4	31.4172	24.0038	68.9931	8.6682	316.7894	895.0136
76A_6_FITC.tif	Positive	Positive	PathAnnotationObject	Polygon	281.12	460.4	0.7843	3.1307	1	1.203	0.747	0.866	4.6667	14	2.5166	7	2	5	55.6667	167	9.609	66	47	19	3	9	3.6056	7	0	7	32.1558	20.9612	0.9197	8.1837	5.579	0.7046	1.9405	2.1304	7	0	18.2381	11.6677	66	5	0.2976	0.9155	7	0	1.8395	2.0643	7	0	16.8519	9.1898	47	5	0.1975	0.5104	2	0	0.0151	5	18.5305	15.929	34.0067	4.4005	51.6571	102.7835
76A_6_FITC.tif	Positive	Positive	PathAnnotationObject	Polygon	297.86	459.22	6.2743	10.048	0.7809	3.8124	2.2105	0.7789	9.4118	160	6.2255	23	2	21	79.7059	1355	19.7635	118	52	66	4.1176	70	6.0918	19	0	19	36.4693	25.2412	0.7193	10.2707	5.0184	0.8806	5.0206	4.2475	23	0	40.7113	20.8131	118	25	0.7526	2.9511	19	0	4.0875	3.0071	12	0	32.425	7.1099	64	25	0.0375	0.3354	3	0	0.1485	7	41.7411	11.1875	157.0809	4.5424	1050.0874	6164.6655
76A_6_FITC.tif	Positive	Positive	PathAnnotationObject	Polygon	301.4	463.2	8.6272	11.4345	0.8292	4.6288	2.317	0.8689	12.1667	292	5.164	22	3	19	56.625	1359	6.7361	74	44	30	1.25	30	2.7386	11	0	11	51.3708	28.9032	0.7727	11.6558	6.2255	0.8562	6.9416	5.0596	22	0	38.927	10.5932	74	23	0.2774	1.2528	11	0	5.8319	4.303	17	0	35.1681	6.7505	56	23	0.0708	0.3463	2	0	0.1413	5	8.2926	5.9347	17.585	4.8444	15.5799	21.7835
76A_6_FITC.tif	Positive	Positive	PathAnnotationObject	Polygon	297.85	470.81	10.1957	13.5307	0.6998	5.2652	2.8451	0.8767	13.8182	456	5.5647	23	3	20	59.7879	1973	6.4506	72	44	28	0.7576	25	1.4797	5	0	5	33.3322	25.7239	0.633	11.0123	4.185	0.9386	8.7841	8.1909	24	0	39.7614	22.3164	72	4	0.2841	0.9702	5	0	5.7636	8.0599	24	0	27.7455	19.6358	57	4	0	0	0	0	0.3452	4	5.1179	4.7303	6.9462	4.0648	8.5907	10.8437
76A_6_FITC.tif	Positive	Positive	PathAnnotationObject	Polygon	291.75	469.61	8.235	10.9752	0.8591	4.1497	2.8241	0.6028	9.1667	220	2.6973	16	5	11	53.9167	1294	3.6584	61	47	14	0.4167	10	0.8297	3	0	3	67.4487	30.1621	0.9317	10.1195	8.767	0.4387	6.7429	4.1199	18	0	38.5486	12.1814	61	4	0.1829	0.6349	4	0	6.3576	4.1815	18	0	36.106	11.2375	55	4	0.1457	0.5933	4	0	0.1198	7	15.2487	10.4229	49.1175	4.0648	34.0827	102.7835
76A_6_FITC.tif	Positive	Positive	PathAnnotationObject	Polygon	304.3	467.6	3.1371	8.0437	0.6093	3.2992	1.3048	0.8787	21.0909	232	2.3002	24	16	8	58.0909	639	3.4772	66	54	12	0.2727	3	0.9045	3	0	3	18.8229	20.3295	0.5723	9.0119	2.9211	0.9464	14.2407	6.2614	24	3	45.4074	12.3526	66	21	0.0556	0.4082	3	0	12.4884	5.7253	24	3	42.1628	11.6944	63	21	0	0	0	0	0.1592	4	6.6094	5.2181	12.5654	3.436	13.6647	21.7835
76A_6_FITC.tif	Positive	Positive	PathAnnotationObject	Polygon	304.7	474.01	23.1365	19.0453	0.8016	7.3745	4.5581	0.8156	18.5806	1152	5.0393	26	8	18	61.3548	3804	8.355	79	38	41	0.7581	47	2.193	10	0	10	116.4666	45.0237	0.722	17.3895	10.4741	0.8053	6.9433	7.4811	26	0	27.3867	22.0122	79	3	0.27	1.1669	10	0	3.9118	4.4061	20	0	18.5378	14.5893	60	3	0.1429	0.6336	6	0	0.1891	5	22.9616	10.3843	83.401	3.436	22.6629	61.3649
76A_6_FITC.tif	Positive	Positive	PathAnnotationObject	Polygon	547.46	470.91	9.0193	12.5926	0.7147	4.683	3.0718	0.7632	1.5185	41	2.1007	7	0	7	48.9259	1321	8.2459	63	31	32	1.5556	42	2.1543	7	0	7	92.1537	38.6947	0.7734	14.0145	8.6795	0.8023	1.9367	2.6506	11	0	20.8312	13.9313	63	3	0.2743	0.9768	7	0	1.9905	2.7127	11	0	17.219	9.7784	50	3	0.1095	0.5106	3	0	0.1003	5	20.0675	20.2754	36.853	6.6604	116.2328	310.8245
76A_6_FITC.tif	Positive	Positive	PathAnnotationObject	Polygon	315.4	473.81	9.0193	11.3021	0.8873	4.172	3.0482	0.6319	9.16	229	9.0677	31	0	31	95.48	2387	24.9568	141	53	88	8.92	223	9.2418	31	0	31	115.2902	38.9305	0.9559	13.083	11.2718	0.4574	2.0403	3.7879	31	0	29.2752	24.3226	141	4	0.8624	3.6281	31	0	1.3883	1.8239	8	0	23.2125	12.2986	68	4	0.1245	0.568	6	0	0.0731	6	32.7132	20.4661	73.1363	10.3843	115.9267	310.427
76A_6_FITC.tif	Positive	Positive	PathAnnotationObject	Polygon	583.6	475.61	12.1564	14.1505	0.7629	5.1063	3.8295	0.7113	3.4706	118	3.0771	11	0	11	50.5294	1718	10.355	70	34	36	2.3824	81	3.5592	11	0	11	153.3281	44.5431	0.9711	14.6892	13.1505	0.3844	3.1454	2.9785	12	0	23.8444	11.8961	70	3	0.2781	1.2861	11	0	3.1145	2.9715	12	0	21.3101	8.4158	44	3	0.0782	0.4228	4	0	0.0773	6	31.2505	33.7569	48.9306	14.1289	311.9397	713.2418
76A_6_FITC.tif	Positive	Positive	PathAnnotationObject	Polygon	543.96	479.32	16.47	17.5915	0.6688	6.8759	3.7452	0.8601	10.383	488	4.6651	21	1	20	49.7234	2337	13.7757	98	32	66	1.6596	78	4.3353	19	0	19	127.8388	42.0382	0.909	14.802	11.1911	0.6421	5.5579	5.0073	23	0	26.8567	15.8363	98	3	0.3476	2.0125	19	0	4.7509	4.5984	23	0	23.032	12.6198	94	3	0.1281	1.1423	18	0	0.1246	5	26.1151	20.5119	45.448	6.6604	162.1379	346.6789
76A_6_FITC.tif	Positive	Positive	PathAnnotationObject	Polygon	373.15	483.03	18.8229	20.0727	0.5871	6.9674	4.9318	0.7631	8.717	462	3.0658	14	2	12	50.5849	2681	5.7661	59	37	22	0.3019	16	0.9524	5	0	5	188.621	49.9672	0.9494	17.1677	14.4029	0.4677	7.341	4.0993	19	0	37.711	10.0665	64	10	0.2037	0.814	7	0	7.1706	4.1811	19	0	36.1168	9.3137	64	10	0.1916	0.7956	7	0	0.1005	7	110.3715	80.8073	202.2952	16.1665	4824.0024	17575.6152
76A_6_FITC.tif	Positive	Positive	PathAnnotationObject	Polygon	528.56	484.55	24.3129	25.7376	0.4612	9.6897	4.9089	0.8877	6.6129	410	3.6456	14	0	14	41.8387	2594	4.0375	49	32	17	0.1935	12	0.7206	4	0	4	154.5045	54.4603	0.6546	19.3504	11.4701	0.8482	4.3131	3.3463	14	0	26.1742	12.6436	49	6	0.1591	0.6423	5	0	3.8862	3.1114	13	0	23.2665	11.5097	46	6	0.1527	0.6277	5	0	0.1479	7	45.6959	23.9771	134.6851	4.1487	1082.0922	6229.2573
76A_6_FITC.tif	Positive	Positive	PathAnnotationObject	Polygon	586.56	488.2	12.1564	15.2542	0.6565	5.29	3.8323	0.6841	40.7568	1508	7.9875	56	19	37	48.1892	1783	4.1355	55	35	20	0.1351	5	0.4809	2	0	2	106.2709	38.7443	0.8896	14.5026	9.5217	0.7548	20.3029	13.8846	57	0	36.2409	8.509	57	12	0.1204	0.7085	6	0	17.1097	11.7237	57	0	34.3755	7.4343	57	12	0.1181	0.7384	6	0	0.1129	5	43.723	45.448	92.6302	5.3132	280.4753	641.4476
76A_6_FITC.tif	Positive	Positive	PathAnnotationObject	Polygon	527.73	492.49	11.3722	14.1342	0.7153	5.9877	2.825	0.8725	6.6562	213	2.3364	11	1	10	42.25	1352	4.2198	49	33	16	0.0938	3	0.3902	2	0	2	54.9001	28.5964	0.8436	10.499	7.3627	0.6942	5.4225	2.7427	13	0	26.4155	13.1469	49	7	0.0493	0.2749	2	0	5.0636	2.7571	13	0	21.8091	11.1128	44	7	0.0364	0.2318	2	0	0.2137	5	25.2421	20.5119	61.0944	4.1487	215.7253	641.4476
76A_6_FITC.tif	Positive	Positive	PathAnnotationObject	Polygon	595.82	490.86	23.1365	23.8313	0.5119	8.6258	5.0056	0.8496	33.7164	2259	13.3449	59	8	51	55.1045	3692	12.4537	81	28	53	0.8209	55	1.9612	10	0	10	168.2296	52.1687	0.7768	18.9638	13.4255	0.7502	16.6829	11.8695	59	0	30.4815	13.8577	81	6	0.1806	0.901	10	0	13.5562	8.4451	50	0	25.9616	8.1963	56	6	0.063	0.4178	4	0	0.1457	4	42.9486	34.5967	97.2878	5.3132	195.7867	436.0323
76A_6_FITC.tif	Positive	Positive	PathAnnotationObject	Polygon	520.57	490.98	7.4507	10.0348	0.9298	3.8246	2.5435	0.6681	2.7727	61	3.1912	9	0	9	43.7727	963	2.2239	47	37	10	0.3182	7	0.9455	4	0	4	59.2137	28.5159	0.9151	10.0014	8.0995	0.4627	2.8052	2.5439	9	0	33.3182	7.7525	47	12	0.1104	0.4791	4	0	2.8106	2.4343	9	0	31.5758	6.9272	44	12	0.0758	0.3411	2	0	0.1111	5	40.7324	30.5111	130.3612	4.5503	478.3792	1330.6533
76A_6_FITC.tif	Positive	Positive	PathAnnotationObject	Polygon	384.22	494.34	7.8429	10.5677	0.8825	3.7577	2.8127	0.5835	5	115	5.2136	18	0	18	57.6087	1325	13.9406	88	37	51	5.6957	131	6.5257	21	0	21	117.643	39.487	0.9481	13.9911	10.7659	0.5965	2.1987	2.846	18	0	21.298	15.3304	88	3	0.6026	2.3865	21	0	1.9677	2.4323	14	0	18.3047	11.0005	46	3	0.1828	0.6882	6	0	0.0676	5	59.1488	73.1363	115.0142	8.026	134.947	272.5396
76A_6_FITC.tif	Positive	Positive	PathAnnotationObject	Polygon	393.39	492.61	1.5686	3.4554	1	1.2976	0.9579	0	44.5	178	1.7321	46	42	4	102.25	409	2.2174	104	99	5	44	176	1.633	46	42	4	71.7623	31.1364	0.9302	10.8356	8.2733	0.6127	6.8763	6.8891	46	0	32.0484	12.5143	104	11	1.0054	6.4014	46	0	6.0495	4.0607	18	0	30.5055	6.9773	50	11	0.0604	0.3004	2	0	0.0083	7	99.5501	107.4733	187.2349	8.026	1387.8413	6229.2573
76A_6_FITC.tif	Positive	Positive	PathAnnotationObject	Polygon	498.77	508.81	53.3315	38.1091	0.4615	12.5186	7.3064	0.8641	12.7945	1868	3.9303	22	2	20	55.3836	8086	10.5675	81	30	51	0.4932	72	1.3608	7	0	7	279.5983	78.8361	0.5653	23.1305	17.3387	0.6816	7.1008	5.3671	22	0	27.7913	17.8492	81	4	0.1429	0.69	7	0	5.6373	4.6669	21	0	20.6989	11.2091	63	4	0.0528	0.2922	3	0	0.1964	3	46.7267	30.5111	107.2828	2.3862	443.5511	1175.9008
76A_6_FITC.tif	Positive	Positive	PathAnnotationObject	Polygon	500.45	512.58	3.1371	6.688	0.8814	2.6526	1.5596	0.5809	12.7	127	1.567	15	10	5	54.6	546	5.9852	61	44	17	0.4	4	0.6992	2	0	2	12.1564	16.5812	0.5556	7.2375	2.1948	0.9543	10.5278	2.9712	15	3	37.8611	13.0847	61	21	0.25	0.6036	2	0	9.6923	2.9768	15	3	31.4231	8.4625	51	21	0.1923	0.567	2	0	0.2033	7	68.979	92.6302	115.0142	2.3862	349.2499	1330.6533
