Image	Name	Class	Parent	ROI	Centroid X µm	Centroid Y µm	Nucleus: Area	Nucleus: Perimeter	Nucleus: Circularity	Nucleus: Max caliper	Nucleus: Min caliper	Nucleus: Eccentricity	Nucleus: Red mean	Nucleus: Red sum	Nucleus: Red std dev	Nucleus: Red max	Nucleus: Red min	Nucleus: Red range	Nucleus: Green mean	Nucleus: Green sum	Nucleus: Green std dev	Nucleus: Green max	Nucleus: Green min	Nucleus: Green range	Nucleus: Blue mean	Nucleus: Blue sum	Nucleus: Blue std dev	Nucleus: Blue max	Nucleus: Blue min	Nucleus: Blue range	Cell: Area	Cell: Perimeter	Cell: Circularity	Cell: Max caliper	Cell: Min caliper	Cell: Eccentricity	Cell: Red mean	Cell: Red std dev	Cell: Red max	Cell: Red min	Cell: Green mean	Cell: Green std dev	Cell: Green max	Cell: Green min	Cell: Blue mean	Cell: Blue std dev	Cell: Blue max	Cell: Blue min	Cytoplasm: Red mean	Cytoplasm: Red std dev	Cytoplasm: Red max	Cytoplasm: Red min	Cytoplasm: Green mean	Cytoplasm: Green std dev	Cytoplasm: Green max	Cytoplasm: Green min	Cytoplasm: Blue mean	Cytoplasm: Blue std dev	Cytoplasm: Blue max	Cytoplasm: Blue min	Nucleus/Cell area ratio	Delaunay: Num neighbors	Delaunay: Mean distance	Delaunay: Median distance	Delaunay: Max distance	Delaunay: Min distance	Delaunay: Mean triangle area	Delaunay: Max triangle area
76B_1_FITC.tif	Positive	Positive	PathAnnotationObject	Polygon	449.05	109.86	7.4507	9.8112	0.9727	3.4913	2.6629	0.6975	29.2857	615	26.3972	86	0	86	152.8571	3210	46.2885	232	91	141	31.3333	658	26.3957	86	0	86	83.1344	34.7948	0.8629	12.7232	7.5146	0.795	3.3084	11.8317	86	0	26.3411	46.2201	232	3	3.1589	12.3442	86	0	0.4819	0.9359	4	0	12.5751	14.3384	113	3	0.0933	0.4468	5	0	0.0812	7	98.8395	102.6096	171.0577	32.6758	849.2783	1636.2064
76B_1_FITC.tif	Positive	Positive	PathAnnotationObject	Polygon	558.6	118.49	11.3722	12.8295	0.8682	4.7658	3.135	0.7364	1.3667	41	2.2512	8	0	8	42	1260	9.3218	59	22	37	1.3333	40	2.218	8	0	8	108.6237	39.3615	0.881	14.2831	9.0751	0.7761	0.5683	1.2433	8	0	17.3381	12.5724	59	2	0.2806	1.1048	8	0	0.4718	1.0256	7	0	14.3548	9.179	44	2	0.1532	0.8002	7	0	0.0995	4	44.2552	28.8812	111.3458	7.9126	432.3775	1560.8743
76B_1_FITC.tif	Positive	Positive	PathAnnotationObject	Polygon	569.09	118.31	21.1757	19.8634	0.6744	7.5119	3.9652	0.8778	1.3448	78	3.2474	16	0	16	45.9138	2663	11.5383	80	26	54	1.3966	81	3.2977	16	0	16	152.5438	46.3125	0.8937	16.5101	13.0966	0.4889	0.824	2.27	16	0	15.1862	15.3822	80	1	0.2832	1.3827	16	0	0.7335	2.047	16	0	9.8503	7.8756	50	1	0.0898	0.3606	2	0	0.1377	5	68.1644	48.7471	133.8323	7.9126	671.5433	2118.2903
76B_1_FITC.tif	Positive	Positive	PathAnnotationObject	Polygon	444.24	140.35	3.5293	6.5994	1	2.4089	1.8072	0.6658	9.4545	104	10.8569	34	0	34	52.7273	580	17.1936	88	30	58	9.2727	102	10.734	34	0	34	105.0945	36.5844	0.9867	12.365	10.6456	0.3388	1.3593	3.1186	34	0	13.3667	10.8011	88	1	0.463	2.7775	34	0	1.0154	1.6305	9	0	11.695	6.4282	27	1	0.0888	0.3574	2	0	0.0252	6	74.6299	78.9576	100.6798	32.6758	2005.3286	3245.6426
76B_1_FITC.tif	Positive	Positive	PathAnnotationObject	Polygon	550.49	141.64	18.8229	16.8162	0.8364	6.1671	4.4631	0.6286	2.2308	116	3.8938	17	0	17	66.4231	3454	15.0233	94	38	56	2.3077	120	4.0658	19	0	19	112.9373	40.2996	0.8739	14.903	9.7567	0.7688	1.2715	2.274	17	0	25.7766	21.7146	94	3	0.4811	1.9482	19	0	1.0628	1.6754	7	0	16.9331	9.31	59	3	0.0837	0.4412	4	0	0.1688	5	22.9244	27.0079	31.0963	4.4632	147.8546	434.1693
76B_1_FITC.tif	Positive	Positive	PathAnnotationObject	Polygon	375.22	140.95	9.4114	13.9142	0.6109	6.0808	2.4036	0.9178	7.4828	217	7.4288	38	0	38	69.9655	2029	15.3192	113	48	65	4.931	143	7.7641	37	0	37	57.6451	27.99	0.9246	9.9537	7.7004	0.5665	4.4834	4.2753	38	0	34.5629	20.3091	113	15	0.9735	3.8798	37	0	3.7705	2.6869	9	0	26.1475	9.2313	61	15	0.0328	0.255	2	0	0.1821	6	32.0658	6.4601	91.0276	2.9695	167.5404	771.4424
76B_1_FITC.tif	Positive	Positive	PathAnnotationObject	Polygon	385.62	142.06	3.5293	6.6651	0.9984	2.4589	1.6871	0.6658	10	110	10.4211	37	0	37	71	781	19.9499	110	45	65	9.1818	101	10.5434	36	0	36	61.1744	29.8407	0.8633	11.7573	7.0848	0.8004	3.9057	4.347	37	0	32.1384	14.9926	110	16	1.1824	4.1854	36	0	3.4527	3.1522	17	0	29.25	9.6496	69	16	0.5878	2.4742	16	0	0.0383	5	40.2008	55.8188	73.972	3.0637	560.2639	1642.8262
76B_1_FITC.tif	Positive	Positive	PathAnnotationObject	Polygon	382.21	146.61	5.49	9.3	0.7977	3.9474	2.0064	0.7926	7.5625	121	10.7639	39	0	39	77.875	1246	19.8255	120	49	71	7.25	116	10.8842	39	0	39	37.6458	31.7875	0.4682	13.1086	5.9334	0.9036	3.2178	5.2926	39	0	32.9406	23.7402	120	9	1.2673	5.0158	39	0	2.4	2.8958	10	0	24.4824	11.9907	68	9	0.1412	0.8331	7	0	0.1298	4	16.4051	4.4069	53.7429	3.0637	39.4412	85.1179
76B_1_FITC.tif	Positive	Positive	PathAnnotationObject	Polygon	543.67	145.94	9.4114	12.985	0.7014	5.1792	2.4056	0.8911	4.5556	123	6.21	28	0	28	52.1481	1408	16.6334	91	28	63	3.8148	103	6.5518	28	0	28	98.0359	39.9312	0.7726	14.7684	8.6572	0.8368	1.1673	2.5869	28	0	15.0478	16.2591	91	1	0.49	2.437	28	0	0.7589	1.2035	5	0	10.5759	8.7958	48	1	0.0893	0.3917	3	0	0.0927	7	55.7139	40.8185	102.6096	4.4632	1125.7766	2910.4585
76B_1_FITC.tif	Positive	Positive	PathAnnotationObject	Polygon	371.41	147.63	6.6664	10.917	0.7029	4.3582	2.3771	0.8476	5.1905	109	2.3584	10	1	9	42.7619	898	7.0916	54	27	27	0.7619	16	1.48	6	0	6	82.3501	35.6733	0.8132	14.1938	7.8832	0.84	5.2264	2.4679	10	0	25.717	8.5262	54	15	0.1934	0.9516	8	0	5.2304	2.4856	10	0	23.8429	6.3084	51	15	0.1309	0.8576	8	0	0.0853	4	37.0319	28.2771	87.0778	4.4955	606.4088	2192.6382
76B_1_FITC.tif	Positive	Positive	PathAnnotationObject	Polygon	377.99	147.43	2.745	6.5505	0.8039	2.3611	1.8076	0.3531	4.4444	40	5.4339	13	0	13	52.8889	476	14.4693	74	37	37	3.5556	32	5.1988	12	0	12	14.5093	15.2478	0.7842	5.8927	3.5129	0.7712	3.1707	2.9146	13	0	28.7561	16.703	74	11	0.9268	2.7694	12	0	2.8125	1.6547	7	0	21.9688	9.451	48	11	0.1875	0.5923	2	0	0.1859	4	15.9618	4.3383	52.2013	2.9695	56.9076	130.8003
76B_1_FITC.tif	Positive	Positive	PathAnnotationObject	Polygon	287.53	164.75	7.4507	11.2436	0.7406	4.433	2.1958	0.8553	4.7727	105	6.039	22	0	22	56.0909	1234	10.3137	82	37	45	4	88	6.1257	22	0	22	132.5445	41.1897	0.9817	14.4472	11.9997	0.5064	2.3776	2.9381	22	0	21.3038	14.8407	82	5	0.6726	2.3323	22	0	2.2114	2.5263	13	0	18.8896	11.765	72	5	0.4416	1.5813	13	0	0.0512	9	117.3017	97.2896	194.2417	87.0778	1732.8766	4530.1396
76B_1_FITC.tif	Positive	Positive	PathAnnotationObject	Polygon	552.02	164.39	12.5486	19.092	0.4326	8.5808	2.9023	0.9644	5.4444	196	6.5659	24	0	24	62.7222	2258	17.0287	97	36	61	4.4444	160	6.2585	23	0	23	119.2116	44.2881	0.7638	18.007	9.679	0.846	1.2614	3.2234	24	0	28.3987	18.8809	97	4	0.7876	2.6446	23	0	0.7037	1.8756	14	0	23.8222	13.7034	62	4	0.3	0.8975	5	0	0.1126	7	14.2808	11.7826	22.7583	4.9459	54.6365	124.2539
76B_1_FITC.tif	Positive	Positive	PathAnnotationObject	Polygon	566.87	167.08	15.6857	23.5946	0.3541	9.7266	3.4626	0.95	7	322	6.67	31	0	31	63.7174	2931	13.3494	98	42	56	5.587	257	6.8364	30	0	30	132.5445	49.8369	0.6706	19.3149	10.3946	0.8787	1.9235	3.8289	31	0	22.7029	22.862	98	2	0.9029	3.2213	30	0	1.1293	2.3347	16	0	16.2857	16.4906	64	2	0.1701	0.9191	11	0	0.1099	6	33.8764	20.5394	101.8088	4.3431	486.6214	2118.2903
76B_1_FITC.tif	Positive	Positive	PathAnnotationObject	Polygon	557.53	167.76	15.6857	16.243	0.7471	5.9503	3.8532	0.7531	58.1591	2559	21.7009	90	17	73	75.5909	3326	11.6785	96	46	50	0.7045	31	1.5638	6	0	6	27.0579	21.75	0.7188	8.0744	4.9252	0.7763	46.3919	27.1908	90	4	66.3378	17.4295	96	31	0.4189	1.2497	6	0	29.1333	25.389	89	4	52.7667	15.5579	81	31	0	0	0	0	0.5324	4	5.2279	5.3536	7.2806	2.9239	8.4018	12.5085
76B_1_FITC.tif	Positive	Positive	PathAnnotationObject	Polygon	563.03	171.54	14.9015	15.8717	0.7433	5.4637	4.2019	0.7286	55.0238	2311	18.2897	84	21	63	76.4048	3209	8.2641	91	58	33	0.8095	34	1.3478	5	0	5	32.5479	22.1394	0.8345	8.6505	5.5197	0.7509	37.1461	24.343	84	0	65.5393	13.3511	91	44	0.3933	1.007	5	0	21.1702	16.8191	71	0	55.8298	8.7186	76	44	0.0213	0.1459	1	0	0.4635	6	23.6649	6.0659	101.9109	4.28	205.7023	976.1918
76B_1_FITC.tif	Positive	Positive	PathAnnotationObject	Polygon	558.76	170.68	1.1764	3.7275	1	1.4533	0.7007	0.7303	73.5	294	6.7577	81	66	15	75.75	303	4.9917	81	71	10	1	4	1.1547	2	0	2	2.745	6.2478	0.8837	2.3905	1.6757	0.3531	65.6667	12.9422	81	48	72	5.2678	81	66	0.4444	0.8819	2	0	59.4	13.7949	80	48	69	3.3912	74	66	0	0	0	0	0.2504	4	4.7483	4.4565	7.1563	2.9239	8.49	12.3738
76B_1_FITC.tif	Positive	Positive	PathAnnotationObject	Polygon	557.53	176.92	20.7836	23.3754	0.478	9.4886	3.9543	0.9332	5.3158	303	5.7791	27	0	27	83.4561	4757	19.5814	120	41	79	4.0702	232	5.9337	28	0	28	133.7209	45.8615	0.7989	17.9555	9.2723	0.8617	2.621	3.4947	27	0	39.2857	24.5899	120	13	0.7522	2.8521	28	0	2.0839	2.5201	15	0	30.4825	13.5011	77	13	0.0909	0.4497	5	0	0.1602	4	8.7136	8.5891	13.0433	4.633	22.9576	61.0781
76B_1_FITC.tif	Positive	Positive	PathAnnotationObject	Polygon	550.21	185.5	5.0979	8.6244	0.8613	3.0156	2.2961	0.4033	1.4	21	2.9713	11	0	11	50.6667	760	5.3541	65	42	23	1.4667	22	2.9488	11	0	11	114.5059	38.1418	0.9891	12.8378	11.2718	0.3749	1.256	2.5668	27	0	27.9181	16.1366	81	4	0.6041	2.4355	27	0	1.2482	2.5491	27	0	26.6906	15.6047	81	4	0.5576	2.4023	27	0	0.0446	8	68.5163	58.8758	144.871	13.0433	2095.3848	5518.4932
76B_1_FITC.tif	Positive	Positive	PathAnnotationObject	Polygon	373.35	197.62	5.0979	8.2922	0.9317	3.1474	2.1248	0.5058	11.125	178	11.5463	40	0	40	56.9375	911	20.8406	100	35	65	7.25	116	12.5936	39	0	39	119.2116	38.9765	0.9861	13.2875	11.7152	0.3718	7.8525	4.3718	40	0	27.3213	8.9836	100	19	0.4164	3.2384	39	0	7.6713	3.5501	16	0	25.6817	3.3379	42	19	0.0381	0.2673	3	0	0.0382	11	58.4042	53.7429	91.6531	32.0109	1010.4445	3245.6426
76B_1_FITC.tif	Positive	Positive	PathAnnotationObject	Polygon	474.8	199.69	3.9214	7.0472	0.9922	2.3425	2.1386	0.5874	13.5	162	15.0121	47	0	47	64.0833	769	24.2016	111	36	75	13.4167	161	14.6812	46	0	46	108.6237	37.0209	0.996	12.2416	11.2718	0.1421	1.3741	4.1831	47	0	14.4856	12.3454	111	5	0.6871	4.0107	46	0	0.8271	1.4062	6	0	12.2481	4.3104	32	5	0.1128	0.4456	3	0	0.0319	5	87.6188	76.9332	154.2884	51.3494	3096.0701	5518.4932
76B_1_FITC.tif	Positive	Positive	PathAnnotationObject	Polygon	649.28	224.75	9.0193	12.3618	0.7417	4.9809	2.0987	0.9164	6.48	162	6.0424	19	0	19	46.84	1171	10.7342	72	33	39	2.36	59	4.4242	17	0	17	140.3874	42.4019	0.9812	14.6392	11.7622	0.5603	3.6453	4.3003	19	0	24.3268	10.1626	72	7	0.1927	1.3175	17	0	3.4324	4.0738	15	0	22.6366	7.8547	44	7	0.03	0.2672	3	0	0.059	6	115.5602	104.0463	177.3103	72.3173	1726.2731	3836.853
76B_1_FITC.tif	Positive	Positive	PathAnnotationObject	Polygon	365.99	228.34	12.5486	15.8346	0.6289	5.9221	3.674	0.8725	11.0278	397	6.4829	30	1	29	60	2160	18.8407	101	35	66	3.1111	112	6.2417	23	0	23	112.9373	40.9765	0.8452	15.8549	9.3488	0.7924	7.1765	4.3811	30	0	31.173	14.0702	101	17	0.391	2.4072	23	0	6.6285	3.6985	16	0	27.0711	6.4299	59	17	0.004	0.0629	1	0	0.1204	4	16.4667	13.8698	32.6743	5.4528	114.3525	210.0119
76B_1_FITC.tif	Positive	Positive	PathAnnotationObject	Polygon	378.56	229.05	6.2743	10.747	0.6826	4.3133	1.9621	0.8748	5.2	104	5.6531	22	0	22	51.35	1027	10.7766	78	38	40	3.15	63	5.5656	21	0	21	107.0552	38.1179	0.9259	13.3298	10.6991	0.5995	3.0758	3.6818	22	0	23.1841	15.1538	78	1	0.4404	1.9037	21	0	2.9105	3.4443	14	0	20.9922	13.1208	57	1	0.2296	0.995	8	0	0.0625	5	25.4953	32.0109	38.1774	9.5248	259.294	490.5448
76B_1_FITC.tif	Positive	Positive	PathAnnotationObject	Polygon	219.38	234.24	26.6658	23.2175	0.6216	9.2714	3.8957	0.92	4.75	323	2.7338	11	0	11	50.5735	3439	3.8491	59	41	18	0.0588	4	0.3404	2	0	2	211.7575	53.6146	0.9257	19.393	13.7433	0.692	5.7528	3.7307	19	0	37.6301	8.096	59	16	0.1264	0.6593	6	0	5.8979	3.8343	19	0	35.7574	6.7176	55	16	0.1362	0.6931	6	0	0.1169	4	56.1081	51.5446	97.2896	24.0534	1056.412	1253.2415
76B_1_FITC.tif	Positive	Positive	PathAnnotationObject	Polygon	369.69	236.26	13.725	15.3301	0.7339	5.5288	4.0189	0.6365	5.0714	213	3.5158	12	0	12	63.6429	2673	14.9647	96	38	58	1.5476	65	2.7955	11	0	11	99.6044	37.934	0.8698	13.7764	9.976	0.664	4.8031	2.8874	12	0	33.8687	16.0616	96	10	0.2896	1.2809	11	0	4.7512	2.7559	11	0	28.106	7.739	56	10	0.0461	0.3301	4	0	0.1437	4	17.9226	13.7262	38.7851	5.4528	137.2394	296.2108
76B_1_FITC.tif	Positive	Positive	PathAnnotationObject	Polygon	183.65	236.15	10.98	12.3579	0.9035	4.5952	3.2151	0.606	2.8667	86	6.2628	26	0	26	57.1667	1715	13.646	93	39	54	2.7667	83	6.1738	26	0	26	92.938	35.939	0.9042	12.7293	9.7057	0.6697	2.0413	3.1011	26	0	21.8512	17.1741	93	1	0.4091	2.3408	26	0	1.9245	2.3415	9	0	16.8538	10.4343	58	1	0.0755	0.3428	2	0	0.1143	6	63.0599	65.5802	127.983	5.5753	760.1725	1800.6299
76B_1_FITC.tif	Positive	Positive	PathAnnotationObject	Polygon	438.67	236.31	6.6664	9.3134	0.9658	3.2862	2.5915	0.611	5.5263	105	3.1335	10	0	10	51.5789	980	7.5595	65	40	25	1.1053	21	2.5143	8	0	8	122.3488	39.46	0.9874	13.2846	11.8597	0.3096	5.147	3.5758	14	0	29.6038	13.2654	66	3	0.3099	1.1588	9	0	5.1224	3.6058	14	0	28.1837	12.2692	66	3	0.2585	0.9989	9	0	0.0476	8	96.4554	86.0213	164.3171	29.2431	2697.5183	7571.8604
76B_1_FITC.tif	Positive	Positive	PathAnnotationObject	Polygon	174.8	238.71	10.98	14.7406	0.635	5.665	3.4484	0.8214	3.5	119	5.0407	21	0	21	55.4118	1884	10.5575	86	36	50	2.3235	79	3.8512	17	0	17	117.2509	41.7087	0.847	14.4131	11.0372	0.6252	1.9433	2.7626	21	0	26.1733	15.3144	86	3	0.32	1.5271	17	0	1.7444	2.2576	10	0	22.4361	11.2712	52	3	0.0639	0.4511	4	0	0.0983	4	55.1892	66.346	82.4896	5.5753	900.5557	2274.821
76B_1_FITC.tif	Positive	Positive	PathAnnotationObject	Polygon	352.11	237.66	8.6272	11.9709	0.7565	4.4312	2.5083	0.8429	8.6667	208	8.1596	31	0	31	67.75	1626	15.7956	102	43	59	6.2083	149	8.807	31	0	31	139.6031	42.0645	0.9915	14.2187	12.3819	0.4272	5.7612	4.1982	31	0	32.5253	12.1874	102	17	0.5	2.7645	31	0	5.5512	3.6905	17	0	29.9789	6.745	61	17	0.0873	0.5228	6	0	0.0611	8	67.8797	70.0432	114.4259	16.6646	1944.7274	4530.1396
76B_1_FITC.tif	Positive	Positive	PathAnnotationObject	Polygon	410.95	245.16	15.2936	14.5301	0.9103	5.1485	4.1994	0.4165	2.7381	115	1.6239	7	0	7	54.5476	2291	7.3889	67	38	29	0.4762	20	1.0647	4	0	4	157.6417	44.8217	0.9861	14.9919	13.1505	0.3958	3.7662	3.4727	15	0	33.0099	12.0446	67	10	0.1294	0.5678	5	0	3.8861	3.6099	15	0	30.4972	9.7575	51	10	0.0889	0.4636	5	0	0.0943	4	37.5742	32.9657	60.513	23.8525	481.0398	826.7506
76B_1_FITC.tif	Positive	Positive	PathAnnotationObject	Polygon	123.56	248.63	20.3915	19.5138	0.6729	6.4988	4.9309	0.6574	0.3276	19	0.8248	4	0	4	47.1552	2735	6.229	59	32	27	0.0862	5	0.5392	4	0	4	141.1716	45.3924	0.861	16.2439	10.5938	0.7504	0.9139	1.7885	11	0	26.5139	13.5344	59	3	0.0694	0.4579	5	0	1.0265	1.8993	11	0	22.5497	10.6426	48	3	0.0662	0.4415	5	0	0.1423	6	41.1912	32.9321	104.6509	6.4276	418.3216	2274.821
76B_1_FITC.tif	Positive	Positive	PathAnnotationObject	Polygon	110.65	248.22	15.2936	18.0275	0.5914	7.4752	2.5443	0.9475	2.4419	105	3.2168	15	0	15	56.0698	2411	9.3768	76	34	42	1.6279	70	2.9602	14	0	14	110.9766	40.7056	0.8417	15.5005	9.5243	0.8019	0.993	1.8609	15	0	24.0035	17.7506	76	2	0.3345	1.3067	14	0	0.7344	1.3525	7	0	18.2822	11.7921	61	2	0.1037	0.3559	3	0	0.1336	6	55.7126	29.5147	194.2417	4.1861	343.4239	1800.6299
76B_1_FITC.tif	Positive	Positive	PathAnnotationObject	Polygon	238.21	249.95	5.8822	8.5496	1	3.0113	2.2404	0.6353	6.4375	103	9.9463	25	0	25	55.3125	885	16.6482	86	41	45	5.875	94	10.2559	25	0	25	115.6823	38.277	0.9922	12.7979	11.2718	0.3534	2.7534	3.9398	25	0	23.6149	10.4548	86	5	0.4426	2.7003	25	0	2.5429	3.2048	13	0	21.8036	6.3053	43	5	0.1321	0.5154	5	0	0.0412	5	64.6878	51.5079	114.4259	24.0534	1748.6046	4530.1396
76B_1_FITC.tif	Positive	Positive	PathAnnotationObject	Polygon	116.5	252.18	12.5486	13.8458	0.8226	5.0456	3.689	0.7076	0.1944	7	0.4672	2	0	2	60.4444	2176	6.2034	68	45	23	0.1667	6	0.4472	2	0	2	23.1365	20.0282	0.7248	6.8399	5.7146	0.4152	0.1719	0.4199	2	0	51.3906	12.8454	68	24	0.1094	0.3615	2	0	0.1429	0.3563	1	0	39.75	9.2361	60	24	0.0357	0.189	1	0	0.5131	3	5.0389	4.5028	6.4276	4.1861	10.0719	11.9313
76B_1_FITC.tif	Positive	Positive	PathAnnotationObject	Polygon	114.13	258.09	8.6272	11.4439	0.8278	4.1293	2.7666	0.7552	1.7083	41	1.8053	8	0	8	43.375	1041	7.4706	59	32	27	0.5417	13	1.444	6	0	6	78.8208	33.5022	0.8825	12.3362	8.6317	0.7174	0.8049	1.606	9	0	27.4927	9.6683	59	8	0.1171	0.7181	6	0	0.6851	1.5439	9	0	25.3867	7.7921	45	8	0.0608	0.5392	6	0	0.1061	6	41.9409	29.6945	106.424	4.5028	825.9225	3280.2886
76B_1_FITC.tif	Positive	Positive	PathAnnotationObject	Polygon	395.43	263.34	8.6272	10.3141	1	3.7934	2.9284	0.4398	2.3913	55	2.426	8	0	8	51.4348	1183	4.7561	60	43	17	0.4783	11	1.2011	4	0	4	129.0152	40.3111	0.9977	13.3626	11.8981	0.4191	3.3263	3.2206	11	0	31.2931	11.9413	63	8	0.1662	0.6916	6	0	3.3961	3.2645	11	0	29.789	10.9085	63	8	0.1429	0.6348	6	0	0.0551	8	64.5228	50.801	155.4091	23.8525	1596.8562	5118.3086
76B_1_FITC.tif	Positive	Positive	PathAnnotationObject	Polygon	67.1	269.28	11.7643	13.396	0.8238	5.2307	2.7665	0.8577	14.3939	475	12.6118	43	0	43	112.303	3706	35.8952	167	49	118	14.4242	476	12.8136	44	0	44	147.0538	43.6105	0.9716	15.0197	12.2889	0.5324	1.4453	5.4876	43	0	16.0533	33.2805	167	1	1.392	5.5407	44	0	0.1959	0.5572	3	0	6.7661	10.5282	75	1	0.1345	0.4898	3	0	0.076	4	64.3321	63.1932	81.8874	49.0546	753.0618	1751.6521
76B_1_FITC.tif	Positive	Positive	PathAnnotationObject	Polygon	249.77	283.01	6.2743	8.9922	0.9751	3.5417	2.1779	0.7526	14.1765	241	12.8998	46	3	43	85	1445	23.8904	131	56	75	11.0588	188	14.8723	47	0	47	119.2116	38.8838	0.9908	13.3146	11.2718	0.4945	8.1373	5.3169	46	0	32.0098	15.5613	131	16	0.6536	4.2563	47	0	7.782	4.2912	18	0	28.8927	7.0173	54	16	0.0415	0.3609	5	0	0.0464	6	68.0604	61.7296	111.8122	30.7913	2034.0829	4470.3008
76B_1_FITC.tif	Positive	Positive	PathAnnotationObject	Polygon	620.01	290.87	7.0586	10.4882	0.8064	4.1956	2.1531	0.8557	8.2	164	10.5611	38	0	38	61.95	1239	18.3718	107	36	71	7.75	155	11.1727	39	0	39	126.6623	40.3346	0.9784	13.6989	11.2718	0.5285	1.2738	3.4697	38	0	18.4215	15.2572	107	3	0.6677	3.3876	39	0	0.8197	1.5802	11	0	15.5672	9.7043	60	3	0.2033	0.9552	11	0	0.0517	7	77.8938	72.3173	126.2795	46.2143	1702.1047	4672.4575
76B_1_FITC.tif	Positive	Positive	PathAnnotationObject	Polygon	225.19	298.27	10.1957	14.4462	0.6139	5.4922	2.8117	0.8799	22.3667	671	4.5295	30	12	18	41.4333	1243	3.3081	49	35	14	0.7333	22	1.2847	4	0	4	108.6237	39.1686	0.8897	14.3098	10.2746	0.697	8.8136	7.9852	30	0	25.595	9.4186	49	8	0.1935	0.7334	5	0	7.1807	6.6469	27	0	23.6867	8.01	45	8	0.1285	0.6087	5	0	0.099	8	43.0974	41.1496	77.1623	6.031	433.7816	1238.064
76B_1_FITC.tif	Positive	Positive	PathAnnotationObject	Polygon	218.32	304.07	14.1172	15.3146	0.7564	6.1313	3.1931	0.7945	30.5	1220	7.1719	45	15	30	54.025	2161	8.55	74	40	34	1.2	48	2.4411	11	0	11	83.1344	37.6737	0.7361	13.4596	10.6194	0.6016	11.1111	11.3058	45	0	30.0324	13.8907	74	11	0.2685	1.1622	11	0	6.7045	6.3339	35	0	24.5795	7.6997	55	11	0.0568	0.297	2	0	0.1705	3	11.485	6.031	22.9422	5.4819	34.3151	61.7375
76B_1_FITC.tif	Positive	Positive	PathAnnotationObject	Polygon	223.68	311.18	9.4114	11.9452	0.8289	4.7106	2.7202	0.7991	23.4231	609	7.2893	36	9	27	47.3077	1230	11.1849	73	28	45	2.1538	56	3.823	15	0	15	94.5066	36.1461	0.909	13.1116	9.0472	0.7217	7.3942	7.4849	36	0	21.2199	11.535	73	5	0.249	1.4158	15	0	5.4558	4.6511	29	0	18.0651	6.4746	43	5	0.0186	0.2154	3	0	0.0963	6	28.214	22.0972	71.3961	5.4819	356.3481	1344.0824
76B_1_FITC.tif	Positive	Positive	PathAnnotationObject	Polygon	200.86	316.53	2.745	5.9217	0.9837	2.1896	1.6195	0.3531	33.3333	300	31.6465	106	0	106	103.2222	929	37.2249	176	49	127	33.2222	299	31.6219	106	0	106	89.4087	34.3808	0.9505	11.8448	9.4623	0.6036	2.2391	8.7682	106	0	17.7652	20.2747	176	3	1.5043	8.7467	106	0	0.9729	1.5636	6	0	14.2851	8.1589	40	3	0.2127	0.664	4	0	0.0273	10	58.2634	59.3341	106.424	7.1956	896.7108	3280.2886
76B_1_FITC.tif	Positive	Positive	PathAnnotationObject	Polygon	206.11	323.4	2.745	5.0097	1	1.6785	1.476	0.3531	29.2857	205	27.675	61	0	61	85.7143	600	35.2927	125	46	79	29.1429	204	27.8474	61	0	61	81.5658	32.7198	0.9574	11.4506	8.856	0.6123	2.8294	7.0616	61	0	24.0664	13.9104	125	8	1.0521	7.0348	61	0	1.9216	1.996	8	0	21.951	5.2736	37	8	0.0882	0.3607	2	0	0.0205	6	41.9387	44.7255	73.8581	7.1956	550.2325	1691.7207
76B_1_FITC.tif	Positive	Positive	PathAnnotationObject	Polygon	346.61	326.86	23.9208	21.0913	0.6757	7.2447	5.3407	0.6318	3.6364	240	6.0476	27	0	27	96.2121	6350	25.9914	154	51	103	4.5455	300	6.5825	28	0	28	158.0338	50.3595	0.7831	17.1063	12.6927	0.7418	0.8374	2.8281	27	0	34.064	34.2488	154	2	0.8818	3.1725	28	0	0.2941	0.8494	9	0	22	19.336	108	2	0.1706	0.7721	9	0	0.148	7	64.9548	79.6577	107.2602	5.841	1571.2656	4470.3008
76B_1_FITC.tif	Positive	Positive	PathAnnotationObject	Polygon	353.35	329.84	14.1172	14.021	0.9024	5.3372	3.6831	0.7005	3.7	148	4.7782	18	0	18	99.35	3974	16.6803	125	57	68	5.275	211	5.099	19	0	19	53.3315	31.2919	0.6844	13.3318	5.6088	0.8886	1.2676	3.0175	18	0	49.2535	37.3907	125	4	1.5282	3.5763	19	0	0.3137	0.7958	4	0	29.6078	21.462	94	4	0.0588	0.2752	2	0	0.2583	4	21.6615	7.7185	65.9164	5.2924	130.7192	284.3081
76B_1_FITC.tif	Positive	Positive	PathAnnotationObject	Polygon	113.12	330.26	9.8036	12.3786	0.804	4.5817	3.4248	0.642	2.3871	74	4.2948	15	0	15	51.129	1585	13.735	83	30	53	2.0323	63	4.2621	14	0	14	141.9559	43.7391	0.9324	14.8362	12.9161	0.3663	0.8264	1.7177	15	0	24.8375	13.661	83	3	0.2149	1.3818	14	0	0.6807	1.1426	6	0	22.3825	10.7805	51	3	0.0452	0.322	3	0	0.0687	5	56.7918	74.6162	89.1372	10.2155	1327.33	3280.2886
76B_1_FITC.tif	Positive	Positive	PathAnnotationObject	Polygon	557.35	327.87	5.0979	8.6279	0.8606	3.4944	1.8272	0.7873	6.2857	88	7.7799	22	0	22	55.5	777	15.1238	83	33	50	6.0714	85	7.8394	22	0	22	65.8801	29.2871	0.9652	10.4966	8.5158	0.5287	1.3779	2.9543	22	0	19.2035	14.412	83	2	0.7384	2.8214	22	0	0.943	1.4683	8	0	15.9873	8.9107	43	2	0.2658	0.9059	8	0	0.0617	8	70.6332	47.2365	154.2884	4.2285	1880.8881	5518.4932
76B_1_FITC.tif	Positive	Positive	PathAnnotationObject	Polygon	356.28	334.09	7.4507	11.6516	0.6897	4.9276	2.0418	0.9168	3	60	3.4489	10	0	10	48.05	961	12.399	68	28	40	2.65	53	3.4531	10	0	10	54.1158	34.1367	0.5836	14.1972	5.6514	0.9456	1.3521	2.2853	10	0	29.2254	13.5303	68	6	0.5282	1.6914	10	0	1.082	1.9224	10	0	26.1393	11.0006	51	6	0.1803	0.7716	6	0	0.1212	3	25.7294	5.2924	67.2962	4.5995	94.7694	170.0221
76B_1_FITC.tif	Positive	Positive	PathAnnotationObject	Polygon	362.58	334.69	5.0979	9.7803	0.6697	4.075	1.6722	0.882	7.5	120	10.2242	31	0	31	51.0625	817	18.6636	88	28	60	7.4375	119	10.2435	31	0	31	85.0951	36.3256	0.8104	13.6786	7.5772	0.8287	2.8235	4.2288	31	0	19.1041	12.9089	88	3	0.5611	3.3004	31	0	2.4585	3.1224	11	0	16.6098	8.2304	37	3	0.0244	0.1836	2	0	0.062	9	76.7958	78.6987	132.1689	4.5995	1689.2455	7396.8599
76B_1_FITC.tif	Positive	Positive	PathAnnotationObject	Polygon	553.02	335.05	9.0193	11.5174	0.8544	4.4857	2.6452	0.8318	3.84	96	5.9489	24	0	24	64.4	1610	15.8114	97	38	59	3.92	98	5.7657	23	0	23	70.1937	31.2253	0.9047	11.1474	8.6202	0.5299	1.489	2.8044	24	0	31.3956	16.9829	97	6	0.6648	2.6201	23	0	1.1146	1.6289	9	0	26.1401	9.6857	53	6	0.1465	0.9393	9	0	0.1144	7	48.072	27.0137	152.5538	4.1298	1273.1814	7571.8604
76B_1_FITC.tif	Positive	Positive	PathAnnotationObject	Polygon	608.5	334.19	9.8036	12.9007	0.7402	4.6867	2.9331	0.8125	17.4074	470	5.9695	31	5	26	72.1111	1947	19.4607	110	44	66	6	162	7.7111	26	0	26	106.2709	38.3714	0.907	13.9264	10.1381	0.6616	11.84	8.8158	31	0	26.7745	19.9232	110	3	0.6945	3.0353	26	0	11.2339	8.8717	25	0	21.8387	12.3011	69	3	0.1169	0.741	8	0	0.0856	4	28.65	30.8515	46.2143	6.6827	225.2834	717.3303
76B_1_FITC.tif	Positive	Positive	PathAnnotationObject	Polygon	560.83	334.3	5.8822	8.2913	1	3.0313	2.2247	0.6959	2.4375	39	3.8117	11	0	11	56.6875	907	7.0021	71	46	25	2.25	36	3.5308	10	0	10	31.3715	25.0374	0.6289	10.8395	4.1266	0.9188	1.1786	2.218	11	0	36.869	16.19	71	9	0.619	1.8557	10	0	0.8824	1.5408	5	0	32.2059	14.0665	59	9	0.2353	0.8307	5	0	0.1574	4	5.5882	5.41	7.403	4.1298	10.6411	13.5722
76B_1_FITC.tif	Positive	Positive	PathAnnotationObject	Polygon	575	338.39	27.8422	21.721	0.7416	7.0195	5.8458	0.5376	4.6933	352	5.294	22	0	22	116.0267	8702	27.1039	157	46	111	5.28	396	5.208	23	0	23	147.4459	48.6672	0.7823	17.071	12.4104	0.736	1.1365	3.0638	22	0	41.3885	41.7434	157	5	1.147	3.1722	23	0	0.2647	1.0107	10	0	23.0948	16.9447	110	5	0.134	0.8522	11	0	0.1827	7	24.5859	20.4508	65.5857	5.2589	237.0739	717.3303
76B_1_FITC.tif	Positive	Positive	PathAnnotationObject	Polygon	565.83	337.25	9.4114	12.016	0.8191	4.6546	3.0435	0.7047	3.9667	119	4.6274	18	0	18	85.4667	2564	15.708	112	54	58	4.6	138	5.4873	19	0	19	56.8608	29.2174	0.837	11.0028	7.514	0.7071	0.9868	2.6218	18	0	38.3487	28.318	112	10	0.9342	3.0267	19	0	0.2541	0.8387	6	0	26.7623	15.9938	80	10	0.0328	0.255	2	0	0.1674	4	8.0439	7.8153	11.431	5.1141	21.7369	40.0646
76B_1_FITC.tif	Positive	Positive	PathAnnotationObject	Polygon	108.65	340.22	5.8822	8.0378	1	2.8542	2.2314	0.6353	18.3333	275	21.685	69	0	69	100.2	1503	32.3269	163	62	101	20.2	303	21.9942	70	0	70	101.9573	36.2821	0.9733	12.4067	10.5875	0.4685	1.5308	6.6218	69	0	26.3538	22.773	163	5	1.2231	6.9574	70	0	0.502	1.0698	6	0	21.8327	11.6087	60	5	0.0612	0.3626	4	0	0.0436	5	90.0347	81.8874	178.5095	10.2155	268.9947	343.1219
76B_1_FITC.tif	Positive	Positive	PathAnnotationObject	Polygon	560.92	344.47	11.7643	12.9808	0.8774	5.1879	2.9223	0.8093	4.9375	158	7.3306	27	0	27	69.7188	2231	19.5204	113	41	72	4.2812	137	7.3363	27	0	27	92.5459	35.2393	0.9365	12.605	9.6786	0.6358	1.9409	3.4648	27	0	34.0338	17.5028	113	12	0.6835	3.0527	27	0	1.4732	2.0233	9	0	28.4634	8.0971	61	12	0.122	0.5046	4	0	0.114	7	14.1038	14.3302	22.3942	5.1141	69.4979	146.3969
76B_1_FITC.tif	Positive	Positive	PathAnnotationObject	Polygon	582.32	342	6.6664	9.3704	0.9541	3.5911	2.4772	0.7596	1.1053	21	1.4489	5	0	5	51.6316	981	8.0223	64	39	25	1	19	1.3333	4	0	4	66.6644	31.1823	0.8616	12.3504	7.5133	0.7869	0.5174	1.04	6	0	15.0988	16.0473	64	1	0.157	0.5659	4	0	0.4444	0.959	6	0	10.5621	9.723	54	1	0.0523	0.2233	1	0	0.0895	4	21.1562	25.3944	28.5772	5.2589	117.2063	275.9526
76B_1_FITC.tif	Positive	Positive	PathAnnotationObject	Polygon	609.37	343.73	9.4114	13.2832	0.6703	4.8107	3.1343	0.7124	16.3571	458	6.4934	28	3	25	57.0357	1597	13.1444	89	37	52	2.5357	71	4.8111	20	0	20	112.153	40.3274	0.8666	14.6082	10.4887	0.6529	15.6969	9.549	30	0	28.007	15.041	89	3	0.3554	1.6971	20	0	15.6255	9.8293	30	0	24.8687	11.4614	53	3	0.1197	0.4459	3	0	0.0902	5	37.8311	44.0177	57.3153	6.6827	430.3281	1214.9729
76B_1_FITC.tif	Positive	Positive	PathAnnotationObject	Polygon	139.34	351.2	8.6272	11.9204	0.7629	4.5647	3.1494	0.6596	1.36	34	2.1962	9	0	9	44.28	1107	5.594	56	34	22	0.68	17	1.6	6	0	6	137.6423	42.0573	0.9779	14.4891	12.5243	0.4413	2.5455	2.5427	13	0	29.5568	7.5089	56	12	0.233	0.9591	8	0	2.6361	2.5475	13	0	28.4312	6.3647	55	12	0.1988	0.8863	8	0	0.0607	6	58.6963	50.2842	114.7958	32.5168	546.5264	1165.0679
76B_1_FITC.tif	Positive	Positive	PathAnnotationObject	Polygon	568.33	359.88	21.1757	20.0744	0.6603	6.902	4.9994	0.7679	1.9344	118	3.0104	10	0	10	66.6885	4068	15.9755	101	41	60	1.8525	113	3.0542	10	0	10	196.856	50.723	0.9615	17.3648	15.0006	0.5112	1.2171	1.9715	11	0	31.2092	16.7199	101	3	0.3725	1.418	10	0	1.1179	1.7632	11	0	26.3016	9.2118	59	3	0.1678	0.8196	9	0	0.1124	7	28.767	21.9191	62.1745	15.672	326.0804	1214.9729
76B_1_FITC.tif	Positive	Positive	PathAnnotationObject	Polygon	552.74	358.85	10.1957	12.0425	0.8835	4.39	3.0942	0.7101	2.3871	74	2.2756	8	0	8	58.2581	1806	8.1811	78	45	33	1.2258	38	1.9615	7	0	7	59.6058	35.4196	0.5971	14.3596	7.717	0.8666	2.0769	2.3761	9	0	36.3333	13.8482	78	16	0.4295	1.192	7	0	2	2.403	9	0	30.896	8.5759	53	16	0.232	0.8046	5	0	0.1668	4	11.5913	10.604	20.521	4.6364	59.8543	146.3969
76B_1_FITC.tif	Positive	Positive	PathAnnotationObject	Polygon	546.09	359.25	3.9214	6.8047	1	2.4256	1.8626	0.6575	16.4545	181	13.4786	44	4	40	76.2727	839	17.2921	110	54	56	11.0909	122	12.2593	37	0	37	62.743	29.7273	0.8922	11.1739	7.3283	0.7223	5.2761	5.9247	44	0	41.589	12.0507	110	25	0.865	4.1403	37	0	4.4671	3.9833	16	0	39.0789	6.4823	57	25	0.125	0.5187	4	0	0.048	5	14.6169	10.913	27.0137	4.6364	55.2928	107.2798
76B_1_FITC.tif	Positive	Positive	PathAnnotationObject	Polygon	554.67	366.98	10.1957	15.3858	0.5412	7.0992	2.4795	0.9102	3.7	111	3.1748	11	0	11	52.8667	1586	13.2918	75	30	45	1.8667	56	2.7258	9	0	9	110.5845	41.7447	0.7974	15.8651	10.1126	0.7892	1.8427	2.2274	11	0	27.4476	11.8156	75	8	0.2308	1.0609	9	0	1.625	1.9862	8	0	24.4688	7.1427	49	8	0.0391	0.2474	3	0	0.0913	6	29.8149	14.9323	71.6131	4.8365	528.4164	2246.248
76B_1_FITC.tif	Positive	Positive	PathAnnotationObject	Polygon	185.32	360.88	1.9607	4.932	1	1.8335	1.2206	0.7651	1.8333	11	0.9832	3	0	3	45	270	2.7568	49	41	8	0.3333	2	0.8165	2	0	2	42.7436	23.6776	0.9581	8.9778	6.6965	0.6336	4.3364	3.2263	13	0	34.0455	7.0169	51	24	0.2545	1.1843	10	0	4.4808	3.253	13	0	33.4135	6.659	51	24	0.25	1.2048	10	0	0.0365	5	30.2944	43.979	48.8211	3.2911	310.0335	1165.0679
76B_1_FITC.tif	Positive	Positive	PathAnnotationObject	Polygon	190.45	364.69	17.6465	19.1034	0.6076	7.7286	4.4522	0.8278	1.2917	62	2.2309	10	0	10	48.6667	2336	7.8722	65	31	34	0.8333	40	1.6674	8	0	8	116.4666	51.8431	0.5445	17.8357	12.7357	0.7542	1.6279	2.2018	10	0	26.7807	14.5313	65	1	0.3156	0.9256	8	0	1.6917	2.1948	9	0	22.6285	11.4575	44	1	0.2174	0.6638	4	0	0.1482	4	19.9677	15.5538	45.4721	3.2911	172.0847	555.4802
76B_1_FITC.tif	Positive	Positive	PathAnnotationObject	Polygon	264.62	367.04	7.8429	9.8161	1	3.4031	2.7222	0.6013	6.6667	140	3.2455	15	2	13	46.7143	981	7.3494	65	37	28	1.381	29	2.8014	10	0	10	125.8781	39.9385	0.9917	13.2158	11.8981	0.3271	3.3396	2.5062	15	0	26.8411	9.1061	65	6	0.2679	1.0046	10	0	3.1067	2.2773	8	0	25.45	7.4466	49	6	0.19	0.6798	5	0	0.0526	11	54.0733	44.5478	92.2006	29.4883	917.1746	3789.4348
76B_1_FITC.tif	Positive	Positive	PathAnnotationObject	Polygon	539.62	367.83	8.235	10.0711	1	3.7528	2.4364	0.735	1.2381	26	2.5476	8	0	8	54.0952	1136	6.5643	68	47	21	1.5714	33	2.7852	8	0	8	120.388	39.1667	0.9862	13.0588	11.2718	0.4259	0.873	1.863	12	0	33.0847	13.7589	68	5	0.4821	1.6396	13	0	0.8462	1.8057	12	0	31.542	12.8575	61	5	0.4021	1.4994	13	0	0.0553	6	37.5229	34.7678	70.4842	10.913	621.0482	1888.3896
76B_1_FITC.tif	Positive	Positive	PathAnnotationObject	Polygon	187.15	372.27	4.3136	7.7005	0.9141	2.7583	2.1528	0.7243	4.8462	63	7.0101	22	0	22	45.0769	586	12.958	69	29	40	5.5385	72	7.2182	23	0	23	59.998	28.8988	0.9028	11.2556	7.2807	0.7542	0.8247	2.4445	22	0	13.7532	11.8973	69	3	0.5974	2.5553	23	0	0.4539	0.8235	4	0	10.8652	6.3866	40	3	0.1418	0.4405	2	0	0.0629	5	30.5095	24.1885	63.9346	5.1515	144.6972	407.8337
76B_1_FITC.tif	Positive	Positive	PathAnnotationObject	Polygon	302.79	373.57	15.2936	16.1688	0.7351	5.4669	4.6316	0.5686	3.5854	147	2.7837	11	0	11	51.9268	2129	8.0199	71	38	33	1.2195	50	2.5643	11	0	11	163.5238	45.79	0.9801	14.8977	13.7767	0.2868	5.4282	2.8707	14	0	28.7775	9.8874	71	13	0.201	0.9635	11	0	5.6286	2.8115	14	0	26.2599	6.0654	50	13	0.0902	0.4523	4	0	0.094	9	63.3371	65.9164	92.0343	38.5871	808.6393	3230.7888
76B_1_FITC.tif	Positive	Positive	PathAnnotationObject	Polygon	208.36	381.95	12.9407	17.0043	0.5624	7.4823	2.516	0.9516	7	252	8.1976	32	0	32	63.5556	2288	21.9967	112	32	80	5.3611	193	8.2051	31	0	31	169.0138	47.6163	0.9367	17.6694	12.4019	0.6983	2.9584	3.7741	32	0	24.3626	15.9676	112	7	0.5358	2.7854	31	0	2.5919	2.8248	13	0	20.8086	9.1142	53	7	0.0982	0.4527	4	0	0.0764	6	37.7967	32.9415	59.4853	19.0152	471.0927	1691.7207
76B_1_FITC.tif	Positive	Positive	PathAnnotationObject	Polygon	234.72	388.01	28.2343	22.0325	0.7309	7.1829	6.0523	0.3329	4.3026	327	6.244	32	0	32	83.1711	6321	20.7662	134	45	89	2.4737	188	5.2725	29	0	29	103.5259	40.5689	0.7904	13.9386	11.3801	0.4169	2.3321	4.0389	32	0	44.9328	30.0869	134	5	0.7351	3.0182	29	0	1.5521	2.3103	11	0	29.7969	16.8518	92	5	0.0469	0.373	4	0	0.272	6	12.6091	6.8839	38.4726	4.7107	54.0717	207.8212
76B_1_FITC.tif	Positive	Positive	PathAnnotationObject	Polygon	224.08	388.9	6.2743	10.1408	0.7667	3.6837	2.5761	0.6653	6.2	124	4.7859	16	0	16	58	1160	16.6544	91	34	57	3.3	66	4.2932	14	0	14	81.5658	34.2259	0.875	13.0291	8.2325	0.7881	2.5524	2.9281	16	0	21.9476	15.9422	91	4	0.381	1.6333	14	0	2.1684	2.3711	8	0	18.1526	10.0571	71	4	0.0737	0.3168	2	0	0.0795	6	18.0184	14.7925	44.5478	3.6684	86.9022	333.9379
76B_1_FITC.tif	Positive	Positive	PathAnnotationObject	Polygon	228.15	393.32	7.0586	9.4848	0.986	3.3566	2.6642	0.6789	8.75	175	3.3853	18	3	15	78.35	1567	11.7306	96	53	43	1.85	37	2.6611	8	0	8	25.8815	20.4123	0.7806	8.1129	3.7427	0.8852	5.1618	3.7521	18	0	42.2206	29.7049	98	5	0.6324	1.7355	8	0	3.6667	2.7702	8	0	27.1667	20.3797	98	5	0.125	0.733	5	0	0.2491	3	5.1258	4.7107	6.9982	3.6684	7.6318	13.7295
76B_1_FITC.tif	Positive	Positive	PathAnnotationObject	Polygon	518.44	392.09	5.0979	7.3537	1	2.4224	2.2164	0.5058	24.6154	320	19.6619	67	7	60	83	1079	30.9919	141	52	89	16.3846	213	21.4108	63	0	63	109.408	37.1267	0.9974	12.3376	11.2718	0.2018	8.7571	8.7448	67	0	20.2	19.076	141	1	0.9643	5.837	63	0	7.985	7.0625	34	0	17.1423	11.6713	67	1	0.2135	1.6935	21	0	0.0346	3	38.577	40.078	43.1028	32.5501	629.4633	800.6771
76B_1_FITC.tif	Positive	Positive	PathAnnotationObject	Polygon	246.52	392.24	9.0193	11.8371	0.8089	4.2248	3.2128	0.7195	4.3333	117	4.1044	16	0	16	50.2593	1357	9.9212	76	35	41	1.6667	45	3.2699	12	0	12	59.998	31.0588	0.7816	11.0279	7.6577	0.7923	1.4581	2.4974	16	0	28.8129	12.8269	76	10	0.3097	1.4927	12	0	0.8516	1.4091	7	0	24.2891	7.8069	49	10	0.0234	0.197	2	0	0.1483	7	11.5605	7.8771	32.4353	5.2447	51.2069	207.8212
76B_1_FITC.tif	Positive	Positive	PathAnnotationObject	Polygon	238.53	392.76	3.9214	7.0117	1	2.5646	1.8786	0.5874	6.7273	74	4.7348	17	0	17	81	891	11.7388	101	57	44	4.7273	52	5.2743	17	0	17	9.8036	12.9654	0.7329	5.1748	2.952	0.859	3.8214	4.8614	17	0	56.25	27.437	101	11	1.9286	3.9528	17	0	1.9412	4.0384	11	0	40.2353	22.1487	77	11	0.1176	0.3321	1	0	0.3192	5	4.9395	4.6283	8.6496	2.8633	7.8963	13.1041
76B_1_FITC.tif	Positive	Positive	PathAnnotationObject	Polygon	475.84	396.46	20.7836	23.8323	0.4598	7.6287	4.1083	0.8593	20.6897	1200	13.1992	57	3	54	132.2414	7670	45.0903	223	64	159	13.2414	768	15.8073	59	0	59	191.366	49.8978	0.9659	17.4977	13.6631	0.5978	13.793	7.4371	57	0	42.8811	39.0181	223	9	1.6148	6.8975	59	0	12.8628	5.687	26	0	30.8279	15.2608	120	9	0.0465	0.2603	2	0	0.1076	10	101.0166	88.1938	164.3171	43.1028	3144.1536	7571.8604
76B_1_FITC.tif	Positive	Positive	PathAnnotationObject	Polygon	241.65	393.78	5.49	8.9383	0.8635	3.1494	2.2608	0.7181	6.1765	105	4.1418	13	0	13	62.6471	1065	10.4579	78	42	36	3.4118	58	3.3738	10	0	10	18.4307	19.3129	0.6209	7.8176	3.8749	0.8943	4.6226	3.7888	13	0	36.7358	22.5782	78	6	1.2642	2.4507	10	0	3.8889	3.4291	9	0	24.5	15.076	69	6	0.25	0.6492	2	0	0.2778	4	4.2229	3.9348	5.7916	3.2301	7.3023	12.3336
76B_1_FITC.tif	Positive	Positive	PathAnnotationObject	Polygon	253.4	393.41	6.6664	8.957	1	3.4903	2.3344	0.6961	3.9444	71	5.2521	15	0	15	62.0556	1117	13.1304	85	45	40	3.4444	62	5.4473	15	0	15	56.8608	27.3838	0.9529	9.2005	7.7704	0.5023	2.5068	2.9451	15	0	38.0473	11.8949	85	20	0.6216	2.2988	15	0	2.3077	2.4331	11	0	34.7231	6.8517	57	20	0.2308	0.9195	7	0	0.0925	4	13.4652	9.2203	30.1755	5.2447	75.9067	173.9798
76B_1_FITC.tif	Positive	Positive	PathAnnotationObject	Polygon	264.05	396.09	12.1564	14.4244	0.7342	5.3615	3.4833	0.7975	3.5882	122	3.7909	15	0	15	52.9118	1799	11.2825	79	32	47	2.4706	84	3.431	13	0	13	130.9759	41.5758	0.9522	13.9899	12.1117	0.4812	1.5325	2.4568	15	0	23.9645	13.5576	79	7	0.4349	1.5892	13	0	1.3026	2.1496	11	0	20.727	9.2751	59	7	0.2072	1.0048	9	0	0.0925	7	19.9377	13.6183	45.2496	10.9299	179.7156	563.5964
76B_1_FITC.tif	Positive	Positive	PathAnnotationObject	Polygon	232.18	397.93	4.3136	7.8276	0.8847	2.8937	1.8786	0.6847	5.5385	72	3.0988	11	0	11	49.4615	643	7.6334	59	35	24	1.3846	18	2.0631	6	0	6	35.6851	22.9244	0.8533	8.2801	6.1285	0.5794	2.5789	2.9878	11	0	22.6	14.3715	61	8	0.2842	0.9415	6	0	2.1098	2.7035	11	0	18.3415	9.8435	61	8	0.1098	0.4159	2	0	0.0997	6	7.3281	6.4436	12.4174	3.4662	14.8173	28.0949
76B_1_FITC.tif	Positive	Positive	PathAnnotationObject	Polygon	237.14	397.6	6.2743	8.1458	1	2.8602	2.3343	0.562	6.6875	107	6.0852	21	0	21	79.5	1272	14.6969	108	58	50	3.5	56	5.4894	18	0	18	12.5486	15.1872	0.6837	6.304	2.9084	0.8807	5.2	4.626	21	0	53.4571	28.101	108	16	1.6	4.0526	18	0	3.9474	2.4375	8	0	31.5263	14.1789	62	16	0	0	0	0	0.3569	5	5.1101	3.5879	11.1234	2.8633	10.3553	18.7184
76B_1_FITC.tif	Positive	Positive	PathAnnotationObject	Polygon	240.92	400.31	11.3722	12.18	0.9633	4.7215	2.9945	0.7436	8.0667	242	3.7133	18	3	15	53	1590	9.6954	75	38	37	1.6333	49	2.6844	10	0	10	38.4301	24.9004	0.7789	10.1933	5.2721	0.8547	7.5	2.8008	18	3	32.7788	15.1753	75	14	0.5481	1.7286	10	0	7.2703	2.325	13	3	24.5811	7.1711	50	14	0.1081	0.8204	7	0	0.2587	6	6.8977	7.2911	9.7302	4.2817	18.419	29.0973
76B_1_FITC.tif	Positive	Positive	PathAnnotationObject	Polygon	616.91	399.1	7.0586	10.1314	0.8641	3.7038	2.5201	0.6972	17.1667	309	8.2337	37	5	32	69.7222	1255	17.4012	106	45	61	7.3889	133	11.0621	36	0	36	124.7016	39.9284	0.9829	13.2991	11.7898	0.3789	12.3009	6.2428	37	0	37.7649	11.1253	106	20	0.5078	3.0958	36	0	12.01	5.9969	24	0	35.8538	7.007	52	20	0.0963	0.4626	3	0	0.052	8	86.2983	68.405	177.3103	57.3153	1143.0579	2246.248
76B_1_FITC.tif	Positive	Positive	PathAnnotationObject	Polygon	252.19	401.72	9.4114	14.9591	0.5285	6.5838	1.97	0.9476	4.7857	134	4.7325	15	0	15	50.6429	1418	12.7344	75	26	49	2.9286	82	4.4549	14	0	14	81.958	34.8502	0.848	13.1019	8.7697	0.7204	2.514	2.6656	15	0	29.7897	12.4228	75	14	0.6168	2.0379	14	0	2.172	2.0034	8	0	26.6505	8.8484	49	14	0.2688	0.9769	9	0	0.1167	7	10.401	9.7302	14.409	6.5167	37.3998	63.6328
76B_1_FITC.tif	Positive	Positive	PathAnnotationObject	Polygon	245.38	407.13	7.4507	11.1384	0.7547	4.0596	2.7536	0.7542	8.913	205	4.6506	24	4	20	56.1739	1292	11.2559	86	42	44	2.4348	56	4.7847	19	0	19	57.6451	29.7403	0.819	10.4951	7.633	0.6983	6.2119	3.22	24	1	37.7417	11.4499	86	21	0.5099	2.1537	19	0	5.7266	2.6345	13	1	34.4297	7.7659	57	21	0.1641	0.8491	8	0	0.1352	4	9.4292	7.7104	17.5846	4.7114	32.891	59.9098
76B_1_FITC.tif	Positive	Positive	PathAnnotationObject	Polygon	260.03	405.53	9.0193	10.8892	0.9558	3.8802	3.03	0.5333	5.52	138	3.6414	15	0	15	66.68	1667	12.7597	93	38	55	2.68	67	3.5086	14	0	14	45.4886	25.3285	0.891	9.2274	7.298	0.5185	2.9918	2.9275	15	0	33.2869	21.4316	93	7	0.6148	1.9132	14	0	2.3402	2.3224	9	0	24.6804	13.1526	58	7	0.0825	0.3728	2	0	0.1775	4	7.7659	7.6124	12.2693	3.5696	28.8106	63.6328
76B_1_FITC.tif	Positive	Positive	PathAnnotationObject	Polygon	237.92	408.45	5.49	8.8463	0.8816	3.3155	2.3275	0.6842	10.0625	161	8.6137	34	1	33	65.125	1042	17.8508	103	44	59	7.5625	121	9.6053	34	0	34	74.5073	31.8527	0.9228	12.0118	8.3915	0.6822	4.7708	3.9789	34	0	25.7448	14.542	103	10	0.6823	3.4105	34	0	4.2898	2.8508	11	0	22.1648	6.9866	48	10	0.0568	0.2556	2	0	0.0692	11	43.4345	22.4306	147.0441	4.7114	127.4904	407.8337
76B_1_FITC.tif	Positive	Positive	PathAnnotationObject	Polygon	266.51	406.36	3.5293	6.4554	1	2.4014	1.6529	0.6658	4.4	44	3.0623	10	0	10	47.6	476	5.7774	57	38	19	0.9	9	2.1833	7	0	7	36.4693	22.8587	0.8771	8.6898	5.7633	0.7357	3.3263	2.6193	10	0	30.2632	11.3365	57	6	0.3263	1.0563	7	0	3.2	2.5532	10	0	28.2235	10.0123	47	6	0.2588	0.8331	5	0	0.0753	4	6.7658	6.1461	11.2014	3.5696	16.4629	20.0065
76B_1_FITC.tif	Positive	Positive	PathAnnotationObject	Polygon	258.62	412.88	9.8036	11.4888	0.9333	4.0462	3.1669	0.485	3.3571	94	2.7109	10	0	10	53.9643	1511	6.7246	64	41	23	0.2857	8	0.7127	3	0	3	67.0565	32.0579	0.8199	11.1229	9.1867	0.3266	3.4335	2.6309	12	0	35.9769	11.6319	64	14	0.2486	0.7483	5	0	3.4483	2.6245	12	0	32.5034	8.8358	50	14	0.2414	0.7571	5	0	0.1353	8	11.7459	11.4497	21.4357	4.2949	41.1427	136.2302
76B_1_FITC.tif	Positive	Positive	PathAnnotationObject	Polygon	271.03	412.5	7.4507	9.671	1	3.4499	2.7121	0.4514	7.7619	163	3.4771	13	1	12	47.1429	990	7.2958	58	34	24	1.0952	23	1.758	6	0	6	65.8801	30.538	0.8877	11.2046	8.2302	0.6203	3.1686	3.1992	13	0	19.3721	16.3153	58	3	0.25	0.7956	6	0	2.5298	2.5867	11	0	15.5099	13.1671	50	3	0.1325	0.4423	3	0	0.1007	7	22.824	12.9254	58.3626	4.4075	294.8698	1502.7284
76B_1_FITC.tif	Positive	Positive	PathAnnotationObject	Polygon	265.92	417.47	11.7643	13.5416	0.8062	5.3059	3.4418	0.6934	5.6176	191	2.3357	10	0	10	46.0588	1566	3.9308	54	38	16	0.2059	7	0.7699	4	0	4	59.2137	32.4579	0.7063	11.8215	8.4527	0.7309	4.3312	2.7178	12	0	38.0065	7.0493	54	21	0.2013	0.8585	6	0	3.9667	2.7161	12	0	35.725	5.9859	49	21	0.2	0.885	6	0	0.1981	3	6.9481	7.2825	9.1544	4.4075	18.2132	26.251
76B_1_FITC.tif	Positive	Positive	PathAnnotationObject	Polygon	265.2	426.08	10.98	13.3064	0.7793	4.603	3.6685	0.3391	2.4375	78	2.8842	11	0	11	52.4375	1678	7.9715	64	38	26	1.6875	54	2.645	7	0	7	127.8388	42.4416	0.8918	14.4147	11.4837	0.5393	2.4329	2.7664	15	0	25.6921	13.9222	68	4	0.4055	1.5115	14	0	2.4324	2.7584	15	0	22.8007	11.0541	68	4	0.2669	1.2648	14	0	0.0886	6	50.4184	23.2381	178.5095	9.1544	146.9399	355.9404
76B_1_FITC.tif	Positive	Positive	PathAnnotationObject	Polygon	537.12	427.4	26.6658	18.4208	0.9875	5.9926	5.6359	0.1586	6.3913	441	6.6359	26	0	26	119.6377	8255	25.7493	163	65	98	7.0435	486	6.7703	26	0	26	183.131	48.2039	0.9904	15.6555	14.4029	0.238	1.3376	3.4082	26	0	26.8483	41.3686	163	1	1.1303	3.5835	26	0	0.4637	0.9553	6	0	10.802	11.9991	68	1	0.1078	0.3557	3	0	0.1403	10	60.3695	60.1972	84.6543	40.078	1133.1986	2246.248
76B_1_FITC.tif	Positive	Positive	PathAnnotationObject	Polygon	316.84	445.88	11.7643	15.1021	0.6482	6.3268	2.5892	0.9086	12.25	392	10.355	45	2	43	84.9062	2717	29.6097	150	46	104	8.4375	270	11.0335	45	0	45	156.8574	45.3886	0.9568	16.4179	12.1059	0.6635	5.9975	4.8297	45	0	28.6	21.8453	150	4	0.8575	3.8593	45	0	5.4538	3.5493	15	0	23.7038	12.0123	79	4	0.1984	0.6816	5	0	0.0754	5	49.1309	55.4446	73.6685	28.3741	715.2017	1502.7284
76B_1_FITC.tif	Positive	Positive	PathAnnotationObject	Polygon	344.49	452.95	12.5486	17.6154	0.5082	7.8262	2.2539	0.9704	5.6486	209	7.3983	28	0	28	88.2162	3264	25.1376	140	53	87	5.9459	220	8.2696	29	0	29	105.8787	43.167	0.714	14.9829	9.5167	0.8193	3.7941	3.8946	28	0	42.7684	24.5056	140	7	0.9816	3.6905	29	0	3.5021	2.9182	12	0	35.6128	14.8407	109	7	0.2	0.8613	9	0	0.1144	6	44.8298	21.9711	122.111	3.4495	842.7172	3230.7888
76B_1_FITC.tif	Positive	Positive	PathAnnotationObject	Polygon	341.68	459.88	5.49	9.1527	0.8235	3.5776	1.9406	0.7988	3.8824	66	3.0798	11	0	11	70.8824	1205	11.4558	93	57	36	1.2353	21	1.715	6	0	6	62.3508	28.8384	0.9421	10.7885	8.0711	0.6193	2.4259	2.3347	11	0	44.3148	15.777	93	20	0.5309	1.4497	9	0	2.2552	2.1819	10	0	41.2	13.0621	73	20	0.4483	1.3991	9	0	0.0793	5	15.6113	12.4298	28.3741	3.4495	18.293	45.5718
76B_1_FITC.tif	Positive	Positive	PathAnnotationObject	Polygon	596.5	458.98	18.4307	17.6303	0.7451	6.4815	4.2776	0.8251	50.7547	2690	12.9599	72	18	54	67.0566	3554	11.1276	88	44	44	0.6226	33	1.2283	4	0	4	119.9959	42.5765	0.8318	15.8525	10.2067	0.7788	22.8452	15.7546	72	3	43.4258	13.7664	88	15	0.2871	0.9745	7	0	17.0895	8.4236	55	3	38.5525	8.0092	60	15	0.2179	0.9009	7	0	0.1504	4	23.7363	12.8386	63.8857	5.3822	64.638	168.3061
76B_1_FITC.tif	Positive	Positive	PathAnnotationObject	Polygon	587.36	456.57	15.6857	15.6621	0.8036	6.147	3.7916	0.7945	46.4524	1951	9.8926	64	29	35	57.881	2431	5.9272	66	46	20	0.1429	6	0.5213	3	0	3	80.3894	32.9709	0.9293	11.4037	9.2188	0.5707	22.7961	16.8696	65	0	41.3544	11.4477	66	24	0.0728	0.3415	3	0	16.7378	12.3357	65	0	37.122	8.2207	65	24	0.0549	0.277	2	0	0.1844	6	26.8061	11.9036	65.1969	5.3822	416.6161	1959.8815
76B_1_FITC.tif	Positive	Positive	PathAnnotationObject	Polygon	351.92	458.69	7.4507	11.0064	0.7729	4.139	2.3941	0.8545	5.619	118	5.1232	17	0	17	80.1905	1684	14.3583	104	54	50	4.5714	96	5.2304	17	0	17	54.5079	31.88	0.674	13.5143	5.0987	0.9323	3.3681	3.5017	17	0	47.3403	17.3818	104	21	0.7431	2.5468	17	0	2.9837	3.0081	12	0	41.7317	10.1425	81	21	0.0894	0.4051	3	0	0.1166	4	6.7304	7.0796	8.9595	3.8028	6.5739	12.4173
76B_1_FITC.tif	Positive	Positive	PathAnnotationObject	Polygon	359.13	461.82	7.8429	10.5007	0.8938	3.9126	2.4878	0.7595	12.087	278	9.765	41	1	40	112.4783	2587	24.7053	157	78	79	8.913	205	11.5951	41	0	41	75.2915	35.3833	0.7557	13.4085	7.3618	0.8749	8.8325	6.3629	41	0	53.1878	25.9678	157	22	1.203	4.8518	41	0	8.4023	5.67	21	0	45.3506	12.5389	83	22	0.1839	0.7905	6	0	0.0999	5	32.2371	9.4295	127.7631	3.1381	272.0168	808.1841
76B_1_FITC.tif	Positive	Positive	PathAnnotationObject	Polygon	353.32	463.6	3.5293	6.8747	0.9384	2.3247	2.0623	0.6658	10	110	9.2952	28	0	28	90.4545	995	15.996	119	70	49	7.4545	82	9.9936	28	0	28	23.5286	19.9114	0.7458	7.7601	4.428	0.8256	6.3731	4.7124	28	0	56.1493	18.8834	119	30	1.4776	4.8001	28	0	5.6607	2.7914	12	0	49.4107	9.9887	72	30	0.3036	0.9708	5	0	0.1229	4	7.9526	8.1163	12.4396	3.1381	5.7256	8.1833
76B_1_FITC.tif	Positive	Positive	PathAnnotationObject	Polygon	575.98	462.26	5.0979	8.3089	0.9279	2.881	2.3356	0.5058	15.75	252	2.6957	20	11	9	58.4375	935	7.4563	70	43	27	1.4375	23	2.1593	6	0	6	74.1151	32.781	0.8667	12.4904	7.5879	0.7944	9.6529	6.2881	24	0	37.0933	12.1724	70	16	0.2228	0.9558	6	0	9.1017	6.2314	24	0	35.1638	10.5707	63	16	0.113	0.6731	6	0	0.0579	5	23.4214	12.8185	53.9749	3.982	291.2637	957.4875
76B_1_FITC.tif	Positive	Positive	PathAnnotationObject	Polygon	588.35	465.46	12.1564	12.1308	1	4.2533	3.4976	0.5171	23.625	756	4.006	32	15	17	56.625	1812	4.006	64	47	17	0.4375	14	1.4797	8	0	8	60.3901	29.4435	0.8754	11.185	7.2746	0.77	21.879	5.2907	34	7	42.707	11.7295	64	13	0.2166	0.9359	8	0	21.432	5.4968	34	7	39.144	10.3095	61	13	0.16	0.734	7	0	0.1702	4	7.5913	7.7024	8.8921	6.0683	16.1333	19.8412
76B_1_FITC.tif	Positive	Positive	PathAnnotationObject	Polygon	581.3	464.92	9.0193	11.7463	0.8215	4.2861	2.8886	0.7374	13.9286	390	7.2517	28	1	27	59.7143	1672	6.9488	73	46	27	1.0357	29	1.9904	7	0	7	30.5872	22.6248	0.7509	8.5131	5.379	0.7718	11.9146	7.2558	28	0	45.4146	14.1141	73	20	0.3902	1.2645	7	0	10.8704	7.1005	25	0	38	10.7616	58	20	0.0556	0.302	2	0	0.3082	5	6.7939	6.3384	10.9888	3.982	16.201	20.7536
76B_1_FITC.tif	Positive	Positive	PathAnnotationObject	Polygon	490.88	464.22	26.6658	22.076	0.6876	9.0859	4.4003	0.8925	14.0833	1014	5.5278	24	5	19	60.3194	4343	8.4066	79	43	36	0.5417	39	1.4529	8	0	8	112.5452	43.3071	0.7541	16.8379	11.2496	0.7753	7.2414	6.7877	24	0	32.9414	20.6183	79	3	0.2069	0.8142	8	0	4.9817	5.5408	23	0	23.8991	14.5671	62	3	0.0963	0.3778	2	0	0.2356	5	29.7779	6.2802	71.5054	4.7871	452.532	1918.8568
76B_1_FITC.tif	Positive	Positive	PathAnnotationObject	Polygon	366.58	466.43	6.2743	8.782	1	2.9821	2.4152	0.4596	10.9412	186	3.2107	19	5	14	80.0588	1361	10.8712	98	64	34	2.1176	36	4.0602	13	0	13	105.8787	37.2743	0.9576	12.4449	10.4889	0.4957	8.875	4.2234	19	0	47.4632	13.8931	98	25	0.3272	1.5366	13	0	8.7373	4.2516	19	0	45.2902	11.0743	98	25	0.2078	1.1189	11	0	0.0497	7	86.7326	120.578	177.9294	9.4295	2146.0522	7396.8599
76B_1_FITC.tif	Positive	Positive	PathAnnotationObject	Polygon	499.6	468	7.0586	9.8371	0.9166	3.275	2.9656	0.5732	13.7143	288	2.8132	20	9	11	57.8571	1215	3.7187	68	52	16	0.2381	5	1.0911	5	0	5	52.1551	27.2498	0.8826	10.2476	7.7667	0.6233	7.4222	5.3761	20	0	39.6519	13.4333	68	12	0.237	0.857	5	0	6.2632	4.9153	19	0	36.2982	11.7729	63	12	0.2368	0.8125	5	0	0.1287	4	28.7188	27.3654	57.0644	3.08	354.1843	1200.26
76B_1_FITC.tif	Positive	Positive	PathAnnotationObject	Polygon	494.76	472.19	3.1371	6.5117	0.9297	2.575	1.3837	0.7823	15.3	153	1.6364	18	13	5	50.5	505	1.7159	53	48	5	0	0	0	0	0	0	36.4693	23.3863	0.8379	8.183	6.273	0.6492	11.551	4.3722	22	3	43.2857	5.7652	53	29	0.1122	0.624	5	0	11.125	4.386	22	3	42.4659	5.4855	53	29	0.125	0.6576	5	0	0.0622	4	16.4968	6.2062	50.4949	3.08	35.3741	63.7236
76B_1_FITC.tif	Positive	Positive	PathAnnotationObject	Polygon	485.23	471.88	6.2743	9.4643	0.8802	3.2972	2.7012	0.3273	18	342	3.8873	26	12	14	60.4737	1149	9.0084	74	47	27	1.4211	27	2.7952	8	0	8	75.2915	33.5325	0.8414	12.4473	8.2035	0.7227	8.0816	6.3354	26	0	37.648	15.8921	74	3	0.2806	1.1222	8	0	7.0169	5.5825	21	0	35.1977	14.4651	55	3	0.1582	0.6639	6	0	0.0734	5	53.2908	57.7455	120.578	5.7109	1034.8517	4433.1113
76B_1_FITC.tif	Positive	Positive	PathAnnotationObject	Polygon	583.91	472.88	8.6272	10.7246	0.9426	4.2069	2.4371	0.7391	11.4583	275	3.8671	18	7	11	55.0417	1321	7.3217	69	43	26	0.8333	20	1.4346	5	0	5	60.3901	29.8786	0.8501	10.9159	7.6359	0.7103	10.7179	4.1079	21	2	31.0256	14.8554	69	6	0.25	0.8002	5	0	10.5833	4.1499	21	2	26.6591	11.2615	52	6	0.1439	0.568	4	0	0.1182	5	14.9721	8.8921	39.8694	3.1663	11.0554	19.8412
76B_1_FITC.tif	Positive	Positive	PathAnnotationObject	Polygon	577.09	472.52	3.9214	7.9343	0.7828	3.0393	1.7967	0.6575	12.3846	161	2.6627	16	8	8	55.1538	717	3.9549	61	49	12	0.6154	8	1.1209	3	0	3	52.1551	26.3239	0.9458	9.2585	6.8883	0.6302	10.9044	4.0146	22	4	45.2721	4.8663	61	37	0.0956	0.4368	3	0	10.748	4.1084	22	4	44.2276	3.6278	55	37	0.0407	0.236	2	0	0.0709	4	13.6076	7.2726	36.7187	3.1663	44.4276	150.3736
76B_1_FITC.tif	Positive	Positive	PathAnnotationObject	Polygon	543.56	480.64	2.745	5.5171	1	2.0023	1.5591	0.3531	13.375	107	14.54	32	0	32	50.75	406	19.7683	77	29	48	13.25	106	14.6653	32	0	32	100.7809	35.5144	1	11.615	10.6456	0.3217	2.1202	3.8641	32	0	15.345	12.9819	77	2	0.5039	3.3583	32	0	1.76	2.2951	10	0	14.212	11.018	45	2	0.096	0.4556	4	0	0.0173	8	62.8519	49.4728	177.9294	36.7187	418.279	1200.26
