Image	Name	Class	Parent	ROI	Centroid X µm	Centroid Y µm	Nucleus: Area	Nucleus: Perimeter	Nucleus: Circularity	Nucleus: Max caliper	Nucleus: Min caliper	Nucleus: Eccentricity	Nucleus: Red mean	Nucleus: Red sum	Nucleus: Red std dev	Nucleus: Red max	Nucleus: Red min	Nucleus: Red range	Nucleus: Green mean	Nucleus: Green sum	Nucleus: Green std dev	Nucleus: Green max	Nucleus: Green min	Nucleus: Green range	Nucleus: Blue mean	Nucleus: Blue sum	Nucleus: Blue std dev	Nucleus: Blue max	Nucleus: Blue min	Nucleus: Blue range	Cell: Area	Cell: Perimeter	Cell: Circularity	Cell: Max caliper	Cell: Min caliper	Cell: Eccentricity	Cell: Red mean	Cell: Red std dev	Cell: Red max	Cell: Red min	Cell: Green mean	Cell: Green std dev	Cell: Green max	Cell: Green min	Cell: Blue mean	Cell: Blue std dev	Cell: Blue max	Cell: Blue min	Cytoplasm: Red mean	Cytoplasm: Red std dev	Cytoplasm: Red max	Cytoplasm: Red min	Cytoplasm: Green mean	Cytoplasm: Green std dev	Cytoplasm: Green max	Cytoplasm: Green min	Cytoplasm: Blue mean	Cytoplasm: Blue std dev	Cytoplasm: Blue max	Cytoplasm: Blue min	Nucleus/Cell area ratio	Delaunay: Num neighbors	Delaunay: Mean distance	Delaunay: Median distance	Delaunay: Max distance	Delaunay: Min distance	Delaunay: Mean triangle area	Delaunay: Max triangle area
85G_3_FITC.tif	Positive	Positive	PathAnnotationObject	Polygon	532	103.16	7.8429	10.287	0.9313	4.1229	2.3063	0.8168	9.381	197	10.6136	31	0	31	70.4762	1480	21.9787	105	39	66	9.5238	200	10.6659	32	0	32	92.1537	37.4159	0.8272	13.4532	9.0624	0.73	1.3319	4.1356	31	0	23.7574	19.2846	105	2	0.9447	4.145	32	0	0.5421	1.0944	5	0	19.1729	11.2648	43	2	0.1028	0.4734	4	0	0.074	3	12.9002	16.522	17.5211	4.6574	62.1141	142.6029
85G_3_FITC.tif	Positive	Positive	PathAnnotationObject	Polygon	539.7	102.17	4.7057	8.3198	0.8543	3.3382	1.8999	0.7606	7.2857	102	6.9662	22	0	22	45.7143	640	13.4532	70	27	43	7.2857	102	6.933	22	0	22	70.978	31.3899	0.9052	11.3045	8.48	0.6457	0.7784	2.7603	22	0	15.7351	13.5763	70	1	0.7135	2.7145	22	0	0.2456	0.8734	6	0	13.2807	10.2752	46	1	0.1754	0.6719	6	0	0.0571	6	32.0573	19.441	70.8666	4.6574	72.9796	186.3422
85G_3_FITC.tif	Positive	Positive	PathAnnotationObject	Polygon	516.95	103.6	7.0586	10.1022	0.8692	4.0663	2.1558	0.8241	3.65	73	4.3803	12	0	12	46.7	934	10.5934	68	30	38	3.6	72	4.4057	12	0	12	127.4466	40.2315	0.9895	13.8683	11.6245	0.5386	0.9511	2.0147	12	0	17	11.4546	68	2	0.3425	1.5042	12	0	0.7752	1.6204	10	0	15.0651	8.4503	42	2	0.1303	0.6831	7	0	0.049	5	47.9942	26.0604	90.2482	16.522	312.6422	822.8218
85G_3_FITC.tif	Positive	Positive	PathAnnotationObject	Polygon	426.97	104.43	10.1957	12.1348	0.8701	4.4235	3.1328	0.7855	3.7857	106	5.0798	21	0	21	51.3214	1437	13.6111	85	34	51	3.9286	110	5.298	21	0	21	107.4473	37.8496	0.9425	12.423	10.9224	0.3417	1.0466	2.2235	21	0	18.2473	13.4817	85	5	0.4516	2.0402	21	0	0.741	1.3329	6	0	14.5578	6.7764	40	5	0.0637	0.3032	2	0	0.0912	5	48.5981	48.0361	90.2482	7.0783	227.6329	408.3366
85G_3_FITC.tif	Positive	Positive	PathAnnotationObject	Polygon	549.34	109.05	12.5486	14.4671	0.7534	6.3057	2.5888	0.8881	16.3824	557	17.7167	68	0	68	129.4706	4402	43.2605	192	47	145	18.7059	636	19.9295	68	0	68	150.1909	44.2194	0.9652	15.3076	12.0108	0.6111	1.7206	6.9864	68	0	28.5274	36.1812	192	3	1.765	7.9189	68	0	0.2923	0.8746	7	0	18.6934	12.9229	93	3	0.1146	0.6329	7	0	0.0732	5	28.8462	16.8858	51.9814	13.1581	230.6095	552.6393
85G_3_FITC.tif	Positive	Positive	PathAnnotationObject	Polygon	420.69	111.63	5.49	7.9234	1	2.8602	2.2357	0.6114	11.9286	167	11.8222	35	0	35	68.8571	964	19.4891	102	48	54	10.9286	153	10.666	32	0	32	82.7423	33.4163	0.9311	11.7083	8.856	0.6093	2.7183	4.3584	35	0	22.6103	14.7467	102	9	0.8122	3.7883	32	0	2.0704	2.1777	9	0	19.3568	6.7852	39	9	0.1005	0.3892	2	0	0.049	3	19.8544	10.5347	41.9501	7.0783	80.3475	125.4916
85G_3_FITC.tif	Positive	Positive	PathAnnotationObject	Polygon	432.05	115.15	9.8036	11.3727	0.9525	4.2098	2.7829	0.7691	4.1154	107	3.7452	15	0	15	48.5385	1262	11.8465	79	33	46	2.3077	60	3.7711	15	0	15	121.9566	39.7529	0.9698	13.8536	11.2302	0.5798	3.8083	3.0194	15	0	24.0224	10.1903	79	5	0.2332	1.2608	15	0	3.7805	2.9513	11	0	21.8014	6.4363	44	5	0.0453	0.2537	3	0	0.0697	7	83.3419	85.9726	174.3738	10.2216	2800.5303	9134.7109
85G_3_FITC.tif	Positive	Positive	PathAnnotationObject	Polygon	339.78	117.37	4.3136	8.489	0.7522	3.3553	1.9559	0.7816	8.2667	124	10.5456	33	0	33	51.8	777	19.1356	90	29	61	8.4	126	10.5003	33	0	33	109.8002	37.8421	0.9635	12.9004	11.2051	0.4697	0.5836	3.0298	33	0	16.0747	10.9889	90	2	0.4591	3.0153	33	0	0.1504	0.5425	4	0	14.0602	5.6505	29	2	0.0113	0.1058	1	0	0.0426	6	36.4366	30.6604	87.4064	10.7219	146.9552	373.2344
85G_3_FITC.tif	Positive	Positive	PathAnnotationObject	Polygon	535.81	119.26	9.0193	11.7619	0.8193	4.6406	2.6921	0.7604	16.2692	423	16.3084	56	0	56	111.3846	2896	35.4492	172	56	116	18	468	16.5191	57	0	57	100.7809	38.6928	0.8459	14.1631	9.4331	0.76	1.9151	7.0244	56	0	26.3012	31.8886	172	5	1.9035	7.4617	57	0	0.3133	0.7373	4	0	16.8069	9.6754	73	5	0.1073	0.4839	3	0	0.0884	7	50.8409	17.7145	168.4739	3.8209	1277.1727	8583.7754
85G_3_FITC.tif	Positive	Positive	PathAnnotationObject	Polygon	381.11	120.79	11.7643	13.6912	0.7887	5.3179	3.1894	0.7881	8.4688	271	9.3187	40	0	40	82.5938	2643	22.6172	122	40	82	8.8438	283	9.9874	40	0	40	149.4067	43.9824	0.9706	15.1658	12.5243	0.5543	1.0236	3.5858	40	0	25.1571	19.934	122	8	0.7775	3.7592	40	0	0.3429	0.881	5	0	19.9057	7.6304	66	8	0.04	0.236	3	0	0.0735	6	53.8184	44.9931	124.088	16.8287	706.3439	3053.5688
85G_3_FITC.tif	Positive	Positive	PathAnnotationObject	Polygon	323.75	123.88	27.0579	23.6423	0.6083	8.4729	5.4311	0.8553	5.2667	395	5.9827	26	0	26	106.88	8016	27.7123	158	46	112	4.32	324	6.034	25	0	25	194.5032	51.8294	0.9099	18.3018	13.399	0.6959	2.1124	3.4031	26	0	43.5141	30.6095	158	13	0.7831	2.9443	25	0	1.5532	2.298	12	0	32.279	11.3427	93	13	0.156	1.099	12	0	0.1375	5	16.807	17.7736	22.558	11.9678	81.1377	149.4751
85G_3_FITC.tif	Positive	Positive	PathAnnotationObject	Polygon	598.21	121.78	7.8429	11.3067	0.7709	4.6769	2.1806	0.909	12.913	297	13.225	39	0	39	89.3043	2054	19.001	126	54	72	12.7391	293	13.6456	39	0	39	94.8987	36.5458	0.8929	12.9719	9.7572	0.5817	3.3402	6.0009	39	0	30.0656	24.5244	126	3	1.2787	5.55	39	0	2.3439	3.4218	13	0	23.9005	14.9386	66	3	0.086	0.4925	5	0	0.0818	5	31.2449	24.2112	64.7797	6.1011	153.6603	552.6393
85G_3_FITC.tif	Positive	Positive	PathAnnotationObject	Polygon	541.48	123.69	2.745	6.6115	0.7891	2.4042	1.6722	0.7795	13.8	138	18.3412	41	0	41	58.2	582	26.195	96	32	64	13.8	138	18.3412	41	0	41	64.3115	30.945	0.8439	12.0817	6.735	0.8142	1.0181	5.43	41	0	20.5482	12.0793	96	9	1.0361	5.4349	41	0	0.1987	0.7985	7	0	18.1346	4.261	36	9	0.2179	0.8523	7	0	0.0473	4	58.5802	31.6118	167.2764	3.8209	1152.9283	3900.4531
85G_3_FITC.tif	Positive	Positive	PathAnnotationObject	Polygon	606.93	122.43	9.4114	13.1719	0.6817	5.4751	2.4486	0.8914	27.8889	753	35.4795	114	0	114	154.0741	4160	51.4228	244	75	169	31.8519	860	37.5169	114	0	114	74.5073	36.1205	0.7176	12.4395	9.7965	0.6865	5.5596	16.1857	114	0	43.1451	52.2698	244	4	4.6736	17.693	114	0	1.9277	3.4104	14	0	25.1024	20.529	118	4	0.253	1.3956	15	0	0.1172	4	35.2082	33.2235	70.8666	3.5194	18.6836	35.4291
85G_3_FITC.tif	Positive	Positive	PathAnnotationObject	Polygon	365.02	125.24	6.6664	10.1421	0.8144	3.9544	2.2064	0.7848	7.9474	151	7.8985	23	0	23	59.7368	1135	14.1964	87	38	49	8	152	7.9162	23	0	23	127.4466	40.1317	0.9944	13.6781	11.808	0.464	0.5107	2.634	23	0	24.4801	10.6263	87	11	0.5046	2.6502	23	0	0.0519	0.2747	3	0	22.3052	5.1395	44	11	0.0422	0.3044	4	0	0.0453	5	45.5578	25.9137	118.1148	16.8287	762.351	2468.5322
85G_3_FITC.tif	Positive	Positive	PathAnnotationObject	Polygon	306.72	123.52	5.49	8.2261	1	3.2016	1.8311	0.7988	7	105	7.5309	20	0	20	68.5333	1028	22.8532	103	34	69	7.0667	106	7.704	21	0	21	71.7623	33.0739	0.8244	12.9375	7.4951	0.8157	1.2796	2.9696	20	0	23.5376	18.3103	103	5	0.7419	2.9258	21	0	0.7778	1.3363	6	0	19.5906	11.2927	81	5	0.1871	0.767	6	0	0.0565	5	22.5302	17.7736	42.8253	3.7082	47.568	77.4007
85G_3_FITC.tif	Positive	Positive	PathAnnotationObject	Polygon	345.89	127.18	7.8429	11.4036	0.7579	4.7268	1.9689	0.9114	6.5714	138	9.3572	30	0	30	46.8095	983	14.9553	82	30	52	6.7619	142	9.5441	30	0	30	124.3095	39.8919	0.9816	13.282	11.808	0.3563	0.8088	2.9221	30	0	17.2539	12.3161	82	1	0.5455	2.9349	30	0	0.4027	0.8561	5	0	15.1711	9.0129	38	1	0.1074	0.4044	3	0	0.0579	5	22.4416	22.558	30.7623	10.7219	135.9722	180.2135
85G_3_FITC.tif	Positive	Positive	PathAnnotationObject	Polygon	608.8	128.38	1.5686	4.1566	1	1.5465	1.1208	0	11.8	59	9.8843	23	0	23	73.8	369	17.7961	95	48	47	10.8	54	8.3187	20	0	20	43.1358	24.7319	0.8862	9.7199	5.985	0.793	5.7257	3.9353	23	0	30.2389	11.5142	95	16	0.5398	2.7485	20	0	5.4444	3.2793	12	0	28.2222	5.8443	58	16	0.0648	0.4163	4	0	0.0216	5	22.8485	16.3693	57.0402	3.5194	105.1579	225.3651
85G_3_FITC.tif	Positive	Positive	PathAnnotationObject	Polygon	302.9	129.67	9.0193	10.9285	0.949	3.918	3.0739	0.5791	12.96	324	11.8865	38	0	38	112.44	2811	26.1392	153	66	87	12.96	324	11.8865	38	0	38	91.3694	37.4845	0.8172	13.3	9.4039	0.7023	1.7821	5.5349	38	0	30.6197	30.7009	153	10	1.5427	5.5496	38	0	0.445	1.0955	9	0	20.8325	8.7242	60	10	0.177	0.8099	9	0	0.0915	5	19.1911	15.4623	39.5719	3.7082	126.875	452.6004
85G_3_FITC.tif	Positive	Positive	PathAnnotationObject	Polygon	313.8	131.83	9.8036	13.268	0.6998	5.3117	2.347	0.8815	5.7419	178	6.9473	24	0	24	76.2581	2364	15.8303	102	42	60	5.8065	180	7.0163	24	0	24	75.2915	32.9597	0.8709	12.156	7.8854	0.7414	2.0203	3.7115	24	0	32.8477	21.8524	102	11	0.9391	3.4665	24	0	1.3253	2.1212	9	0	24.741	10.0754	67	11	0.0301	0.2037	2	0	0.1393	5	10.1897	11.9678	12.9367	5.0496	40.4658	77.4007
85G_3_FITC.tif	Positive	Positive	PathAnnotationObject	Polygon	320.38	136.95	25.8815	23.2013	0.6042	8.7717	4.8254	0.8168	4.1096	300	5.043	21	0	21	87.2329	6368	25.4932	141	43	98	3.8082	278	5.3662	21	0	21	105.4866	40.5052	0.808	14.789	10.1976	0.7239	3.5221	3.7129	21	0	45.2941	30.373	141	7	1.0331	3.2399	21	0	3.3065	3.0734	12	0	29.9095	11.8305	75	7	0.0151	0.1222	1	0	0.2407	6	12.7052	10.6106	28.8355	5.0496	70.1172	161.3147
85G_3_FITC.tif	Positive	Positive	PathAnnotationObject	Polygon	618.97	138.34	14.9015	16.1628	0.7168	5.6342	4.4228	0.7479	7.4222	334	8.8407	38	0	38	95.0222	4276	33.0836	170	34	136	7.5333	339	8.841	39	0	39	172.151	47.0571	0.9769	15.7308	13.7767	0.3848	1.2187	3.6462	38	0	24.7745	27.483	170	5	0.82	3.6203	39	0	0.5102	1.0754	7	0	16.7513	9.4699	71	5	0.0533	0.3264	4	0	0.0924	5	50.0247	41.9043	98.34	16.3693	952.7886	2372.032
85G_3_FITC.tif	Positive	Positive	PathAnnotationObject	Polygon	583.43	139.65	8.235	10.8184	0.8842	3.7165	3.0806	0.5098	2.5	60	4.8094	19	0	19	34.5417	829	11.602	66	20	46	2.4583	59	4.8273	19	0	19	132.1523	40.971	0.9893	13.6835	12.5243	0.2989	0.5312	1.7928	19	0	10.1484	9.2251	66	2	0.5371	1.8239	19	0	0.3802	1.198	12	0	8.278	5.696	44	2	0.3898	1.2486	12	0	0.0576	7	64.8731	45.6561	171.8165	24.2112	1988.7986	7024.2085
85G_3_FITC.tif	Positive	Positive	PathAnnotationObject	Polygon	310.59	140.1	3.5293	7.1187	0.8752	2.4902	1.9971	0.6658	5.1667	62	5.3058	17	0	17	49.6667	596	11.5863	73	34	39	5.1667	62	5.3058	17	0	17	39.2143	23.8068	0.8695	8.6508	5.97	0.7014	1.0294	2.5269	17	0	23.7745	11.7952	73	7	0.6765	2.4582	17	0	0.4778	1.0729	6	0	20.3222	6.233	40	7	0.0778	0.5452	5	0	0.086	5	9.4975	8.4463	15.4623	4.3764	33.5342	68.9803
85G_3_FITC.tif	Positive	Positive	PathAnnotationObject	Polygon	313.51	146.7	7.4507	11.2711	0.737	4.3255	2.5479	0.8502	8.4545	186	9.7723	30	0	30	65.1818	1434	16.3172	102	39	63	8.5455	188	9.743	30	0	30	54.5079	31.3657	0.6962	12.2836	7.0848	0.8034	1.7021	4.9161	30	0	24.0426	20.9291	102	5	1.617	4.9218	30	0	0.4538	1.2672	8	0	16.437	9.9214	50	5	0.3361	1.1144	8	0	0.1318	4	8.0701	8.9364	10.0311	4.3764	27.553	45.9077
85G_3_FITC.tif	Positive	Positive	PathAnnotationObject	Polygon	323.53	148.51	22.3522	18.7959	0.7951	7.3643	4.21	0.803	6.541	399	7.6498	40	0	40	109.9016	6704	23.3928	147	55	92	6.7541	412	7.65	39	0	39	150.1909	44.9074	0.9359	16.3516	11.7393	0.6772	2.1693	3.998	40	0	36.013	35.4129	147	3	1.1458	3.9108	39	0	1.3437	1.9504	10	0	22.0588	12.653	75	3	0.0867	0.4513	4	0	0.1519	6	36.3471	22.6794	104.0987	9.8333	608.6296	2468.5322
85G_3_FITC.tif	Positive	Positive	PathAnnotationObject	Polygon	271.13	150.3	6.6664	9.6505	0.8995	3.7265	2.2961	0.7449	1.5789	30	2.5455	8	0	8	41.7368	793	6.4018	54	30	24	1.5263	29	2.5466	8	0	8	124.7016	39.9645	0.9811	13.5805	11.2718	0.4462	0.9654	1.5632	8	0	17.1887	11.028	54	2	0.2673	0.9925	8	0	0.9264	1.4773	7	0	15.6288	9.2754	47	2	0.1873	0.7407	7	0	0.0436	6	49.0724	44.6324	70.0571	38.0025	332.2234	829.9073
85G_3_FITC.tif	Positive	Positive	PathAnnotationObject	Polygon	308.6	153.61	12.1564	16.7773	0.5427	6.7518	2.8829	0.9298	6.85	274	8.6811	37	0	37	77.3	3092	19.8729	128	46	82	7.425	297	8.7351	37	0	37	144.3088	44.2339	0.9268	16.5918	11.202	0.7442	0.981	3.568	37	0	24.1382	22.4641	128	5	0.8997	3.6784	37	0	0.2675	0.7818	5	0	17.6748	11.5178	59	5	0.1064	0.5333	5	0	0.0904	7	38.8879	24.665	105.9524	8.0395	830.4384	3654.0725
85G_3_FITC.tif	Positive	Positive	PathAnnotationObject	Polygon	656.15	153.51	7.8429	10.1458	0.9574	3.8259	2.5092	0.7933	3.6818	81	3.4418	10	0	10	61.4091	1351	13.8587	83	37	46	3.7727	83	3.5177	10	0	10	89.0166	35.7116	0.8771	12.58	9.1122	0.6872	0.4105	1.5267	10	0	19.0349	17.7717	83	0	0.4061	1.5521	10	0	0.0628	0.3282	3	0	14.5314	10.8555	52	0	0.0483	0.2562	2	0	0.0756	5	36.7535	41.9043	60.3459	4.7347	120.9079	277.0679
85G_3_FITC.tif	Positive	Positive	PathAnnotationObject	Polygon	662.36	158.85	8.235	10.5749	0.9254	4.319	2.3616	0.8484	4.6957	108	7.0739	26	0	26	58.8261	1353	16.9455	94	36	58	4.7391	109	7.1237	26	0	26	89.8008	35.6291	0.889	12.4432	9.3586	0.6771	0.6595	2.622	26	0	21.2414	16.2521	94	1	0.5345	2.6299	26	0	0.2153	0.5855	3	0	17.1053	9.4644	49	1	0.0718	0.3793	3	0	0.08	3	32.1166	15.5399	76.0751	4.7347	27.2969	35.5304
85G_3_FITC.tif	Positive	Positive	PathAnnotationObject	Polygon	666.02	172.34	15.2936	16.2167	0.7308	6.3534	3.5493	0.8533	1.3902	57	2.4174	8	0	8	44.9024	1841	6.3945	56	31	25	0.9512	39	2.0851	8	0	8	165.4845	46.202	0.9742	16.0243	13.1554	0.5563	0.9149	1.9084	11	0	24.8747	9.8554	56	12	0.2411	0.9457	8	0	0.8639	1.8421	11	0	22.7251	7.4492	55	12	0.1649	0.6885	6	0	0.0907	6	48.2997	56.1045	81.7363	15.5399	784.8217	2372.032
85G_3_FITC.tif	Positive	Positive	PathAnnotationObject	Polygon	253.06	192.87	10.5879	13.9028	0.6884	5.9587	2.8284	0.895	9.0968	282	11.6515	43	0	43	84.9355	2633	34.9132	156	35	121	8.0323	249	12.1531	42	0	42	147.8381	44.1282	0.954	15.4011	11.8981	0.6319	3.2322	4.6284	43	0	26.7757	21.9541	156	5	0.6913	4.0782	42	0	2.7098	2.8728	15	0	21.5948	9.5159	62	5	0.0374	0.3244	4	0	0.0663	6	55.7994	57.8612	121.0167	12.4628	1422.1512	3654.0725
85G_3_FITC.tif	Positive	Positive	PathAnnotationObject	Polygon	239.82	196.77	5.0979	7.9206	1	3.0236	1.9876	0.6836	8.4286	118	6.7335	21	1	20	59.5714	834	14.4527	85	41	44	6	84	6.6795	20	0	20	50.1944	27.6562	0.8247	10.1037	7.4792	0.5888	3.0226	3.9341	21	0	26.1053	19.028	85	3	1.1429	3.4775	21	0	2.3866	2.9056	21	0	22.1681	15.2806	75	3	0.5714	2.3419	21	0	0.0791	5	18.6919	13.0829	57.5381	2.9181	74.7343	221.4196
85G_3_FITC.tif	Positive	Positive	PathAnnotationObject	Polygon	244.91	200.98	3.9214	7.1397	0.9667	2.7694	1.6818	0.7419	6.0909	67	7.7389	26	0	26	51.6364	568	12.2986	78	38	40	5.2727	58	8.2352	26	0	26	53.7237	27.5627	0.8886	10.5758	6.5827	0.7517	11.6619	7.0491	35	0	27.9928	8.8067	78	13	0.518	2.6712	26	0	12.1406	6.8087	35	0	25.9609	4.4481	39	13	0.1094	0.5359	4	0	0.0621	4	22.6343	9.7882	68.0427	2.9181	170.498	415.6417
85G_3_FITC.tif	Positive	Positive	PathAnnotationObject	Polygon	236.66	203.53	11.3722	13.2477	0.8143	5.1828	3.0806	0.7968	8.125	260	9.0438	35	0	35	99.7188	3191	23.9627	142	56	86	8.1562	261	9.3191	36	0	36	69.8015	33.2287	0.7944	13.0695	6.1992	0.8813	6.2944	8.1018	35	0	42.0278	30.9251	142	5	1.5222	4.9764	36	0	5.8986	7.8608	25	0	29.5541	12.7393	71	5	0.0878	0.4353	4	0	0.157	5	24.6025	7.3841	68.1178	5.8817	269.7053	1031.7596
85G_3_FITC.tif	Positive	Positive	PathAnnotationObject	Polygon	228.72	208.18	17.2543	21.2268	0.4812	8.0724	4.3604	0.8423	5.38	269	7.9972	38	0	38	85.26	4263	30.9231	149	30	119	5.4	270	7.9898	38	0	38	155.681	47.2797	0.8752	16.6285	13.5134	0.6128	1.4912	3.6884	38	0	31.8766	25.7349	149	9	0.8237	3.4771	38	0	0.9308	2.0031	16	0	24.1844	12.3049	100	9	0.1643	1.1551	16	0	0.1139	4	29.6799	20.6393	70.0571	7.3841	62.387	120.5716
85G_3_FITC.tif	Positive	Positive	PathAnnotationObject	Polygon	671.65	226.39	16.0779	18.3246	0.6017	7.3377	3.1629	0.917	1.3333	60	2.4309	8	0	8	46.6	2097	8.3758	66	28	38	1.5333	69	2.7928	11	0	11	177.641	47.9681	0.9702	17.2644	12.8824	0.6442	0.3996	1.0546	8	0	22.2296	10.4773	66	11	0.1898	1.028	11	0	0.2966	0.6994	4	0	19.5417	6.4357	45	11	0.0417	0.3299	4	0	0.0913	5	56.9965	57.342	89.2223	17.3964	1334.1882	2199.667
85G_3_FITC.tif	Positive	Positive	PathAnnotationObject	Polygon	689.09	228.37	15.2936	15.2391	0.8276	5.6572	3.5556	0.7684	2.1591	95	2.9408	12	0	12	57.1818	2516	12.7886	83	34	49	2.5	110	2.8161	12	0	12	162.3474	45.5073	0.9851	15.5605	13.4858	0.4852	0.4651	1.329	12	0	23.3325	13.1013	83	11	0.3325	1.2258	12	0	0.2642	0.7678	5	0	19.3181	4.5424	44	11	0.0755	0.3672	4	0	0.0949	5	55.2742	60.755	76.0751	17.3964	291.6859	514.5397
85G_3_FITC.tif	Positive	Positive	PathAnnotationObject	Polygon	218.93	232.88	3.9214	6.8047	1	2.4256	1.8626	0.6575	6.8182	75	8.6234	23	0	23	44.4545	489	14.39	69	30	39	6.9091	76	8.8142	24	0	24	89.0166	34.6868	0.9297	12.0243	8.767	0.6247	1.513	2.8694	23	0	15.0261	8.586	69	4	0.3957	2.389	24	0	1.2466	1.9355	9	0	13.5479	4.6954	26	4	0.0685	0.4282	5	0	0.033	4	44.6743	45.3434	59.8146	28.1957	615.2047	1031.7596
85G_3_FITC.tif	Positive	Positive	PathAnnotationObject	Polygon	615.71	236.59	15.6857	17.8386	0.6194	6.1947	3.8102	0.8219	4.0638	191	6.1482	23	0	23	70.8298	3329	18.0571	103	40	63	4.0638	191	6.1056	23	0	23	172.5431	47.2533	0.9711	16.5465	13.3589	0.511	0.7302	2.4499	23	0	29.4467	17.3401	103	12	0.5896	2.4433	23	0	0.3325	0.8987	8	0	24.5102	8.3206	75	12	0.1751	0.8394	8	0	0.0954	6	92.4523	90.0382	137.5028	57.342	3369.4932	7024.2085
85G_3_FITC.tif	Positive	Positive	PathAnnotationObject	Polygon	363.12	243.79	9.4114	14.96	0.5285	4.9276	3.3782	0.7685	12.6333	379	14.9308	49	0	49	74.6333	2239	27.0689	122	37	85	12.4667	374	14.9637	49	0	49	154.8967	44.354	0.9894	15.0103	13.5167	0.4012	1.3081	5.2744	49	0	17.601	19.9104	122	1	1.0859	5.2302	49	0	0.3798	0.9934	6	0	12.9262	9.0295	58	1	0.153	0.5425	3	0	0.065	12	128.1038	124.9726	173.2065	94.9756	3806.8105	9515.4355
85G_3_FITC.tif	Positive	Positive	PathAnnotationObject	Polygon	270.46	262.86	16.47	18.2069	0.6244	5.7026	4.0641	0.6995	10.9783	505	12.94	44	0	44	104.5	4807	33.054	166	44	122	11.8043	543	13.2977	45	0	45	171.7588	46.9631	0.9786	15.6287	13.604	0.4379	1.3973	5.3335	44	0	28.274	30.6645	166	3	1.3037	5.5952	45	0	0.273	0.6743	4	0	19.3291	12.7042	93	3	0.0714	0.3784	3	0	0.0944	7	68.3331	68.1178	94.9756	26.9986	1592.2393	4209.6807
85G_3_FITC.tif	Positive	Positive	PathAnnotationObject	Polygon	249.37	279.73	25.8815	19.2602	0.8767	6.5062	5.1469	0.6459	7.5821	508	9.0439	39	0	39	112.194	7517	26.3314	167	60	107	8.1642	547	9.048	40	0	40	186.6603	49.1168	0.9723	16.2675	14.4029	0.3542	1.2458	4.2802	39	0	26.0819	37.9946	167	1	1.1933	4.4058	40	0	0.2078	0.6518	4	0	11.9755	12.3007	107	1	0.0513	0.2616	2	0	0.1321	3	54.9664	56.1714	81.7292	26.9986	925.5485	1096.6995
85G_3_FITC.tif	Positive	Positive	PathAnnotationObject	Polygon	485.15	280.54	3.5293	6.4554	1	2.4014	1.6529	0.6658	13.2	132	15.3029	46	0	46	51.2	512	21.8215	93	29	64	13.7	137	15.6564	47	0	47	103.918	36.2509	0.9937	11.8728	10.6456	0.3176	0.9286	3.8547	46	0	8.6579	10.3135	93	1	0.6579	3.9025	47	0	0.4492	1.0201	5	0	6.9961	4.4708	22	1	0.1484	0.4945	3	0	0.0262	11	157.5226	158.6725	174.3738	127.5959	5623.8623	12759.0889
85G_3_FITC.tif	Positive	Positive	PathAnnotationObject	Polygon	694	288.38	21.1757	21.3076	0.5861	6.7969	5.623	0.6117	16.2712	960	2.545	26	12	14	46.4576	2741	6.1345	67	32	35	0.4407	26	1.6003	10	0	10	140.3874	46.3155	0.8224	16.8206	11.4744	0.7141	9.3102	5.8711	26	0	28.6011	12.1077	67	9	0.0886	0.6814	10	0	7.9503	5.3503	22	0	25.1126	9.6628	49	9	0.0199	0.1812	2	0	0.1602	6	43.4784	59.5489	66.9013	5.261	712.8608	1951.4978
85G_3_FITC.tif	Positive	Positive	PathAnnotationObject	Polygon	703.16	287.62	4.7057	7.9395	0.9381	3.0281	1.9458	0.7958	14.5714	204	4.4153	23	9	14	47.2857	662	3.4065	55	42	13	0.7857	11	1.4239	5	0	5	35.2929	21.6516	0.9461	7.1121	6.548	0.3997	9	5.3179	23	0	25.5426	12.7183	55	5	0.2553	0.7323	5	0	8.025	4.86	18	0	21.7375	9.4905	43	5	0.1625	0.489	2	0	0.1161	4	39.5902	33.4177	88.2685	3.2568	61.5581	158.7841
85G_3_FITC.tif	Positive	Positive	PathAnnotationObject	Polygon	701.14	294.32	6.2743	9.7181	0.8349	3.2816	2.8722	0.4845	11.8889	214	2.8261	18	7	11	42.5556	766	4.0761	49	34	15	0.1111	2	0.3234	1	0	1	57.2529	29.8284	0.8086	11.5129	7.9517	0.7476	7.16	5.158	19	0	25.6	12.0641	49	9	0.06	0.3115	3	0	6.5152	5.0727	19	0	23.2879	10.8856	48	9	0.053	0.3105	3	0	0.0925	4	39.0882	34.0295	85.0369	3.2568	249.9586	802.4621
85G_3_FITC.tif	Positive	Positive	PathAnnotationObject	Polygon	641.2	310.15	22.3522	23.3049	0.5172	10.091	3.2931	0.9624	2.4762	156	3.1564	14	0	14	61.2381	3858	14.2531	95	32	63	1.6349	103	2.881	13	0	13	211.3653	53.972	0.9118	20.3364	13.5764	0.7562	1.2384	1.9361	14	0	29.525	14.5444	95	13	0.2939	1.2998	13	0	1.0753	1.6491	11	0	25.3452	7.9205	62	13	0.1172	0.7516	11	0	0.1057	6	75.975	67.9826	158.6725	18.0354	2117.8369	5336.2969
85G_3_FITC.tif	Positive	Positive	PathAnnotationObject	Polygon	640.7	327.43	17.6465	22.5143	0.4375	8.476	3.9684	0.911	3.24	162	4.0485	18	0	18	48.54	2427	10.2802	75	31	44	2.22	111	4.1908	17	0	17	199.9932	51.6996	0.9403	18.6058	13.8776	0.6245	1.8059	2.2565	18	0	25.5569	9.6779	75	14	0.2373	1.4622	17	0	1.65	1.9101	10	0	23.0587	5.3654	45	14	0.0217	0.146	1	0	0.0901	7	87.0497	42.701	218.3002	18.0354	3634.9333	12759.0889
85G_3_FITC.tif	Positive	Positive	PathAnnotationObject	Polygon	292.73	347.27	8.6272	10.4644	0.99	3.8146	2.9147	0.4191	3.8696	89	5.9414	23	0	23	56.6957	1304	16.1201	91	31	60	3.9565	91	6.0414	23	0	23	92.938	37.4572	0.8324	13.6138	8.9227	0.7641	0.523	2.1747	23	0	23.1255	13.4023	91	9	0.3891	2.1797	23	0	0.1667	0.5456	3	0	19.5509	6.2332	43	9	0.0093	0.1361	2	0	0.0816	4	75.1823	85.2779	125.8571	4.3161	1855.1926	4209.6807
85G_3_FITC.tif	Positive	Positive	PathAnnotationObject	Polygon	677.32	350.02	7.4507	10.1377	0.911	3.8384	2.2326	0.8492	9.5	190	10.2675	37	0	37	75.2	1504	24.7803	124	44	80	8.95	179	10.5854	37	0	37	121.9566	39.3763	0.9884	13.4333	11.7616	0.4221	1.4776	3.6669	37	0	23.984	16.5779	124	6	0.6282	3.4291	37	0	0.9281	1.6617	8	0	20.476	7.8098	54	6	0.0582	0.4062	5	0	0.052	6	44.6721	48.3279	63.9596	13.2438	535.0718	1472.4425
85G_3_FITC.tif	Positive	Positive	PathAnnotationObject	Polygon	297.44	352.93	5.8822	9.2606	0.8619	3.7189	2.1757	0.8448	5.4118	92	5.9167	15	0	15	55.7647	948	14.9103	77	33	44	5.4118	92	5.9167	15	0	15	80.3894	34.2609	0.8606	13.2204	7.8149	0.7978	0.733	2.3104	15	0	19.8641	12.9276	77	9	0.4612	2.2275	15	0	0.3122	0.827	4	0	16.6349	6.0238	44	9	0.0159	0.1253	1	0	0.0623	4	80.9757	96.1868	127.2134	4.3161	2743.5405	6908.48
85G_3_FITC.tif	Positive	Positive	PathAnnotationObject	Polygon	665.89	353.98	20.7836	17.3776	0.8649	6.032	4.277	0.6707	4.75	266	6.921	33	0	33	102.0536	5715	22.9501	141	61	80	4.7143	264	6.9196	33	0	33	134.1131	44.1814	0.8634	15.1624	11.463	0.6505	1.4985	3.4073	33	0	36.7155	32.0336	141	7	0.8065	3.286	33	0	0.8596	1.4588	7	0	23.8772	10.9224	82	7	0.0386	0.2265	2	0	0.147	4	22.8689	24.685	36.7702	5.3356	152.7408	223.3386
85G_3_FITC.tif	Positive	Positive	PathAnnotationObject	Polygon	658.16	358.22	7.8429	10.5147	0.8914	3.7115	2.9162	0.6255	3.3182	73	4.4335	15	0	15	61.8636	1361	10.4622	80	38	42	3.0455	67	4.5615	15	0	15	80.3894	34.1576	0.8658	12.6375	8.7079	0.7065	1.1202	2.0454	15	0	29.25	13.8559	80	17	0.3606	1.7362	15	0	0.8602	1.3444	7	0	25.3925	7.8066	70	17	0.043	0.2285	2	0	0.0896	5	41.1312	39.3913	65.9523	5.3356	406.0008	1006.3044
85G_3_FITC.tif	Positive	Positive	PathAnnotationObject	Polygon	694.23	376.88	6.2743	8.903	0.9947	3.2674	2.3437	0.6914	9.2222	166	12.0663	43	0	43	76.1667	1371	24.3123	124	47	77	9.7222	175	12.9787	44	0	44	119.9959	38.9837	0.9922	13.2189	11.8981	0.3467	1.1071	3.7003	43	0	21.0162	18.0519	124	3	0.6396	3.8341	44	0	0.6034	1.2744	7	0	17.5931	10.4976	44	3	0.0759	0.5003	7	0	0.0411	6	55.4984	45.5747	88.2685	31.7653	424.1281	1006.3044
85G_3_FITC.tif	Positive	Positive	PathAnnotationObject	Polygon	387.07	411.13	22.7443	22.58	0.5606	9.6622	3.4301	0.9427	1.1111	70	2.1335	9	0	9	55.8413	3518	12.2543	86	35	51	1.0794	68	2.165	9	0	9	192.5424	52.1954	0.8881	19.8206	12.9129	0.7563	0.5793	1.2587	9	0	32.376	14.0583	86	8	0.2602	0.9874	9	0	0.5012	1.0538	5	0	28.9301	10.5841	55	8	0.1399	0.5711	4	0	0.1198	7	60.7317	37.7427	169.2192	11.6104	1493.6803	6908.48
85G_3_FITC.tif	Positive	Positive	PathAnnotationObject	Polygon	398.1	412.7	19.6072	22.2932	0.4958	7.2502	5.1332	0.7606	0.9608	49	1.6848	6	0	6	46.7451	2384	2.0866	51	42	9	0.1569	8	0.6441	3	0	3	128.2309	46.0755	0.759	16.6674	9.1174	0.8611	0.6175	1.2418	6	0	36.8554	10.1943	53	8	0.1355	0.5736	5	0	0.5552	1.1361	6	0	35.0605	10.0513	53	8	0.1317	0.561	5	0	0.1434	4	13.7682	10.0789	29.8166	5.0986	65.6527	141.161
85G_3_FITC.tif	Positive	Positive	PathAnnotationObject	Polygon	353.98	412.39	10.5879	13.524	0.7275	5.2102	2.901	0.8025	8.7241	253	13.448	45	0	45	77.6552	2252	29.2077	139	35	104	8.6207	250	13.5104	45	0	45	146.6617	43.5866	0.9701	15.1594	11.8981	0.564	1.3973	4.3979	45	0	19.9093	20.1587	139	4	0.744	4.3753	45	0	0.7832	1.1829	8	0	15.0694	8.216	53	4	0.0838	0.5345	8	0	0.0709	4	65.7906	72.9498	83.7311	33.5315	656.8717	1062.9437
85G_3_FITC.tif	Positive	Positive	PathAnnotationObject	Polygon	404.39	409.99	5.0979	8.0925	0.9782	2.9365	2.1354	0.6298	0.2667	4	0.5936	2	0	2	45	675	2.5071	49	40	9	0.1333	2	0.3519	1	0	1	31.7636	25.7494	0.602	10.6846	4.6882	0.9311	0.5833	1.0552	4	0	33.0119	10.933	49	10	0.1667	0.6369	4	0	0.6522	1.1223	4	0	30.4058	10.2961	46	10	0.1739	0.6851	4	0	0.1452	6	60.2645	12.5787	173.2065	3.824	1925.8611	9515.4355
85G_3_FITC.tif	Positive	Positive	PathAnnotationObject	Polygon	407.38	413.69	7.0586	10.9359	0.7417	4.348	2.1697	0.9021	0.4211	8	1.1698	5	0	5	46.3684	881	2.4991	54	43	11	0.3684	7	1.1648	5	0	5	43.5279	29.0557	0.6479	12.365	4.5393	0.938	0.8348	1.4626	6	0	36.2	8.8459	54	17	0.113	0.5259	5	0	0.9167	1.5055	6	0	34.1875	8.2428	46	17	0.0625	0.2433	1	0	0.1402	4	10.8478	6.6751	26.217	3.824	42.3961	107.3278
85G_3_FITC.tif	Positive	Positive	PathAnnotationObject	Polygon	413.53	415.02	8.6272	10.6159	0.962	3.6824	3.1073	0.6335	0.2917	7	0.55	2	0	2	45.9167	1102	3.8098	51	40	11	0	0	0	0	0	0	92.5459	37.4351	0.8299	12.9356	9.3103	0.7032	0.4938	0.9921	5	0	30.4274	10.3789	51	13	0.0747	0.4013	4	0	0.5161	1.0278	5	0	28.7143	9.4095	47	13	0.0829	0.4222	4	0	0.0789	5	46.5991	24.3319	152.8258	4.8028	880.7182	3240.6562
85G_3_FITC.tif	Positive	Positive	PathAnnotationObject	Polygon	662.44	415.99	16.47	15.8681	0.822	5.7153	4.3197	0.4528	9.087	418	4.3555	19	0	19	47.7826	2198	5.5933	58	35	23	0.7609	35	1.9228	10	0	10	136.0738	42.8995	0.9291	15.1228	11.3947	0.6494	5.7385	5.3379	21	0	25.0172	15.807	58	0	0.1494	0.8251	10	0	5.2285	5.295	21	0	21.5497	13.8601	48	0	0.0563	0.4077	4	0	0.1226	3	39.803	51.758	59.8236	7.8273	579.5518	1006.3044
85G_3_FITC.tif	Positive	Positive	PathAnnotationObject	Polygon	655.49	424.04	11.3722	15.1195	0.6251	6.1878	2.6761	0.9119	5.0909	168	2.7428	11	0	11	50.6667	1672	7.3258	69	38	31	0.8485	28	2.1231	10	0	10	122.7409	40.8671	0.9235	14.079	11.7082	0.5268	5.1333	5.3497	31	0	32.7778	15.3061	83	5	0.5714	2.8515	31	0	5.1383	5.5788	31	0	30.6844	14.6184	83	5	0.539	2.9262	31	0	0.0897	6	144.134	151.8597	247.3661	7.8273	2705.115	9932.3584
85G_3_FITC.tif	Positive	Positive	PathAnnotationObject	Polygon	449.83	434.01	5.0979	8.7763	0.8317	3.2719	2.0664	0.7242	22.875	366	5.0183	34	12	22	72.875	1166	7.3564	86	64	22	1.25	20	2.0494	7	0	7	120.388	38.9833	0.9955	12.9606	11.7622	0.3786	12.8706	8.1879	34	0	51.5405	15.9944	87	21	0.2524	1.0604	10	0	12.3242	7.9773	29	0	50.3754	15.5163	87	21	0.198	0.9554	10	0	0.0435	6	116.9353	99.9062	218.3002	37.6765	4838.7104	12759.0889
85G_3_FITC.tif	Positive	Positive	PathAnnotationObject	Polygon	412.99	438.45	23.5286	27.893	0.38	11.5056	3.4851	0.966	8.3115	507	4.9583	19	1	18	55.9672	3414	10.4003	75	38	37	2.4754	151	3.613	11	0	11	202.346	54.7531	0.8482	21.5218	12.5658	0.8043	3.4865	4.2743	19	0	26.0174	19.8591	75	1	0.3822	1.5122	11	0	2.8425	3.7348	15	0	22.0197	17.2308	60	1	0.1028	0.4592	5	0	0.1084	8	25.0748	25.2745	37.7427	10.2155	175.6933	455.3152
85G_3_FITC.tif	Positive	Positive	PathAnnotationObject	Polygon	414.17	449.11	7.4507	10.482	0.8522	3.5632	2.9593	0.5571	14.1364	311	3.9194	20	8	12	52.8182	1162	2.3429	57	48	9	0	0	0	0	0	0	59.2137	28.7883	0.8978	9.7728	8.1262	0.3165	10.6323	5.2595	20	0	39.1097	13.5477	57	9	0.0645	0.3894	3	0	10.0526	5.2387	19	0	36.8421	13.2949	56	9	0.0752	0.4197	3	0	0.1196	5	8.9645	10.0734	10.9611	5.2633	20.011	37.8077
85G_3_FITC.tif	Positive	Positive	PathAnnotationObject	Polygon	406.9	453.62	8.6272	15.156	0.472	6.5041	2.3175	0.9494	10.7037	289	10.2049	42	0	42	78.3704	2116	27.1763	133	41	92	9.2593	250	11.0926	42	0	42	74.8994	32.4866	0.8918	12.1926	7.9485	0.7779	3.3802	5.886	42	0	26.5677	28.3423	133	3	1.3958	5.2167	42	0	2.1818	3.683	15	0	18.0909	17.4457	73	3	0.1091	0.5845	6	0	0.1162	6	25.2543	12.2607	68.7722	5.144	195.4843	730.9774
85G_3_FITC.tif	Positive	Positive	PathAnnotationObject	Polygon	412.73	456.65	5.8822	9.208	0.8718	3.5913	1.9748	0.8849	10.6875	171	3.7898	18	5	13	62.75	1004	13.8444	91	49	42	0	0	0	0	0	0	15.2936	16.4162	0.7131	6.1626	3.3112	0.8707	10.3111	3.3495	18	5	51.2667	16.0403	91	25	0.0222	0.1491	1	0	10.1034	3.1321	15	5	44.931	13.5908	84	25	0.0345	0.1857	1	0	0.2831	4	5.4271	5.0499	8.3092	3.2994	10.0025	13.0159
85G_3_FITC.tif	Positive	Positive	PathAnnotationObject	Polygon	420.54	457.38	3.9214	6.8047	1	2.4256	1.8626	0.6575	12.9091	142	11.7427	41	0	41	66	726	18.3739	104	42	62	11.1818	123	12.2051	41	0	41	72.9387	32.7513	0.8545	11.4204	8.2608	0.7228	5.2199	4.9708	41	0	26.9843	12.702	104	9	0.6649	3.8296	41	0	4.75	3.83	16	0	24.6	7.2894	39	9	0.0222	0.1817	2	0	0.0396	6	53.6451	15.3506	239.9391	4.2548	529.8672	2281.6042
85G_3_FITC.tif	Positive	Positive	PathAnnotationObject	Polygon	415.84	458.89	3.9214	6.7556	1	2.4265	1.6236	0.5923	6.8182	75	1.2505	9	5	4	57.4545	632	9.256	70	43	27	0.4545	5	1.5076	5	0	5	10.98	13.6564	0.7398	5.734	2.7299	0.8685	4.1935	2.88	9	0	40.5806	15.0439	70	20	0.1613	0.898	5	0	2.75	2.4682	8	0	31.3	7.5331	49	20	0	0	0	0	0.2793	4	5.5438	4.4013	10.0734	3.2994	11.7613	21.4299
85G_3_FITC.tif	Positive	Positive	PathAnnotationObject	Polygon	412.15	464.79	16.0779	16.0241	0.7868	5.8998	4.1479	0.7164	14.2667	642	13.6405	44	0	44	158.0444	7112	39.796	231	88	143	15.5333	699	16.0165	52	0	52	106.663	38.4699	0.9057	14.0836	10.5935	0.6664	3.0873	7.4711	44	0	40.8764	57.4133	231	2	2.64	8.6009	52	0	0.9	1.2927	5	0	17.9522	20.3522	107	2	0.1174	0.4064	2	0	0.147	6	58.6713	9.0153	247.3661	4.5477	133.241	469.4064
