Image	Name	Class	Parent	ROI	Centroid X µm	Centroid Y µm	Nucleus: Area	Nucleus: Perimeter	Nucleus: Circularity	Nucleus: Max caliper	Nucleus: Min caliper	Nucleus: Eccentricity	Nucleus: Red mean	Nucleus: Red sum	Nucleus: Red std dev	Nucleus: Red max	Nucleus: Red min	Nucleus: Red range	Nucleus: Green mean	Nucleus: Green sum	Nucleus: Green std dev	Nucleus: Green max	Nucleus: Green min	Nucleus: Green range	Nucleus: Blue mean	Nucleus: Blue sum	Nucleus: Blue std dev	Nucleus: Blue max	Nucleus: Blue min	Nucleus: Blue range	Cell: Area	Cell: Perimeter	Cell: Circularity	Cell: Max caliper	Cell: Min caliper	Cell: Eccentricity	Cell: Red mean	Cell: Red std dev	Cell: Red max	Cell: Red min	Cell: Green mean	Cell: Green std dev	Cell: Green max	Cell: Green min	Cell: Blue mean	Cell: Blue std dev	Cell: Blue max	Cell: Blue min	Cytoplasm: Red mean	Cytoplasm: Red std dev	Cytoplasm: Red max	Cytoplasm: Red min	Cytoplasm: Green mean	Cytoplasm: Green std dev	Cytoplasm: Green max	Cytoplasm: Green min	Cytoplasm: Blue mean	Cytoplasm: Blue std dev	Cytoplasm: Blue max	Cytoplasm: Blue min	Nucleus/Cell area ratio	Delaunay: Num neighbors	Delaunay: Mean distance	Delaunay: Median distance	Delaunay: Max distance	Delaunay: Min distance	Delaunay: Mean triangle area	Delaunay: Max triangle area
86D_2_FITC.tif	Positive	Positive	PathAnnotationObject	Polygon	349.11	82.09	6.2743	8.7231	1	2.9314	2.6108	0.61	6.2353	106	7.5294	24	0	24	51.0588	868	17.2064	84	27	57	6.2353	106	7.5294	24	0	24	102.7416	37.5796	0.9142	12.6098	10.1546	0.5535	0.7992	2.5606	24	0	13.5644	12.15	84	1	0.4848	2.4182	24	0	0.4251	1.0676	8	0	10.9838	5.8933	34	1	0.0891	0.3495	3	0	0.05	4	50.7751	53.0303	88.7309	8.3089	685.8774	1247.3361
86D_2_FITC.tif	Positive	Positive	PathAnnotationObject	Polygon	359	83.57	9.8036	11.5238	0.9277	4.151	3.0893	0.6686	7.8519	212	9.5704	33	0	33	70.2222	1896	25.2805	116	33	83	8.1852	221	9.7942	35	0	35	112.5452	38.4567	0.9563	13.1558	10.6456	0.4942	0.9097	3.6824	33	0	15.6007	19.9429	116	2	0.8021	3.7924	35	0	0.1916	0.535	3	0	9.9502	5.7647	40	2	0.0383	0.1923	1	0	0.0764	7	101.2712	118.1795	128.6509	8.3089	1833.3138	5877.8755
86D_2_FITC.tif	Positive	Positive	PathAnnotationObject	Polygon	310.63	86.98	9.0193	12.5496	0.7197	5.023	2.6988	0.8258	2.16	54	4.1601	15	0	15	35.72	893	13.903	67	13	54	2.28	57	4.1081	15	0	15	99.9966	38.6415	0.8416	13.529	10.122	0.664	0.5328	1.5483	15	0	9.7645	10.5354	67	1	0.4865	1.5536	15	0	0.359	0.7465	4	0	6.9915	4.7945	33	1	0.2949	0.7431	5	0	0.0887	4	54.6689	35.7926	142.7105	4.3798	177.0641	478.1612
86D_2_FITC.tif	Positive	Positive	PathAnnotationObject	Polygon	304.61	92.11	5.8822	9.0318	0.9061	3.4676	2.1626	0.7125	4.0588	69	5.7822	17	0	17	40.7647	693	12.0028	64	25	39	4.0588	69	5.7822	17	0	17	76.8601	34.4433	0.8141	13.0623	8.0886	0.7824	0.5657	2.0559	17	0	11.7424	10.7783	64	3	0.4848	2.0395	17	0	0.2376	0.6271	3	0	9.0166	5.2265	35	3	0.1492	0.5108	3	0	0.065	4	56.2281	41.0893	138.354	4.3798	266.2088	817.3259
86D_2_FITC.tif	Positive	Positive	PathAnnotationObject	Polygon	482.09	104.05	13.725	13.6898	0.9203	5.1853	3.5071	0.6944	11.9167	429	12.0057	43	0	43	122.3333	4404	27.009	165	56	109	13.2222	476	12.6064	44	0	44	113.7216	41.2223	0.841	14.7055	10.2285	0.7454	1.5753	5.7063	43	0	30.7808	37.8127	165	3	1.7158	6.1587	44	0	0.1211	0.3923	2	0	17.9062	13.4834	87	3	0.0977	0.3889	3	0	0.1148	4	65.3532	65.7749	124.654	5.2091	240.6014	378.6669
86D_2_FITC.tif	Positive	Positive	PathAnnotationObject	Polygon	476.11	107.72	8.235	12.3451	0.679	5.2015	2.3031	0.8998	2.5455	56	4.8179	18	0	18	50.4545	1110	12.3239	76	28	48	2.5909	57	4.7274	17	0	17	57.6451	34.9351	0.5935	13.6761	6.1902	0.9352	0.6554	2.1019	18	0	20.75	16.6337	76	3	0.5203	2.0717	17	0	0.3254	0.7465	4	0	15.5635	10.8373	50	3	0.1587	0.6377	4	0	0.1156	4	45.9886	29.5938	120.814	3.9528	154.6868	215.9494
86D_2_FITC.tif	Positive	Positive	PathAnnotationObject	Polygon	472.07	108.42	3.5293	6.8937	0.9332	2.5935	1.8484	0.6658	5.0909	56	6.5796	19	0	19	53.0909	584	13.4867	79	37	42	5.9091	65	6.6851	20	0	20	23.5286	21.6522	0.6307	9.414	3.2472	0.9313	0.9375	3.2508	19	0	23.0469	17.5512	79	5	1.0625	3.4773	20	0	0.0755	0.2667	1	0	16.8113	10.3757	55	5	0.0566	0.2333	1	0	0.1247	4	45.4628	29.8595	118.1795	3.9528	144.9701	195.9262
86D_2_FITC.tif	Positive	Positive	PathAnnotationObject	Polygon	468.82	113.52	10.5879	11.998	0.9243	4.3312	3.1657	0.7187	2.8333	85	4.3556	13	0	13	53.9667	1619	14.1871	82	32	50	2.8333	85	4.3238	13	0	13	101.5652	37.668	0.8995	13.4361	9.4064	0.7086	0.75	1.9969	13	0	20.4769	14.2527	82	6	0.3846	1.7327	13	0	0.4783	1.2102	7	0	16.1087	6.178	41	6	0.0652	0.3739	3	0	0.0971	4	62.5831	65.2409	115.6529	4.1977	1649.6899	4201.9478
86D_2_FITC.tif	Positive	Positive	PathAnnotationObject	Polygon	293.38	114.05	11.7643	15.0373	0.6538	5.2841	3.7199	0.8027	2.1143	74	3.5128	13	0	13	39.7143	1390	7.1684	62	26	36	1.9143	67	3.3464	12	0	12	157.2495	44.9714	0.9771	14.9153	13.1505	0.4303	0.6708	1.7794	13	0	21.1397	9.4337	62	3	0.3641	1.5466	12	0	0.5328	1.4497	10	0	19.3634	7.5163	47	3	0.2158	1.1515	10	0	0.0732	6	38.38	33.4497	65.1099	26.5181	443.0964	1247.3361
86D_2_FITC.tif	Positive	Positive	PathAnnotationObject	Polygon	267.02	130.58	12.1564	14.0911	0.7694	5.2679	3.0314	0.7742	24.6667	814	38.1647	160	0	160	135.0909	4458	60.5332	255	36	219	22.8788	755	37.2775	160	0	160	146.2695	43.5509	0.9691	15.1432	12.6936	0.4839	3.2827	13.1086	160	0	31.512	38.8796	255	4	2.144	12.6819	160	0	1.2193	1.8046	7	0	21.5175	13.2518	96	4	0.1433	0.6078	6	0	0.0785	7	51.1356	55.6605	84.7892	13.7758	388.3975	817.3259
86D_2_FITC.tif	Positive	Positive	PathAnnotationObject	Polygon	521.86	136.74	5.0979	8.8544	0.8171	3.6088	1.7712	0.8122	7.7333	116	11.4796	35	0	35	43.3333	650	19.452	84	19	65	7.4667	112	11.4509	35	0	35	118.0352	38.7979	0.9854	13.5844	11.4821	0.493	0.8977	3.0589	35	0	9.2541	9.5483	84	1	0.4323	2.958	35	0	0.5417	0.9211	4	0	7.4792	3.69	25	1	0.066	0.2995	2	0	0.0408	7	54.1962	53.9785	90.3901	30.0307	730.0775	2092.5415
86D_2_FITC.tif	Positive	Positive	PathAnnotationObject	Polygon	272.64	144.17	21.96	21.3648	0.6046	8.1344	4.9522	0.8418	1.0164	62	1.6683	7	0	7	37.8852	2311	8.0955	59	19	40	0.4262	26	1.2036	6	0	6	196.0717	51.3525	0.9343	17.6377	15.0291	0.3568	1.5657	2.0789	11	0	20.492	9.98	59	3	0.1235	0.5622	6	0	1.6417	2.1199	11	0	18.0862	7.5319	37	3	0.0816	0.3845	3	0	0.1124	5	29.5723	34.0461	36.0186	13.7758	295.7151	508.1039
86D_2_FITC.tif	Positive	Positive	PathAnnotationObject	Polygon	551.36	141.53	3.5293	6.1369	1	2.3022	1.5551	0.6658	31	310	34.4867	110	0	110	86.7	867	46.5619	172	33	139	31	310	34.5511	110	0	110	103.918	36.2589	0.9933	12.332	10.6456	0.3881	1.6053	8.6599	110	0	10.1917	18.1319	172	0	1.3346	8.6781	110	0	0.457	0.8667	5	0	7.2031	5.16	27	0	0.1758	0.5205	3	0	0.0213	4	47.2804	39.7571	79.5769	30.0307	472.9814	556.1533
86D_2_FITC.tif	Positive	Positive	PathAnnotationObject	Polygon	299.25	154.95	2.745	5.7074	1	2.1211	1.5581	0.3531	16.1111	145	16.6166	45	0	45	52.1111	469	22.0593	89	27	62	14.1111	127	16.9074	43	0	43	102.3494	35.8945	0.9983	11.9575	10.6456	0.3502	0.8931	4.1573	45	0	9.7519	9.5486	89	3	0.5725	3.9324	43	0	0.3518	0.7551	4	0	8.2451	3.5528	26	3	0.0909	0.4029	3	0	0.0172	8	81.4539	82.9342	145.6472	28.8668	2302.4255	5877.8755
86D_2_FITC.tif	Positive	Positive	PathAnnotationObject	Polygon	190.93	167.75	4.7057	7.3357	1	2.4701	2.1818	0	5.6923	74	8.0455	28	0	28	31.9231	415	13.3944	64	17	47	6.2308	81	8.0016	28	0	28	109.408	37.1204	0.9978	12.2763	11.2718	0.2573	0.6929	2.1399	28	0	4.7536	6.9659	64	1	0.3321	2.1201	28	0	0.4494	0.7757	5	0	3.4307	2.2289	15	1	0.0449	0.2076	1	0	0.032	8	60.5278	25.2833	142.7105	21.7268	270.8164	817.3259
86D_2_FITC.tif	Positive	Positive	PathAnnotationObject	Polygon	219.36	168.58	5.0979	8.1104	0.9739	2.9403	2.1973	0.5058	19.8667	298	23.1883	73	0	73	95.0667	1426	36.3858	163	46	117	19.4	291	23.3996	73	0	73	79.6051	35.066	0.8135	12.5139	8.1046	0.7659	2.9517	7.9603	73	0	19.3961	24.2601	163	3	1.5072	7.9127	73	0	1.6302	2.1692	9	0	13.4844	7.274	43	3	0.1094	0.5352	4	0	0.0545	4	29.2186	24.7468	62.0552	5.3256	279.1914	762.3882
86D_2_FITC.tif	Positive	Positive	PathAnnotationObject	Polygon	210.76	168.86	8.235	12.5203	0.6602	5.2198	1.8428	0.9359	4.6957	108	5.6844	16	0	16	44.3478	1020	9.1035	63	33	30	5	115	5.784	17	0	17	96.4673	35.4878	0.9626	12.0244	10.4893	0.3506	2.3911	2.8278	16	0	16.6734	11.5174	63	2	0.5847	2.3172	17	0	2.1556	2.2456	8	0	13.8444	7.1731	45	2	0.1333	0.6547	8	0	0.0749	5	26.1452	20.5374	66.5174	5.3256	184.6529	440.0678
86D_2_FITC.tif	Positive	Positive	PathAnnotationObject	Polygon	540.62	172.69	10.1957	12.1561	0.867	4.3199	3.1028	0.6763	4.5806	142	6.0596	23	0	23	75.0968	2328	20.7209	117	43	74	4.4839	139	6.0104	23	0	23	147.0538	43.1056	0.9945	14.2828	13.1045	0.4038	0.9439	2.3884	23	0	21.9278	19.2726	117	2	0.4947	2.162	23	0	0.6152	1.3014	7	0	17.1224	9.3828	55	2	0.1341	0.5969	6	0	0.0701	8	46.187	33.3593	98.2429	25.2035	989.7935	4109.979
86D_2_FITC.tif	Positive	Positive	PathAnnotationObject	Polygon	251.28	171.86	4.3136	7.9534	0.8569	2.842	2.1328	0.5709	1.8462	24	3.3128	9	0	9	39.0769	508	7.6862	52	28	24	1.6923	22	3.1724	9	0	9	68.6251	31.2174	0.8849	11.5904	7.962	0.7338	0.9774	1.7021	9	0	16.5593	8.5192	52	6	0.1469	0.9658	9	0	0.9085	1.5018	7	0	14.7744	5.5111	50	6	0.0244	0.2465	3	0	0.057	5	30.0647	35.1543	44.2704	4.1734	258.7144	762.3882
86D_2_FITC.tif	Positive	Positive	PathAnnotationObject	Polygon	258.5	174.51	11.7643	14.1258	0.7409	5.8016	2.4527	0.9272	9.1613	284	10.7148	41	0	41	74.5484	2311	23.7035	123	39	84	8.5161	264	10.6798	41	0	41	106.663	41.3976	0.7821	15.4925	9.7411	0.8089	1.7428	4.7139	41	0	21.0507	21.4963	123	6	1.0072	4.4395	41	0	0.8041	1.7469	8	0	14.2816	6.4882	47	6	0.0571	0.3459	4	0	0.1016	5	36.8952	35.1074	64.7845	4.1734	638.5364	1498.582
86D_2_FITC.tif	Positive	Positive	PathAnnotationObject	Polygon	442.8	180.32	5.8822	11.1307	0.5966	4.1525	2.1088	0.9119	11.8421	225	12.2804	48	0	48	46	874	20.6101	97	25	72	6.0526	115	11.9697	41	0	41	130.9759	40.8262	0.9875	14.1717	12.0422	0.4722	6.6647	4.4964	48	0	20.4431	9.1642	97	10	0.4222	3.1324	41	0	6.3524	3.3281	15	0	18.9016	4.7759	37	10	0.0825	0.3985	3	0	0.0468	7	101.8805	98.2429	145.6472	59.4185	3639.3862	5877.8755
86D_2_FITC.tif	Positive	Positive	PathAnnotationObject	Polygon	172.46	181.99	14.9015	18.6718	0.5371	8.0175	2.7277	0.9531	8.7955	387	9.4218	40	0	40	94.2045	4145	28.7148	148	32	116	8.6136	379	9.643	40	0	40	143.9167	44.8823	0.8978	15.4957	12.7131	0.5279	4.0759	5.4558	40	0	29.2846	28.5526	148	2	1.1084	4.3281	40	0	3.4369	4.3119	22	0	20.4954	12.911	82	2	0.0923	0.5007	5	0	0.1001	3	53.3017	22.8488	131.2571	5.7991	218.8665	371.6063
86D_2_FITC.tif	Positive	Positive	PathAnnotationObject	Polygon	222.84	181.98	8.6272	11.1004	0.8798	4.1939	2.7961	0.735	5.64	141	5.3454	20	0	20	42.4	1060	9.7511	60	26	34	2.72	68	3.7474	13	0	13	132.5445	41.1833	0.982	14.1702	12.3223	0.4274	1.3392	2.712	20	0	16.1298	9.3293	60	5	0.3215	1.3345	13	0	0.9968	2.0388	15	0	14.0382	5.2141	32	5	0.1306	0.5919	5	0	0.0661	8	37.5732	24.1443	90.0408	14.2758	533.4632	2057.2932
86D_2_FITC.tif	Positive	Positive	PathAnnotationObject	Polygon	573.65	181.49	11.7643	13.8891	0.7663	5.7311	2.8588	0.8539	32.5938	1043	10.4043	48	12	36	45.6562	1461	6.771	64	33	31	1.2812	41	2.7266	12	0	12	101.5652	39.341	0.8246	15.031	8.4382	0.8259	14.4389	12.295	56	0	27.5534	11.4652	64	10	0.3473	1.5002	13	0	11.913	10.2553	56	0	25.0348	9.5629	62	10	0.2174	1.1915	13	0	0.1089	6	30.2915	31.1833	58.7022	4.3991	154.0479	556.1533
86D_2_FITC.tif	Positive	Positive	PathAnnotationObject	Polygon	563.48	185.19	8.235	10.8915	0.8724	4.124	2.5333	0.7938	14.875	357	12.0229	37	0	37	98.75	2370	29.2222	142	49	93	12.6667	304	12.6342	34	0	34	71.3701	33.4633	0.8009	12.2624	8.135	0.7323	8.3065	7.9047	37	0	33.957	28.4483	142	10	1.6559	6.1609	34	0	7.3333	6.6154	29	0	24.358	9.4571	67	10	0.0247	0.248	3	0	0.1139	4	12.5023	9.2946	27.0362	4.3837	48.7394	99.1212
86D_2_FITC.tif	Positive	Positive	PathAnnotationObject	Polygon	177.96	187.19	3.1371	6.6115	0.9019	2.4042	1.6722	0.7653	11.8	118	10.4966	32	0	32	80.4	804	16.998	110	61	49	9	90	10.3816	30	0	30	27.8422	27.2059	0.4727	12.1809	2.6568	0.9782	3.52	5.5686	32	0	32.5467	24.085	110	3	1.32	4.8356	30	0	2.2462	2.8286	11	0	25.1846	14.7393	89	3	0.1385	1.1163	9	0	0.1044	4	40.5204	14.5128	130.1281	2.9281	164.6818	371.6063
86D_2_FITC.tif	Positive	Positive	PathAnnotationObject	Polygon	573.24	189.57	7.8429	10.9001	0.8295	4.2494	2.3637	0.8443	2.0435	47	2.9151	10	0	10	44.3478	1020	6.7864	61	34	27	1.087	25	2.3724	8	0	8	75.2915	32.6574	0.8871	12.2969	7.5853	0.7619	1.9641	2.0544	10	0	27.8513	11.5867	61	7	0.241	1.0446	8	0	1.9535	1.9219	7	0	25.6453	10.2413	56	7	0.1279	0.6361	7	0	0.0966	4	12.3365	10.4457	24.0555	4.3991	46.5006	142.1241
86D_2_FITC.tif	Positive	Positive	PathAnnotationObject	Polygon	181.4	190.58	5.0979	8.6624	0.8537	3.4631	1.8435	0.7553	4.6429	65	4.3431	11	0	11	59.1429	828	13.5638	78	38	40	3.8571	54	4.8176	11	0	11	72.1544	33.4689	0.8094	12.7383	7.6956	0.7812	2.8441	2.9669	11	0	26.6828	13.3324	78	2	0.371	1.682	11	0	2.6977	2.7933	10	0	24.0407	9.2214	55	2	0.0872	0.4695	5	0	0.0587	7	61.4921	29.8223	129.651	2.9281	1296.4061	6888.1104
86D_2_FITC.tif	Positive	Positive	PathAnnotationObject	Polygon	205.65	187.63	3.5293	6.6343	1	2.4072	1.7424	0.6658	7	77	9.3595	23	0	23	39.5455	435	15.1813	63	24	39	6.6364	73	9.4263	23	0	23	63.5272	30.3148	0.8687	12.095	7.0848	0.8076	1.1084	3.3158	23	0	17.9699	9.7399	63	5	0.7229	3.2355	23	0	0.6903	1.8536	18	0	16.4387	7.146	53	5	0.3032	1.6647	18	0	0.0433	5	18.806	20.5374	27.2592	2.8422	135.5844	288.8636
86D_2_FITC.tif	Positive	Positive	PathAnnotationObject	Polygon	211.46	190.77	3.5293	8.7605	0.5779	3.3053	1.8633	0.9096	7.6923	100	11.368	38	0	38	42.6154	554	18.3782	84	18	66	7.5385	98	11.1177	38	0	38	79.6051	35.5468	0.7917	13.2916	7.7779	0.8229	0.8204	3.3658	38	0	14.6019	9.1282	84	3	0.4903	3.2576	38	0	0.3575	0.7784	4	0	12.715	3.338	25	3	0.0155	0.124	1	0	0.0513	4	33.8972	22.4539	87.8387	2.8422	458.7899	1138.2826
86D_2_FITC.tif	Positive	Positive	PathAnnotationObject	Polygon	560.98	190.27	4.7057	7.1041	1	2.3099	2.1902	0	14	168	17.0774	55	0	55	71.8333	862	23.9501	120	48	72	13.9167	167	17.117	55	0	55	39.9986	27.7717	0.6517	11.9788	4.1328	0.9425	4.5849	7.0046	55	0	26.3113	19.1373	120	7	1.6038	7.0908	55	0	3.383	2.8288	9	0	20.5	6.6426	37	7	0.0319	0.2296	2	0	0.0791	5	15.2271	11.8443	26.885	4.3837	79.0876	142.1241
86D_2_FITC.tif	Positive	Positive	PathAnnotationObject	Polygon	554.43	193.87	15.2936	17.541	0.6246	7.4704	2.9527	0.9232	10.2619	431	12.4999	44	0	44	97.6905	4103	42.0502	185	29	156	9.7381	409	12.7223	44	0	44	139.9952	45.0454	0.867	16.8664	11.4002	0.7556	2.7479	5.4364	44	0	32.3417	29.5492	185	7	1.2969	5.3702	44	0	1.746	2.1323	10	0	23.6286	10.5685	78	7	0.1714	0.872	8	0	0.1016	5	32.1102	27.6109	68.1238	6.9495	381.5327	952.176
86D_2_FITC.tif	Positive	Positive	PathAnnotationObject	Polygon	575.63	209.84	12.9407	17.3975	0.5373	7.6116	2.4366	0.9505	22.6154	882	15.3599	60	0	60	54.7436	2135	15.3258	94	32	62	2.9744	116	4.8422	22	0	22	137.6423	45.4949	0.8357	16.6608	11.9717	0.6119	4.6374	9.0459	60	0	24.1133	14.1105	94	6	0.3966	1.8712	22	0	2.4045	4.2553	25	0	20.3089	7.9986	49	6	0.0764	0.4003	4	0	0.1001	6	23.9802	26.842	30.5875	7.1314	73.0611	142.1241
86D_2_FITC.tif	Positive	Positive	PathAnnotationObject	Polygon	575.59	220.5	7.8429	11.6037	0.732	4.7151	2.319	0.8767	4.6364	102	5.1966	16	0	16	47.1818	1038	11.4294	67	34	33	4.2727	94	5.4176	16	0	16	91.7616	34.9673	0.9431	12.3765	9.3932	0.5574	1.2085	2.2878	16	0	20.1702	11.0669	67	5	0.4596	2.0676	16	0	0.8545	1.3255	6	0	17.3803	6.2216	34	5	0.0657	0.3829	4	0	0.0803	5	31.6321	32.6633	58.3593	7.1314	407.1517	952.176
86D_2_FITC.tif	Positive	Positive	PathAnnotationObject	Polygon	407.71	228.52	3.9214	6.5294	1	2.2577	1.6236	0.5923	20.7	207	24.8285	54	0	54	65.5	655	35.7965	111	32	79	19.7	197	25.3905	54	0	54	105.4866	36.4098	0.9999	11.8596	11.2718	0.2934	3.155	6.2685	54	0	17.1144	12.0765	111	6	0.7675	5.948	54	0	2.4828	2.6784	16	0	15.2605	3.688	29	6	0.0421	0.3313	4	0	0.028	9	109.7685	107.1742	131.1278	59.4185	3151.8318	6429.8394
86D_2_FITC.tif	Positive	Positive	PathAnnotationObject	Polygon	287.4	231.07	9.4114	10.6623	1	3.5779	3.1193	0	10.4167	250	9.555	27	0	27	94.0833	2258	27.8254	138	59	79	10.375	249	9.6451	27	0	27	129.4073	40.2649	1	12.9683	12.5243	0.1513	1.6114	3.7965	27	0	25.2651	22.1012	138	7	0.8102	3.7064	27	0	0.9253	1.4721	8	0	19.9026	8.3399	54	7	0.0649	0.3641	5	0	0.0591	8	69.6965	62.3876	120.3925	49.3554	1767.5046	4571.7466
86D_2_FITC.tif	Positive	Positive	PathAnnotationObject	Polygon	584.79	240.41	3.5293	8.4834	0.6162	3.5502	1.6025	0.933	24.1818	266	4.5347	32	14	18	49.1818	541	6.0633	59	38	21	0.7273	8	1.1909	3	0	3	114.1137	38.211	0.9821	12.9061	10.6456	0.5291	11.2603	9.4941	36	0	30.1336	13.0157	68	8	0.2089	0.7957	7	0	10.7544	9.2806	36	0	29.3879	12.6467	68	8	0.1886	0.7723	7	0	0.0305	5	54.1171	30.5875	141.4367	15.9017	223.7654	621.825
86D_2_FITC.tif	Positive	Positive	PathAnnotationObject	Polygon	577.29	254.5	10.98	12.7233	0.8523	4.9723	3.0787	0.7379	8.4	252	3.8381	17	1	16	49.7333	1492	10.1504	66	33	33	1.7	51	2.0367	6	0	6	140.3874	42.4217	0.9803	14.965	12.5243	0.5015	7.0028	4.2298	22	0	28.7939	10.6229	66	15	0.2256	0.8918	6	0	6.8754	4.2462	22	0	26.8845	8.3844	52	15	0.0912	0.5332	5	0	0.0796	5	48.9823	36.0487	128.4885	15.9017	531.4171	823.3618
86D_2_FITC.tif	Positive	Positive	PathAnnotationObject	Polygon	531.57	257.23	20.7836	18.0908	0.798	6.9671	4.586	0.8068	3.6667	209	4.7971	21	0	21	71.3158	4065	21.1839	109	28	81	3.5439	202	4.755	21	0	21	182.3467	48.3005	0.9822	16.666	13.7767	0.549	0.6703	2.1055	21	0	15.9957	23.2495	109	1	0.5905	2.0618	21	0	0.2506	0.6667	5	0	8.2482	8.0442	56	1	0.1769	0.5772	4	0	0.1139	12	63.7635	51.6913	127.1634	38.2351	1291.4567	4109.979
86D_2_FITC.tif	Positive	Positive	PathAnnotationObject	Polygon	250.11	266	7.0586	12.0826	0.6076	4.4624	2.9737	0.7995	5.3333	128	7.716	23	0	23	56.7917	1363	15.8991	90	34	56	5.2083	125	7.5238	22	0	22	87.8401	35.6254	0.8697	13.1462	9.5844	0.5988	1.3216	3.0581	23	0	23.37	14.7506	90	9	0.5903	2.8925	22	0	0.8473	1.2433	5	0	19.4187	8.1391	62	9	0.0443	0.2867	3	0	0.0968	8	45.4825	31.0396	105.8147	4.2039	564.1743	2057.2932
86D_2_FITC.tif	Positive	Positive	PathAnnotationObject	Polygon	257.87	267.79	3.5293	6.6964	0.9891	2.4589	1.6815	0.6658	8.0909	89	10.2221	31	0	31	62.5455	688	17.4721	94	37	57	8.0909	89	10.2221	31	0	31	36.4693	22.6184	0.8958	7.7511	6.7921	0.3053	2.7835	4.3235	31	0	23.6804	16.4238	94	10	0.9381	4.1878	31	0	2.1047	2.1695	7	0	18.7093	6.9466	49	10	0.0233	0.2157	2	0	0.0675	5	23.3679	22.2945	49.3554	3.0581	247.9051	901.8834
86D_2_FITC.tif	Positive	Positive	PathAnnotationObject	Polygon	569.47	270.58	7.4507	11.4327	0.7163	4.1802	2.9421	0.7236	7.48	187	6.1787	24	0	24	51.36	1284	8.3311	72	42	30	3	75	4.3493	12	0	12	114.898	39.9882	0.9029	13.8514	11.116	0.5438	5.5492	6.0088	35	0	30.5017	8.6826	72	15	0.3254	1.5505	12	0	5.3704	5.973	35	0	28.5704	5.6589	51	15	0.0778	0.4618	5	0	0.0716	5	38.7786	18.7914	113.5399	10.2204	330.2649	686.8893
86D_2_FITC.tif	Positive	Positive	PathAnnotationObject	Polygon	256.57	272.8	5.49	9.0758	0.8376	3.5902	1.9484	0.8623	11.3125	181	11.8306	43	0	43	72.125	1154	16.7486	108	47	61	11.25	180	11.835	43	0	43	28.2343	22.2093	0.7193	8.644	4.2008	0.8934	3.0811	7.0395	43	0	29.473	24.6889	108	10	2.4324	7.1079	43	0	0.8103	1.5385	6	0	17.7069	7.4363	56	10	0	0	0	0	0.1798	4	8.4831	5.0634	20.7474	3.0581	23.4404	48.038
86D_2_FITC.tif	Positive	Positive	PathAnnotationObject	Polygon	253.47	276.08	11.7643	12.5919	0.9324	4.6249	3.3011	0.6211	11.8485	391	12.5427	52	0	52	128.9394	4255	30.1361	187	83	104	12.1818	402	12.4736	52	0	52	40.3908	27.3514	0.6785	11.1817	5.5232	0.8875	4.6019	8.6033	52	0	60.75	50.0064	187	16	3.75	8.8393	52	0	1.4133	2.2963	9	0	30.7467	15.3993	90	16	0.04	0.1973	1	0	0.2535	6	10.274	7.0945	19.2803	5.0568	29.933	48.038
86D_2_FITC.tif	Positive	Positive	PathAnnotationObject	Polygon	245.01	276.63	12.1564	14.9529	0.6832	5.9325	3.2753	0.8419	6.9143	242	8.5281	42	0	42	81.4857	2852	16.811	122	45	77	6.9429	243	8.5024	42	0	42	90.5851	34.9792	0.9304	12.4531	9.3234	0.6576	2.0684	4.1994	42	0	28.4915	25.8648	122	7	1.1111	4.1086	42	0	1.2161	1.8391	11	0	19.1709	12.4487	73	7	0.0854	0.6177	8	0	0.1304	10	61.2168	31.7696	144.2111	5.1789	1358.8832	6888.1104
86D_2_FITC.tif	Positive	Positive	PathAnnotationObject	Polygon	565.43	280.44	25.8815	25.8654	0.4861	8.874	5.4406	0.7794	39.0145	2692	9.69	67	19	48	57.4058	3961	9.2344	91	40	51	1.029	71	3.3605	18	0	18	125.8781	57.3454	0.481	16.7504	11.1186	0.7115	16.7723	16.5793	67	0	34.8031	17.8617	91	3	0.2923	1.6622	18	0	10.7773	12.4205	49	0	28.7109	14.3921	61	3	0.0938	0.5592	6	0	0.2029	4	31.0854	7.8562	105.7107	2.9185	145.1978	359.7033
86D_2_FITC.tif	Positive	Positive	PathAnnotationObject	Polygon	252.87	281.62	7.8429	11.8763	0.6987	4.8012	2.3883	0.8983	5.3913	124	6.8738	24	0	24	68.9565	1586	12.6903	96	52	44	5.3478	123	6.8663	24	0	24	32.1558	22.4572	0.8012	9.0491	4.6532	0.8431	3.2955	4.194	24	0	37.1705	21.5418	96	12	1.3977	4.1841	24	0	2.5538	2.3521	8	0	25.9231	9.1589	54	12	0	0	0	0	0.2323	4	7.9438	5.4635	15.6467	5.2015	25.8019	40.3054
86D_2_FITC.tif	Positive	Positive	PathAnnotationObject	Polygon	314.67	282.17	23.1365	23.0944	0.5451	9.5222	3.2576	0.9545	4.5	288	2.834	12	0	12	47.8281	3061	7.6895	65	31	34	0.4688	30	1.3566	6	0	6	155.2888	45.3012	0.9509	15.5147	13.0716	0.5465	3.8275	2.9732	14	0	30.37	12.692	65	10	0.165	0.8483	9	0	3.6994	2.9859	14	0	27.0446	10.5557	57	10	0.1071	0.7	9	0	0.1533	5	46.9437	33.4774	107.0614	7.8058	927.5738	3208.2197
86D_2_FITC.tif	Positive	Positive	PathAnnotationObject	Polygon	560.06	278.49	1.1764	3.4601	1	1.4869	0.6063	0.9428	32	96	5	37	27	10	52	156	3.4641	54	48	6	0.3333	1	0.5774	1	0	1	9.0193	13.1364	0.6568	5.5724	1.7712	0.9441	11.9231	9.8058	37	3	36.0769	7.194	54	28	0.0385	0.1961	1	0	9.3043	6.6976	26	3	34	4.317	45	28	0	0	0	0	0.0402	5	12.6433	5.555	38.2351	2.9185	68.3195	214.5688
86D_2_FITC.tif	Positive	Positive	PathAnnotationObject	Polygon	289.72	284.6	9.0193	11.5831	0.8448	4.3717	2.7867	0.7579	13.1154	341	14.0779	55	0	55	97.8846	2545	30.8562	155	40	115	13.1923	343	14.1337	55	0	55	136.0738	41.7058	0.9831	14.2041	12.5243	0.4616	2.4914	5.2105	55	0	25.6264	23.1095	155	9	1	5.1424	55	0	1.6335	2.0084	8	0	19.7919	6.7899	64	9	0.0155	0.1238	1	0	0.0615	7	27.1705	21.489	53.603	13.9729	310.0549	901.8834
86D_2_FITC.tif	Positive	Positive	PathAnnotationObject	Polygon	250.04	288.5	10.98	13.4702	0.7604	5.4051	2.572	0.8952	3.1875	102	4.4897	19	0	19	54.3125	1738	13.9641	88	26	62	3.1562	101	4.5657	19	0	19	107.0552	38.6566	0.9003	13.4228	10.7892	0.5054	2.1491	2.5076	19	0	22.6509	13.7661	88	7	0.3927	1.8478	19	0	2.0123	2.0919	9	0	18.4815	6.2907	44	7	0.0288	0.23	3	0	0.0988	5	11.5937	12.9691	15.4288	5.5507	36.5284	81.5281
86D_2_FITC.tif	Positive	Positive	PathAnnotationObject	Polygon	559.9	284.63	1.5686	4.6747	0.902	1.9345	0.8992	0.8704	34.6	173	1.1402	36	33	3	49.8	249	1.7889	52	48	4	0	0	0	0	0	0	5.0979	8.7168	0.8431	3.1229	2.2778	0.5506	31.2667	7.2945	39	14	46.9333	4.6975	52	37	0.0667	0.2582	1	0	29.6	8.5401	39	14	45.5	5.1045	51	37	0.1	0.3162	1	0	0.2013	4	13.5437	5.8289	39.8743	2.6427	59.3686	124.8016
86D_2_FITC.tif	Positive	Positive	PathAnnotationObject	Polygon	564.15	287.7	5.8822	9.7509	0.7774	3.6788	2.4225	0.777	39	741	6.6165	47	24	23	50.0526	951	5.4413	57	38	19	0.0526	1	0.2294	1	0	1	30.5872	21.0323	0.8689	7.5335	4.5711	0.779	16.025	16.2753	47	0	24.7625	18.1703	57	1	0.025	0.1571	1	0	8.8689	10.7896	42	0	16.8852	12.6571	50	1	0.0164	0.128	1	0	0.2019	7	32.8228	7.6562	101.7775	2.6427	218.9922	697.5424
86D_2_FITC.tif	Positive	Positive	PathAnnotationObject	Polygon	269.74	284.71	8.6272	10.7493	0.9382	4.2453	2.4483	0.8122	4.087	94	4.4509	16	0	16	60.6522	1395	12.939	88	43	45	2.8696	66	4.7892	16	0	16	67.8408	30.3137	0.9277	10.9119	8.8557	0.4585	2.4888	2.5339	16	0	31.8596	13.6306	88	16	0.427	1.9623	16	0	2.2516	2.0277	8	0	27.5871	6.8876	48	16	0.0645	0.3545	3	0	0.1042	7	14.6115	19.2803	22.2945	5.1505	60.6903	207.3613
86D_2_FITC.tif	Positive	Positive	PathAnnotationObject	Polygon	555.6	290.28	36.0772	34.5389	0.38	11.3734	7.1829	0.8955	27.1263	2577	13.9209	54	0	54	51.6	4902	7.4082	66	35	31	0.4	38	1.0758	5	0	5	180.7781	53.3013	0.7996	20.149	12.6236	0.7822	10.3801	13.1905	54	0	31.3305	14.4733	66	6	0.1188	0.5631	5	0	6.0571	8.8351	47	0	26.0978	10.7628	54	6	0.0462	0.2773	3	0	0.1981	4	16.9324	9.8932	41.566	6.3771	93.1019	216.1802
86D_2_FITC.tif	Positive	Positive	PathAnnotationObject	Polygon	261.39	288.84	10.1957	17.0897	0.4387	6.1447	3.3411	0.8711	3.9667	119	2.9767	15	0	15	43.0667	1292	12.6762	68	23	45	1.6	48	2.9781	12	0	12	92.1537	37.1912	0.8372	14.1896	9.1955	0.7463	2.8075	2.5014	15	0	26.113	9.9739	68	13	0.2259	1.1772	12	0	2.6411	2.388	8	0	23.6794	6.6345	57	13	0.0287	0.194	2	0	0.1125	6	11.762	14.1505	17.9393	3.5343	40.1739	81.5281
86D_2_FITC.tif	Positive	Positive	PathAnnotationObject	Polygon	320.72	291.51	24.3129	19.4328	0.809	8.058	4.2163	0.8236	4.8125	308	2.4095	10	0	10	49.0781	3141	4.637	59	35	24	0.2031	13	0.7597	4	0	4	151.7595	49.9067	0.7657	18.465	11.4826	0.8087	3.5412	2.3561	10	0	34.6753	9.4979	59	15	0.116	0.4708	4	0	3.2901	2.2661	10	0	31.8302	7.3938	47	15	0.0988	0.3889	3	0	0.154	5	43.7428	35.3032	107.1742	7.8058	611.7231	1598.9867
86D_2_FITC.tif	Positive	Positive	PathAnnotationObject	Polygon	265.89	294.41	7.8429	14.1406	0.4929	6.0977	1.9411	0.9678	7.88	197	12.869	50	0	50	66.68	1667	24.4706	124	34	90	7.84	196	12.954	50	0	50	35.2929	27.4897	0.5869	11.2482	4.9375	0.9157	2.7423	7.2604	50	0	35.9897	23.3495	124	13	2.299	7.3374	50	0	0.9583	1.6652	8	0	25.3333	9.3778	51	13	0.375	1.2269	6	0	0.2051	6	7.9919	7.1686	14.4071	3.5343	24.9056	61.4205
86D_2_FITC.tif	Positive	Positive	PathAnnotationObject	Polygon	273.57	290.79	5.0979	7.9082	1	2.8535	2.2247	0.5058	1.5	21	1.5566	4	0	4	50.3571	705	10.5364	63	34	29	1.2857	18	1.6375	4	0	4	33.3322	22.6572	0.8159	9.193	4.7146	0.8413	1.2857	1.3357	5	0	28.2088	13.0729	69	13	0.3077	0.8906	4	0	1.2468	1.2994	5	0	24.1818	8.752	69	13	0.1299	0.5219	4	0	0.1231	5	8.9516	7.5517	18.4734	3.8924	32.0906	67.9231
86D_2_FITC.tif	Positive	Positive	PathAnnotationObject	Polygon	104.03	293.81	5.8822	9.6997	0.7856	3.4657	2.6769	0.6353	3.8947	74	5.646	22	0	22	46.5789	885	11.8618	76	33	43	3.6842	70	5.7547	22	0	22	116.8587	39.0859	0.9612	13.2001	11.4451	0.3008	1.3679	2.4216	22	0	20.8796	9.9164	76	7	0.3278	1.7319	22	0	1.1964	1.9346	8	0	19.1357	6.9227	44	7	0.1	0.498	5	0	0.0487	7	82.2442	129.651	144.2111	11.4736	1425.8248	6888.1104
86D_2_FITC.tif	Positive	Positive	PathAnnotationObject	Polygon	276.65	296.52	12.9407	16.2081	0.619	5.2798	4.1827	0.4523	7.8684	299	11.6924	49	0	49	93.6579	3559	30.5032	161	40	121	7.5263	286	11.7697	49	0	49	88.6244	38.1318	0.7659	13.8556	10.5089	0.7399	1.8182	5.5264	49	0	39.355	29.2905	161	12	1.3377	5.4993	49	0	0.6269	1.2524	8	0	28.6632	12.2434	90	12	0.1192	0.678	6	0	0.1492	5	12.3292	10.8216	21.0676	3.8924	59.2887	91.986
86D_2_FITC.tif	Positive	Positive	PathAnnotationObject	Polygon	286.64	298.26	7.8429	13.311	0.5562	4.5373	3.4332	0.8009	3.2222	87	5.3229	17	0	17	45.5185	1229	14.8903	74	26	48	3.1852	86	5.3352	17	0	17	135.2895	42.195	0.9549	14.3322	11.3179	0.5621	1.8671	2.4209	17	0	21.9017	9.9236	74	10	0.2977	1.7348	17	0	1.7524	1.9679	9	0	19.9028	6.1111	38	10	0.0533	0.4124	6	0	0.0638	6	21.6538	18.1738	35.3032	10.8216	147.3227	336.4652
86D_2_FITC.tif	Positive	Positive	PathAnnotationObject	Polygon	551.12	303.06	19.9993	22.0206	0.5183	9.8214	2.5205	0.9696	34.7222	1875	5.741	47	23	24	49.9074	2695	6.1037	66	39	27	0.7778	42	1.6559	7	0	7	154.8967	46.1662	0.9133	16.3663	12.0355	0.5876	11.4774	13.3161	47	0	23.0879	15.5275	66	2	0.1834	0.7929	7	0	7.8285	10.0858	40	0	18.8779	11.9285	53	2	0.0901	0.4896	5	0	0.1317	7	44.0342	44.0922	75.1652	12.1302	526.1083	1155.3804
86D_2_FITC.tif	Positive	Positive	PathAnnotationObject	Polygon	253.77	296.89	3.5293	6.7909	0.9617	2.4425	1.8631	0.5367	4.3	43	6.5158	19	0	19	47.4	474	12.4294	71	34	37	4.3	43	6.5158	19	0	19	44.7044	25.6872	0.8514	9.7086	6.7364	0.6619	1.4538	2.4693	19	0	22.8992	10.1526	71	11	0.3782	2.1628	19	0	1.1927	1.5183	5	0	20.6514	6.25	47	11	0.0183	0.1348	1	0	0.0682	6	10.3084	12.8168	14.4071	2.9881	36.3919	81.5281
86D_2_FITC.tif	Positive	Positive	PathAnnotationObject	Polygon	269.81	300.17	5.0979	7.7167	1	2.8245	1.9604	0.7081	5.5714	78	7.2824	22	0	22	68	952	19.2474	103	43	60	5.4286	76	7.3455	22	0	22	34.5086	23.9603	0.7554	9.5229	4.597	0.8898	2.6522	3.887	22	0	32.1957	18.1703	103	17	0.8696	3.3975	22	0	2.1282	2.6597	10	0	25.7692	7.2612	49	17	0.0513	0.2743	2	0	0.1144	5	9.7462	7.7343	21.7114	3.5277	33.5462	78.8836
86D_2_FITC.tif	Positive	Positive	PathAnnotationObject	Polygon	256.91	303.21	4.7057	8.4967	0.8191	3.3524	1.8786	0.7738	3	45	4.2088	12	0	12	48.0667	721	7.6948	64	37	27	2.6	39	3.7759	10	0	10	61.9587	30.3423	0.8457	12.2365	7.473	0.7953	1.6875	2.3343	12	0	26.4875	12.0178	64	13	0.3375	1.4618	10	0	1.5517	2.0239	9	0	24.2552	10.0096	53	13	0.1034	0.6205	6	0	0.0776	5	10.2219	10.9647	16.6854	2.9881	48.1524	119.5354
86D_2_FITC.tif	Positive	Positive	PathAnnotationObject	Polygon	248.58	302.84	4.3136	7.0507	1	2.687	1.7193	0.6847	9.5	114	12.7101	38	0	38	60.4167	725	19.6212	100	39	61	9.5833	115	12.6452	38	0	38	67.0565	30.7201	0.8929	11.8702	7.5146	0.7572	1.7803	4.1803	38	0	21.8497	13.3708	100	10	0.6647	4.0236	38	0	1.205	1.696	6	0	18.9752	6.7712	39	10	0	0	0	0	0.0506	5	12.931	14.3494	24.8832	4.8472	30.927	62.3147
86D_2_FITC.tif	Positive	Positive	PathAnnotationObject	Polygon	265.39	303.74	5.8822	8.6838	0.9802	3.189	2.2247	0.6353	8.1176	138	10.8736	39	0	39	82.7059	1406	20.2817	124	54	70	8.0588	137	10.8425	39	0	39	67.0565	31.2806	0.8612	12.0205	7.8798	0.7625	3.1486	4.449	39	0	33.1143	20.1251	124	14	1.0171	4.1182	39	0	2.6139	2.6318	13	0	27.7785	10.5834	79	14	0.2595	0.932	5	0	0.079	6	11.8162	11.408	21.9827	3.5277	50.7908	113.9648
86D_2_FITC.tif	Positive	Positive	PathAnnotationObject	Polygon	106.37	303.02	7.8429	12.6959	0.6114	5.0897	2.2596	0.9268	6.4583	155	3.4133	18	0	18	76.3333	1832	13.4477	95	50	45	2.6667	64	4.1459	17	0	17	55.2922	30.2474	0.7594	11.3044	7.4551	0.6629	7.3958	2.9759	18	0	38.6389	21.7309	95	19	0.5139	1.9894	17	0	7.5833	2.8597	14	0	31.1	13.7348	90	19	0.0833	0.5589	5	0	0.1448	4	6.3408	5.16	11.4736	3.5696	13.7863	19.7287
86D_2_FITC.tif	Positive	Positive	PathAnnotationObject	Polygon	100.74	307.99	10.5879	12.4874	0.8532	4.7715	2.9333	0.7886	19.0333	571	13.4356	51	1	50	152.9333	4588	36.9444	213	86	127	15.7	471	14.1644	49	0	49	74.1151	32.7766	0.8669	12.9261	8.2831	0.7816	4.0628	8.5831	51	0	38.534	56.4618	213	1	2.6178	7.9389	49	0	1.2733	2.2164	12	0	17.2174	25.0439	137	1	0.1801	0.6412	4	0	0.1386	4	18.8032	9.2059	53.2314	3.5696	14.0428	17.8481
86D_2_FITC.tif	Positive	Positive	PathAnnotationObject	Polygon	508.01	306.21	3.9214	6.7292	1	2.5267	1.6236	0.7645	14.5455	160	18.1128	55	0	55	67.3636	741	26.1774	118	40	78	15.6364	172	19.0225	58	0	58	107.4473	36.7518	0.9997	12.368	11.2718	0.3528	2.6982	4.6159	55	0	23.4145	12.2853	118	9	0.6473	4.7564	58	0	2.2045	1.8995	9	0	21.5833	6.8582	39	9	0.0227	0.1493	1	0	0.0263	7	94.8946	79.2457	188.9324	27.8139	3967.8037	9511.6582
86D_2_FITC.tif	Positive	Positive	PathAnnotationObject	Polygon	112.27	308.42	4.7057	7.4596	1	2.8039	1.7975	0.7738	9.3077	121	2.8397	16	5	11	51.5385	670	6.6158	66	43	23	1.2308	16	3.0592	11	0	11	48.6258	26.1316	0.8948	10.4011	6.7004	0.7435	8.0866	3.9841	16	0	34.3543	8.369	66	21	0.1811	1.0795	11	0	7.9474	4.0807	16	0	32.3947	5.9669	55	21	0.0614	0.4054	4	0	0.0712	6	44.0634	31.841	140.8643	3.8412	729.7187	3040.3789
86D_2_FITC.tif	Positive	Positive	PathAnnotationObject	Polygon	343.59	310.52	11.7643	13.1578	0.8539	4.8696	3.212	0.8001	3.2812	105	2.1438	7	0	7	46.1875	1478	5.5092	56	35	21	0.375	12	1.008	5	0	5	147.4459	43.2767	0.9893	14.352	12.8228	0.4317	4.3077	2.6937	12	0	28.1379	9.5127	56	15	0.122	0.5218	5	0	4.4029	2.7221	12	0	26.4638	7.9409	48	15	0.0986	0.4467	4	0	0.0761	5	51.4387	44.3182	104.0165	26.8463	1027.8271	1598.9867
86D_2_FITC.tif	Positive	Positive	PathAnnotationObject	Polygon	107.09	313.72	6.6664	10.5166	0.7574	4.3435	2.1071	0.8296	8.9	178	4.6668	18	4	14	77.25	1545	25.5793	119	33	86	5.1	102	5.2606	17	0	17	54.1158	28.3402	0.8467	9.5482	8.1653	0.2606	6.4615	5.0445	18	0	26.1399	26.213	119	2	0.7762	2.6282	17	0	6.065	5.0094	16	0	17.8293	14.142	90	2	0.0732	0.4083	3	0	0.116	4	15.6241	5.1052	48.4447	3.8412	31.5346	92.722
86D_2_FITC.tif	Positive	Positive	PathAnnotationObject	Polygon	246.38	314.45	9.8036	15.134	0.5379	6.7966	1.9591	0.957	10.4	312	9.9433	37	0	37	80.5667	2417	19.8402	116	33	83	10.4667	314	9.8951	37	0	37	121.9566	41.8009	0.8771	15.1902	11.2556	0.6034	2.1182	4.5512	37	0	29.8243	20.9324	116	6	1.1086	4.3102	37	0	1.2403	2.1632	9	0	24.4452	11.889	63	6	0.1166	0.4259	3	0	0.0825	7	30.9485	17.5549	104.7265	6.4512	369.3626	1940.2623
86D_2_FITC.tif	Positive	Positive	PathAnnotationObject	Polygon	265.38	311.53	2.745	6.5665	0.8	2.4054	1.4971	0.8562	2	18	2.2913	6	0	6	54.7778	493	9.1621	65	42	23	1.4444	13	2.1858	6	0	6	47.8415	26.1396	0.8799	9.5647	7.3071	0.5986	2.3226	2.2615	13	0	32.5726	12.9484	74	17	0.3548	1.3626	11	0	2.3478	2.2674	13	0	30.8348	11.534	74	17	0.2696	1.2518	11	0	0.0503	6	14.5772	16.7705	19.2703	4.2707	74.5225	119.5354
86D_2_FITC.tif	Positive	Positive	PathAnnotationObject	Polygon	283.3	312.68	5.49	9.3467	0.7897	3.6591	2.1584	0.8248	9.8889	178	13.642	50	0	50	85.6667	1542	28.6521	142	43	99	10.1111	182	13.6161	50	0	50	59.998	28.3004	0.9414	9.5883	8.1551	0.4133	2.7389	5.5506	50	0	30.4076	24.3584	142	13	1.2803	5.5352	50	0	1.8129	2.0906	7	0	23.2518	10.9419	99	13	0.1367	0.5543	4	0	0.0925	8	15.2928	18.1739	21.9827	4.3358	59.3281	113.9648
86D_2_FITC.tif	Positive	Positive	PathAnnotationObject	Polygon	294.08	315.33	14.9015	14.9214	0.841	5.4224	3.4153	0.7413	2.5	105	4.5115	18	0	18	60.2857	2532	15.649	97	35	62	2.2857	96	4.5063	18	0	18	116.0745	40.6186	0.8841	14.7401	10.1242	0.728	1.1171	2.2307	18	0	24.4749	16.7779	97	8	0.3512	1.8592	18	0	0.8911	1.4723	7	0	18.6226	6.6092	49	8	0.035	0.2395	2	0	0.127	8	28.9502	22.5816	69.7619	5.6102	342.6398	1133.2705
86D_2_FITC.tif	Positive	Positive	PathAnnotationObject	Polygon	263.73	319.01	25.0972	24.8518	0.5106	8.0297	5.4039	0.7908	4.913	339	5.9477	23	0	23	96.087	6630	32.1489	158	41	117	5.971	412	7.1701	26	0	26	174.5038	55.9328	0.7009	17.6634	14.1667	0.645	2.3043	3.4161	23	0	38.1521	29.9687	158	9	1.0336	3.5455	26	0	1.828	2.4396	10	0	27.5767	12.2323	101	9	0.1323	0.5674	6	0	0.1466	6	14.8138	17.1067	17.9482	4.2707	68.41	143.4694
86D_2_FITC.tif	Positive	Positive	PathAnnotationObject	Polygon	288.32	319.6	8.6272	11.6968	0.7924	4.6213	2.4533	0.8281	5.2917	127	4.6577	17	0	17	74.4583	1787	18.2375	106	39	67	5.125	123	5.3268	17	0	17	42.7436	28.7091	0.6517	11.659	5.2875	0.9004	1.6549	3.1304	17	0	35.6903	24.259	106	8	1.2743	3.2794	17	0	0.6742	1.4907	7	0	25.236	11.9011	70	8	0.236	1.0662	7	0	0.1876	3	5.9654	5.6102	7.9503	4.3358	11.5029	16.7198
86D_2_FITC.tif	Positive	Positive	PathAnnotationObject	Polygon	281.73	322.55	21.1757	23.7393	0.4722	8.154	4.7542	0.8276	4.2069	244	5.5465	20	0	20	70.9828	4117	27.5353	132	30	102	3.5345	205	5.6202	19	0	19	105.8787	41.1677	0.7851	15.4557	8.5557	0.8573	2.6199	3.6239	20	0	35.155	23.9556	132	14	0.7934	2.9642	19	0	2.1878	2.7528	11	0	25.3991	8.9562	67	14	0.0469	0.2876	2	0	0.1976	7	12.1319	13.2003	18.5297	6.2531	41.422	108.7255
86D_2_FITC.tif	Positive	Positive	PathAnnotationObject	Polygon	248.84	324.12	6.6664	9.912	0.8527	3.8218	2.0958	0.8735	9.5789	182	10.3243	31	0	31	77	1463	20.9735	114	42	72	10.1579	193	10.818	33	0	33	86.2716	34.3252	0.9201	11.9546	8.8338	0.669	1.4933	4.0812	31	0	25.7758	19.2743	114	7	0.9103	4.1883	33	0	0.7402	1.4405	6	0	21.0049	9.94	58	7	0.049	0.2381	2	0	0.0641	6	56.2155	59.1677	104.5442	6.4512	1033.7235	4199.394
86D_2_FITC.tif	Positive	Positive	PathAnnotationObject	Polygon	275.25	325.99	15.6857	16.8199	0.6967	6.3253	3.4871	0.8217	1.8837	81	3.5201	13	0	13	57.9535	2492	13.0529	87	30	57	1.7674	76	3.6242	13	0	13	78.8208	38.833	0.6568	14.7849	8.8701	0.84	0.9029	2.0098	13	0	31.4951	17.3722	87	9	0.4806	1.8259	13	0	0.6442	1.2555	6	0	24.5153	10.1436	55	9	0.1411	0.5077	3	0	0.1921	3	9.4896	7.3227	14.8929	6.2531	36.2418	53.263
86D_2_FITC.tif	Positive	Positive	PathAnnotationObject	Polygon	366.57	324.79	2.745	5.4306	1	1.8984	1.4841	0.3531	15.375	123	11.2623	31	3	28	59.375	475	19.7841	82	36	46	11.625	93	12.7944	28	0	28	98.428	35.3196	0.9915	11.7866	10.6456	0.2864	5.0711	4.3901	31	0	29.9486	12.6105	82	3	0.4466	2.9631	28	0	4.7347	3.5597	13	0	28.9878	11.1217	45	3	0.0816	0.3753	3	0	0.0152	5	88.1863	104.6971	142.855	26.8463	3829.3232	9511.6582
86D_2_FITC.tif	Positive	Positive	PathAnnotationObject	Polygon	526.65	326.65	16.47	16.103	0.7982	5.432	4.3046	0.6894	1.2889	58	1.8417	10	0	10	47.2444	2126	10.0389	72	32	40	0.9111	41	1.8808	10	0	10	170.5824	46.8942	0.9748	15.7214	13.7767	0.3962	1.2385	1.5516	10	0	25.5688	12.7873	72	5	0.1766	0.7387	10	0	1.2327	1.5173	8	0	23.0742	10.5148	48	5	0.0921	0.3745	4	0	0.0985	5	48.4115	53.5362	64.9797	27.8139	583.4813	1155.3804
86D_2_FITC.tif	Positive	Positive	PathAnnotationObject	Polygon	272.72	334.9	20.3915	18.343	0.7616	7.3537	3.3664	0.8935	8.3704	452	15.8867	79	0	79	119.4259	6449	37.9053	210	58	152	10.0556	543	16.6681	78	0	78	138.0345	43.9717	0.8971	15.307	12.7044	0.5472	1.6	6.8353	79	0	40.0592	39.5	210	8	1.569	7.3901	78	0	0.3854	0.9005	5	0	25.8206	15.8116	93	8	0.0465	0.2668	2	0	0.1391	7	37.4925	25.8933	89.9403	7.3227	742.9055	3481.1108
86D_2_FITC.tif	Positive	Positive	PathAnnotationObject	Polygon	147.28	344.17	15.6857	16.6854	0.708	6.8745	2.9223	0.899	5.0889	229	4.9167	25	0	25	52.3111	2354	13.0102	89	31	58	1.6667	75	3.6866	19	0	19	122.7409	44.5382	0.7776	16.4179	9.1204	0.8556	4.0698	3.5978	25	0	29.0667	14.1139	89	3	0.3111	1.5159	19	0	3.9	3.3095	18	0	25.1926	9.9695	50	3	0.0852	0.3171	2	0	0.1277	6	81.5575	102.7557	121.5266	6.5249	1656.5898	4199.394
86D_2_FITC.tif	Positive	Positive	PathAnnotationObject	Polygon	138.56	347.51	19.215	23.7483	0.4281	9.1199	3.8324	0.944	4.9828	289	4.3669	16	0	16	62.4828	3624	20.6383	101	26	75	4.1552	241	4.994	17	0	17	162.3474	50.3455	0.8049	18.2975	11.5177	0.8178	1.8988	2.7442	16	0	24.8482	19.2556	101	1	0.6169	2.3509	17	0	1.3978	1.9756	10	0	18.7339	9.7335	58	1	0.042	0.2507	3	0	0.1263	5	52.2302	48.4447	104.672	6.5249	132.7146	275.9872
86D_2_FITC.tif	Positive	Positive	PathAnnotationObject	Polygon	351.25	354.11	5.8822	8.0378	1	2.8542	2.2314	0.6353	16.7333	251	19.5684	64	0	64	88.4	1326	33.0385	153	50	103	16.8	252	19.6803	64	0	64	114.1137	37.8879	0.999	12.4465	11.2718	0.3214	2.9829	5.717	64	0	22.6438	17.5758	153	12	0.911	5.6931	64	0	2.2383	2.0503	9	0	19.083	4.7553	51	12	0.0505	0.2503	2	0	0.0392	8	86.694	94.4245	135.9799	33.0754	2020.1548	7246.2729
86D_2_FITC.tif	Positive	Positive	PathAnnotationObject	Polygon	580.07	371.19	8.6272	12.902	0.6513	5.3573	2.3516	0.8757	11.92	298	14.1183	55	0	55	80.88	2022	26.869	145	50	95	12.08	302	14.0503	55	0	55	101.5652	40.7914	0.767	14.1578	10.2851	0.7037	1.9234	5.5492	55	0	23.1188	22.1781	145	5	1.2375	5.5585	55	0	0.8644	1.3986	7	0	17	8.8279	57	5	0.089	0.4382	3	0	0.0784	6	36.378	19.7896	87.5035	5.2415	274.6825	697.5424
86D_2_FITC.tif	Positive	Positive	PathAnnotationObject	Polygon	572.32	371.23	7.0586	10.9129	0.7448	4.3044	2.2476	0.9013	8.6667	182	11.3944	38	0	38	69.5714	1461	20.937	111	42	69	8.8571	186	11.0557	37	0	37	67.0565	31.7486	0.836	12.2023	6.9537	0.839	2.3333	4.8805	38	0	24.9655	19.663	111	8	1.1034	4.7432	37	0	1.4641	1.9298	8	0	18.8431	8.3517	54	8	0.0392	0.2782	3	0	0.0992	7	27.5438	12.5373	73.2197	5.2415	247.8858	1155.3804
86D_2_FITC.tif	Positive	Positive	PathAnnotationObject	Polygon	564	371.21	3.9214	7.4592	0.8857	2.7273	1.9173	0.6913	8.25	99	10.4196	29	0	29	88	1056	23.1948	124	56	68	7.75	93	10.6696	29	0	29	42.3515	23.5469	0.9599	8.5721	6.6796	0.6171	1.2727	4.1946	29	0	29.7909	24.9079	124	5	0.8727	4.1665	29	0	0.4184	0.8363	4	0	22.6633	12.8704	96	5	0.0306	0.1732	1	0	0.0862	5	20.2063	9.9002	60.153	2.9313	193.9629	653.8221
86D_2_FITC.tif	Positive	Positive	PathAnnotationObject	Polygon	559.66	375.47	3.1371	6.5994	0.9052	2.4089	1.8072	0.5477	2.8182	31	3.3111	10	0	10	65.2727	718	10.9553	81	49	32	2.8182	31	3.3111	10	0	10	32.5479	21.7683	0.8631	7.8597	6.0505	0.6261	0.9655	1.7351	10	0	27.6552	19.885	81	11	0.5977	1.5055	10	0	0.6974	1.1891	5	0	22.2105	14.1358	77	11	0.2763	0.5561	2	0	0.0806	5	9.3351	4.6657	21.7966	3.5797	38.6101	140.9348
86D_2_FITC.tif	Positive	Positive	PathAnnotationObject	Polygon	567.53	375.86	6.2743	10.1659	0.7629	3.7907	2.4207	0.7849	3.8	76	4.9482	15	0	15	95.9	1918	17.2715	125	63	62	3.9	78	4.93	15	0	15	22.3522	21.3186	0.618	8.1094	4.3577	0.8768	2.1967	3.3607	15	0	53.7213	34.7189	125	15	1.2951	3.3284	15	0	1.4146	1.8436	5	0	33.1463	18.5197	82	15	0.0244	0.1562	1	0	0.2797	4	5.01	3.7109	9.6869	2.9313	9.9248	14.1547
86D_2_FITC.tif	Positive	Positive	PathAnnotationObject	Polygon	540.36	378.62	2.745	5.944	0.9763	2.1389	1.6202	0.3531	15.2222	137	16.9763	40	0	40	64.4444	580	23.3351	98	43	55	13.2222	119	16.8877	39	0	39	102.3494	35.902	0.9978	11.9184	10.6456	0.3334	3.1298	4.4591	40	0	27.9809	10.9539	98	5	0.6031	3.8361	39	0	2.6996	2.4569	11	0	26.6838	7.6034	43	5	0.1542	0.5455	3	0	0.0219	9	66.5261	53.5362	166.7288	21.7966	1739.4302	6593.8926
86D_2_FITC.tif	Positive	Positive	PathAnnotationObject	Polygon	564.37	381.18	14.9015	17.9777	0.5794	6.8094	3.2415	0.8963	3.0714	129	4.0267	13	0	13	74.7619	3140	15.0314	103	43	60	3.1429	132	3.9913	13	0	13	84.3108	39.9222	0.6648	15.925	6.5627	0.9274	1.1014	2.3232	13	0	35.2535	22.9267	103	10	0.6774	2.1402	13	0	0.6286	1.3106	6	0	25.7714	11.4923	73	10	0.0857	0.3366	2	0	0.176	5	7.8962	9.0608	12.5373	3.8333	22.6395	57.3672
86D_2_FITC.tif	Positive	Positive	PathAnnotationObject	Polygon	586.36	380.01	5.49	8.3283	0.9947	2.9224	2.2961	0.6114	6.9375	111	8.2176	25	0	25	52.9375	847	16.6992	83	35	48	6.5	104	8.0498	24	0	24	104.3102	36.9527	0.9599	12.7097	10.6272	0.5782	2.5318	4.6479	26	0	17.8427	11.6901	83	3	0.4757	2.4652	24	0	2.251	4.1968	26	0	15.6056	6.6951	38	3	0.0916	0.328	2	0	0.0449	5	18.8856	18.5348	31.2092	10.7783	129.7783	278.4333
86D_2_FITC.tif	Positive	Positive	PathAnnotationObject	Polygon	597.37	381.42	8.235	10.374	0.9616	3.7888	2.8939	0.6538	26.7273	588	7.4206	39	14	25	44.5	979	6.7806	60	36	24	1.8182	40	3.6857	12	0	12	123.9173	40.0841	0.9692	13.6025	11.5437	0.4466	14.8931	12.4541	41	0	25.5503	11.1472	60	3	0.2704	1.2442	12	0	14.0135	12.3098	41	0	24.1419	10.074	50	3	0.1554	0.7103	7	0	0.0619	10	73.7912	76.6618	141.4367	11.1239	319.0605	697.5424
86D_2_FITC.tif	Positive	Positive	PathAnnotationObject	Polygon	571.95	387.27	13.725	14.2918	0.8444	5.2828	3.7421	0.6813	0.9231	36	1.7227	8	0	8	66.7436	2603	11.2173	86	40	46	1.1538	45	2.1465	10	0	10	79.9973	32.7788	0.9356	11.7119	9.4652	0.5468	0.3382	0.9304	8	0	30.5362	22.1753	86	9	0.2705	1.054	10	0	0.2024	0.5423	3	0	22.131	14.1678	75	9	0.0655	0.3122	2	0	0.175	7	11.7102	9.3838	18.9968	4.8825	44.0182	96.7825
86D_2_FITC.tif	Positive	Positive	PathAnnotationObject	Polygon	562.9	388.76	8.235	10.8327	0.8819	4.2149	2.3042	0.8016	3.6818	81	5.5325	24	0	24	82.4091	1813	23.3476	133	44	89	4	88	6.2716	26	0	26	45.0965	24.9248	0.9122	8.7144	7.3557	0.3929	1.45	3.0702	24	0	45.8917	24.3824	133	23	0.9	3.3567	26	0	0.949	1.8852	14	0	37.6939	15.5234	125	23	0.2041	1.6243	16	0	0.1643	6	11.2088	9.0122	26.8337	4.3935	52.2992	140.9348
86D_2_FITC.tif	Positive	Positive	PathAnnotationObject	Polygon	567.63	393.12	7.8429	9.8405	1	3.4032	2.8843	0.2685	4.5909	101	4.8566	16	0	16	95.9091	2110	14.9122	118	73	45	4.9545	109	5.0941	16	0	16	18.0386	15.0854	0.9961	5.4004	4.1134	0.6265	2.8478	3.9382	16	0	71.2174	27.7992	118	26	2.5217	4.2465	16	0	1.25	1.7998	5	0	48.5833	13.8279	80	26	0.2917	0.8587	3	0	0.3935	4	5.0833	4.6658	6.608	4.3935	11.7624	13.8873
86D_2_FITC.tif	Positive	Positive	PathAnnotationObject	Polygon	572.13	397.44	6.6664	9.9848	0.8403	3.7889	2.3946	0.7303	2	40	2.9736	11	0	11	53.9	1078	9.9414	74	39	35	1.85	37	3.0136	11	0	11	65.8801	29.5843	0.9459	10.9891	7.9704	0.6801	0.9824	1.6189	11	0	26.0471	14.0686	74	9	0.2824	1.1977	11	0	0.8467	1.2991	5	0	22.3333	9.6889	53	9	0.0733	0.3086	2	0	0.091	6	14.6938	14.8048	24.6759	4.4492	87.6772	278.4333
86D_2_FITC.tif	Positive	Positive	PathAnnotationObject	Polygon	562.93	399.35	10.98	14.642	0.6436	5.6793	2.6307	0.8707	3.303	109	4.1268	14	0	14	68.6667	2266	12.6976	92	46	46	3.7273	123	4.7584	15	0	15	110.1923	40.1051	0.8609	15.1831	9.7671	0.7683	0.7719	1.9646	14	0	38.9158	16.1888	92	5	0.5649	2.0879	15	0	0.4405	1.1151	10	0	35.0198	12.0154	65	5	0.1508	0.7476	10	0	0.1029	7	24.2217	24.433	47.155	6.608	218.5659	664.6857
86D_2_FITC.tif	Positive	Positive	PathAnnotationObject	Polygon	220.91	409.97	12.9407	14.809	0.7415	5.6657	3.2795	0.8321	2.0789	79	3.1312	11	0	11	48.8158	1855	10.2188	69	30	39	1.7895	68	3.1293	11	0	11	111.3687	40.2581	0.8635	14.3488	9.9308	0.7042	1.2787	1.9322	11	0	19.7247	14.7683	69	2	0.2962	1.298	11	0	1.1566	1.6521	8	0	15.2851	9.2994	45	2	0.0683	0.2968	2	0	0.1156	5	91.6532	100.9672	156.153	5.1698	1208.1978	4199.394
86D_2_FITC.tif	Positive	Positive	PathAnnotationObject	Polygon	229.47	410.75	9.8036	12.0309	0.8511	4.2793	3.4447	0.6344	2.5926	70	2.859	9	0	9	43.1111	1164	7.6023	59	27	32	0.9259	25	1.9986	7	0	7	92.938	36.7446	0.865	13.5607	8.6145	0.7654	2.2875	2.5509	13	0	24.5208	10.6059	59	7	0.15	0.7832	7	0	2.2488	2.5139	13	0	22.1643	8.3743	41	7	0.0516	0.3395	3	0	0.0992	6	103.3475	113.304	151.2432	5.1698	2179.1365	7246.2729
86D_2_FITC.tif	Positive	Positive	PathAnnotationObject	Polygon	590.56	408.47	5.0979	10.4205	0.59	4.4773	1.6154	0.8824	0.3333	6	0.767	3	0	3	69.1667	1245	7.1968	81	57	24	0.3889	7	0.7775	3	0	3	61.9587	29.4657	0.8968	10.8964	7.144	0.7342	0.4151	1.4639	11	0	36.8365	20.9994	84	11	0.3019	1.4616	12	0	0.4255	1.5317	11	0	32.7092	18.4346	84	11	0.2908	1.5285	12	0	0.0953	6	17.2529	16.4467	31.2092	3.8028	103.4679	278.4333
86D_2_FITC.tif	Positive	Positive	PathAnnotationObject	Polygon	581.1	413	13.3329	15.0344	0.7412	5.4612	3.6479	0.788	1.5385	60	2.5115	9	0	9	74.3077	2898	9.0063	90	59	31	2.2308	87	2.7953	12	0	12	92.938	36.7208	0.8661	13.7506	9.5735	0.7226	2.5892	3.6081	14	0	46.3029	18.053	90	17	0.5187	1.5521	12	0	2.7921	3.7544	14	0	40.896	13.8659	74	17	0.1881	0.8489	9	0	0.15	7	16.3469	11.2793	36.3727	5.1962	112.1451	443.6786
86D_2_FITC.tif	Positive	Positive	PathAnnotationObject	Polygon	596.85	415.07	15.2936	15.9357	0.7568	6.4507	3.2418	0.8535	3.2667	147	3.7863	12	0	12	129.8222	5842	24.9274	159	63	96	3.7556	169	3.6875	13	0	13	79.9973	35.33	0.8054	13.6549	8.1729	0.7794	0.774	2.2049	12	0	48.9712	49.2468	159	5	0.8558	2.3091	13	0	0.0859	0.3406	2	0	26.6503	24.76	148	5	0.0552	0.3727	4	0	0.1985	5	13.2423	5.5369	33.6311	3.9278	27.7266	67.3372
86D_2_FITC.tif	Positive	Positive	PathAnnotationObject	Polygon	590.17	414.55	4.3136	7.1183	1	2.4382	2.1105	0.6847	2.1667	26	3.0401	8	0	8	131.3333	1576	13.4457	148	106	42	2.9167	35	3.1467	9	0	9	6.6664	9.5082	0.9266	3.2382	2.7466	0.2886	1.35	2.5397	8	0	128.3	16.8682	148	90	2.25	2.6132	9	0	0.125	0.3536	1	0	123.75	21.1846	142	90	1.25	1.0351	3	0	0.5516	5	4.9195	4.2235	7.2965	3.8028	10.4385	13.8736
86D_2_FITC.tif	Positive	Positive	PathAnnotationObject	Polygon	586.56	417.32	13.725	13.3032	0.9746	4.9514	3.629	0.71	1.9714	69	2.4553	9	0	9	125.2286	4383	18.1644	150	90	60	2.7714	97	3.1351	10	0	10	23.1365	18.3351	0.8648	7.0534	4.603	0.7618	1.0781	2.0572	9	0	105.4062	30.568	150	44	1.6562	2.6917	10	0	0	0	0	0	81.4828	24.8562	142	44	0.3103	0.9675	4	0	0.548	5	5.9957	5.5228	8.4004	4.2235	14.3498	20.5274
86D_2_FITC.tif	Positive	Positive	PathAnnotationObject	Polygon	593.62	421.04	20.3915	18.0728	0.7845	6.3731	4.2595	0.7387	2.963	160	4.8563	22	0	22	147.463	7963	22.4573	171	86	85	4.5556	246	4.6079	22	0	22	47.4494	28.5029	0.7339	11.197	5.3395	0.8946	1.7323	3.7973	22	0	101.9055	50.0542	171	19	2.8976	4.0996	22	0	0.8219	2.4287	13	0	68.2055	36.1271	164	19	1.6712	3.1931	16	0	0.4026	5	6.9391	5.3467	13.5615	5.1253	16.0331	26.1837
86D_2_FITC.tif	Positive	Positive	PathAnnotationObject	Polygon	582.14	425.04	14.1172	17.8287	0.5581	7.9743	2.9272	0.9379	6.6	264	6.868	26	0	26	88.375	3535	21.545	136	51	85	5.4	216	6.5781	24	0	24	79.213	34.3214	0.845	12.5717	8.5831	0.7004	3.7404	5.1836	26	0	49.7837	24.4725	136	18	1.0673	3.5611	24	0	3.0595	4.457	17	0	40.5952	13.8673	76	18	0.0357	0.2159	2	0	0.1606	6	12.1621	9.6252	29.1949	4.8473	58.5268	140.4942
86D_2_FITC.tif	Positive	Positive	PathAnnotationObject	Polygon	589.31	424.37	12.9407	13.9028	0.8413	4.6936	3.7963	0.5352	3.6579	139	4.206	14	0	14	107.5	4085	23.6869	146	57	89	3.3947	129	4.2333	14	0	14	34.5086	23.1686	0.8079	8.8073	6.1158	0.6837	2.2111	3.32	14	0	73.6333	35.8588	146	28	1.4778	3.1984	14	0	1.1538	1.9239	8	0	48.8846	18.9153	106	28	0.0769	0.3341	2	0	0.3742	5	7.0991	6.6358	10.8791	4.8473	17.5019	26.1837
86D_2_FITC.tif	Positive	Positive	PathAnnotationObject	Polygon	590.66	430.32	10.1957	12.3267	0.8432	4.1672	3.3572	0.4751	3.3548	104	4.7927	20	0	20	101.0323	3132	21.6217	140	61	79	3.7419	116	5.033	21	0	21	29.0186	21.1146	0.8179	7.7591	5.9385	0.5826	1.7403	3.439	20	0	76.2727	27.2545	140	33	1.6753	3.6507	21	0	0.6522	1.2861	4	0	59.587	15.3602	94	33	0.2826	0.8343	4	0	0.3441	4	7.042	7.5894	9.0914	3.8979	18.7407	31.7221
86D_2_FITC.tif	Positive	Positive	PathAnnotationObject	Polygon	595.6	433.33	8.235	13.6782	0.5531	5.4114	2.591	0.8898	3.36	84	4.3768	15	0	15	75.28	1882	10.1264	96	59	37	3.4	85	4.3875	15	0	15	94.1144	39.2691	0.7669	14.9646	8.6749	0.8387	0.7054	1.8887	15	0	30.9876	23.5029	96	3	0.5519	1.8367	15	0	0.3981	0.9639	5	0	25.8611	18.7257	81	3	0.2222	0.7512	5	0	0.09	8	28.794	15.776	64.5884	3.8979	43.7927	130.5927
86D_2_FITC.tif	Positive	Positive	PathAnnotationObject	Polygon	583.62	437	18.0386	21.1809	0.5053	8.1549	4.2347	0.8044	7.6154	396	7.6624	41	0	41	99.4808	5173	20.2934	143	62	81	4.7308	246	8.1508	41	0	41	135.2895	43.4558	0.9003	15.1941	11.5522	0.5581	7.3919	6.3448	41	0	55.8617	25.9313	143	4	0.8876	3.7	41	0	7.3525	6.0977	23	0	48.1729	18.0025	112	4	0.2102	1.2302	16	0	0.1372	5	20.3329	10.1589	49.4886	7.1846	118.0691	293.2167
86D_2_FITC.tif	Positive	Positive	PathAnnotationObject	Polygon	550.66	443.75	23.5286	24.0498	0.5112	9.8505	4.2652	0.9343	4.7077	306	6.1991	26	0	26	90.3385	5872	24.3806	138	48	90	4.7692	310	6.2068	26	0	26	190.9739	53.7568	0.8305	19.3211	12.4612	0.8048	1.4163	3.0048	26	0	41.8204	22.8959	138	9	0.702	2.7893	26	0	0.9129	1.6424	9	0	34.4	9.9397	83	9	0.08	0.4839	6	0	0.12	8	45.8825	41.0477	102.558	9.4797	761.0947	3350.3684
86D_2_FITC.tif	Positive	Positive	PathAnnotationObject	Polygon	561.69	442.82	12.5486	15.3563	0.6687	6.4209	3.1521	0.8522	2.8108	104	2.644	11	0	11	66.4324	2458	12.5267	88	45	43	2.3514	87	2.4632	11	0	11	134.8974	43.0836	0.9132	15.8556	11.3509	0.6614	1.2659	1.8662	11	0	31.1214	15.7852	88	7	0.3555	1.1284	11	0	1.0809	1.6622	9	0	26.8932	9.6459	57	7	0.1165	0.4257	3	0	0.0956	6	29.1476	29.5659	44.9156	9.4797	223.4585	443.6786
86D_2_FITC.tif	Positive	Positive	PathAnnotationObject	Polygon	388.34	455.25	6.6664	10.5482	0.7529	3.6407	2.9137	0.7159	7.8095	164	7.4406	32	1	31	65.8571	1383	13.9867	96	44	52	5.9048	124	7.713	31	0	31	98.428	40.5391	0.7526	13.6389	10.0968	0.7197	3.126	3.1673	32	0	28.7874	13.7024	96	13	0.4961	2.714	31	0	2.7039	2.0006	8	0	25.4464	7.2313	50	13	0.0086	0.131	2	0	0.0696	6	34.6219	23.8188	108.4133	2.8828	346.4727	1466.7396
86D_2_FITC.tif	Positive	Positive	PathAnnotationObject	Polygon	394.88	455.88	3.5293	6.042	1	2.1086	1.7712	0	10.1111	91	10.105	31	0	31	59.3333	534	14.4655	88	42	46	7.2222	65	9.6148	30	0	30	44.7044	24.9995	0.8989	9.9244	6.2367	0.7711	3.5086	3.8819	31	0	27.5259	11.5355	88	15	0.5603	3.1932	30	0	2.9533	2.1517	9	0	24.8505	5.9539	38	15	0	0	0	0	0.053	9	84.48	64.1331	188.9324	2.8828	2215.9827	9511.6582
86D_2_FITC.tif	Positive	Positive	PathAnnotationObject	Polygon	364.05	464.83	5.49	8.4745	0.9606	3.0482	2.3044	0.1964	12.75	204	16.8859	48	0	48	86.5625	1385	27.0874	140	54	86	12.25	196	16.8424	48	0	48	106.663	37.2176	0.9677	12.623	10.9195	0.471	1.3333	5.0061	48	0	24.5641	20.2716	140	2	0.7949	4.8947	48	0	0.6226	1.1257	5	0	20.7043	11.7659	51	2	0.0817	0.3496	3	0	0.0483	5	61.5119	27.0601	147.1238	10.4071	1927.7222	7246.2729
86D_2_FITC.tif	Positive	Positive	PathAnnotationObject	Polygon	437.03	475.53	49.8022	32.8602	0.5796	13.12	5.4355	0.9154	12.306	1649	5.5063	26	1	25	52.709	7063	7.4771	75	32	43	0.8134	109	2.1387	12	0	12	281.559	62.0338	0.9194	22.8168	15.091	0.749	5.4395	6.3064	26	0	29.2281	17.3464	75	2	0.2323	1.057	12	0	3.8667	5.3567	22	0	23.8496	14.2028	53	2	0.0991	0.4865	6	0	0.1815	5	31.052	30.4727	48.5961	16.8562	146.3532	305.4745
86D_2_FITC.tif	Positive	Positive	PathAnnotationObject	Polygon	551.1	469.91	8.235	10.4112	0.9547	4.0154	2.4096	0.7938	10.5	231	11.8271	47	0	47	96.9545	2133	26.489	150	61	89	8.7727	193	11.9997	46	0	46	98.428	37.3091	0.8886	13.6068	8.816	0.768	2.0395	4.9808	47	0	32.8458	26.4085	150	2	0.917	4.261	46	0	1.2338	2.6288	13	0	26.7403	16.4161	75	2	0.1688	0.5292	3	0	0.0766	6	29.9168	28.6948	58.042	6.9513	120.7721	293.2167
86D_2_FITC.tif	Positive	Positive	PathAnnotationObject	Polygon	413.19	471.17	6.2743	8.9712	0.9797	3.1457	2.3136	0.6487	4.7222	85	5.1313	16	0	16	41.2778	743	11.3853	65	24	41	3.2778	59	4.041	13	0	13	113.7216	38.997	0.9397	13.3	10.9972	0.3872	1.1581	2.0784	16	0	13.9553	8.8755	65	4	0.2131	1.2605	13	0	0.9231	1.4366	7	0	12.1538	4.8194	29	4	0.011	0.1044	1	0	0.0446	3	20.4899	24.2201	25.864	11.3855	101.8248	147.1317
86D_2_FITC.tif	Positive	Positive	PathAnnotationObject	Polygon	401.5	473.39	11.3722	14.5689	0.6733	5.5695	3.2974	0.8312	12.1515	401	15.0709	60	0	60	102.7879	3392	37.2422	178	38	140	12.1818	402	15.1914	60	0	60	147.0538	43.9285	0.9576	15.4872	12.9955	0.4658	2.3777	6.0351	60	0	25.1995	28.7261	178	2	1.3856	6.0436	60	0	1.4373	2.9292	25	0	17.7347	11.7591	84	2	0.3469	2.4754	25	0	0.079	7	28.4914	21.7376	65.1979	11.3855	128.798	305.4745
86D_2_FITC.tif	Positive	Positive	PathAnnotationObject	Polygon	370.27	472.73	5.0979	8.929	0.8035	3.8316	1.6795	0.8926	7.0625	113	7.878	26	0	26	58.1875	931	13.5461	86	39	47	5.1875	83	7.3957	23	0	23	69.4094	32.0609	0.8485	11.7742	8.7184	0.7194	2.9944	3.268	26	0	24.5642	15.9497	86	4	0.6145	2.661	23	0	2.5951	2.0477	10	0	21.2638	11.8284	52	4	0.1656	0.6691	5	0	0.0621	5	12.1594	10.1053	25.8996	6.9947	61.1964	134.2601
86D_2_FITC.tif	Positive	Positive	PathAnnotationObject	Polygon	453.63	474.6	13.725	15.0056	0.766	5.5008	3.8142	0.739	2	82	2.49	13	0	13	49.3171	2022	4.3614	62	42	20	0.5122	21	1.2673	5	0	5	159.9945	45.3898	0.9759	15.154	13.1505	0.411	3.3888	3.3786	14	0	35.0685	8.6676	62	15	0.1565	0.6966	7	0	3.5435	3.4314	14	0	33.481	7.4993	51	15	0.1168	0.5905	7	0	0.093	6	66.8374	68.4654	129.3355	15.344	1507.5919	3764.9404
86D_2_FITC.tif	Positive	Positive	PathAnnotationObject	Polygon	376.94	478	10.5879	14.8863	0.6004	6.6359	2.0992	0.9441	7.6667	230	6.4452	21	0	21	82.4333	2473	15.8564	109	54	55	6.5	195	6.3123	20	0	20	82.7423	41.7115	0.5976	15.6348	8.804	0.8706	2.3349	3.806	21	0	28.9023	28.4062	109	2	1.2326	3.2886	20	0	1.4703	2.2166	10	0	20.2216	18.8645	84	2	0.3784	1.0202	6	0	0.1198	5	27.579	13.1626	89.2704	3.7282	63.1014	217.4281
86D_2_FITC.tif	Positive	Positive	PathAnnotationObject	Polygon	383.06	474.75	7.0586	11.4639	0.6749	4.4908	2.5076	0.8246	8.2174	189	4.2636	17	1	16	69.913	1608	14.0645	97	42	55	3.9565	91	4.2797	14	0	14	79.6051	32.6421	0.9388	11.8265	8.6816	0.6488	4.3932	3.2333	17	0	26.835	18.9482	97	4	0.5194	1.9499	14	0	3.9126	2.7382	12	0	21.4208	10.7939	57	4	0.0874	0.6228	7	0	0.0927	4	14.1595	15.5858	21.738	3.7282	80.8385	200.2925
86D_2_FITC.tif	Positive	Positive	PathAnnotationObject	Polygon	542.95	472.99	4.3136	7.6205	0.9334	2.7504	2.0089	0.7323	22.0769	287	9.4027	37	9	28	128.6154	1672	28.5177	175	80	95	6.8462	89	8.4246	23	0	23	34.1165	21.4725	0.9298	7.6882	5.7301	0.6392	13.8	5.9079	37	5	68.7889	34.9778	175	37	1.3222	4.1969	23	0	12.4026	3.6356	20	5	58.6883	24.2635	163	37	0.3896	1.8221	13	0	0.1125	5	11.132	7.6295	32.3578	2.818	47.1246	123.3216
86D_2_FITC.tif	Positive	Positive	PathAnnotationObject	Polygon	548.21	479.27	16.8622	14.9543	0.9475	5.534	4.0518	0.6218	17.4651	751	19.6824	78	0	78	171.6977	7383	39.933	240	96	144	17.6279	758	21.3252	82	0	82	81.5658	34.6025	0.8561	11.8199	9.1653	0.559	3.9573	11.2784	78	0	49.5355	68.3672	240	3	3.7346	11.869	82	0	0.5	1.8764	11	0	18.2679	25.503	155	3	0.1786	0.5926	3	0	0.1819	5	21.7615	6.9513	64.5884	3.7971	25.9727	71.5579
86D_2_FITC.tif	Positive	Positive	PathAnnotationObject	Polygon	363.23	476.81	2.3529	5.7303	0.9004	2.0805	1.3598	0.6325	10	80	13.5962	32	0	32	40.25	322	21.2519	71	23	48	9.75	78	13.7815	32	0	32	81.958	32.8213	0.9561	11.8082	9.0684	0.6342	1.3726	3.5835	32	0	7.5849	9.1655	71	2	0.5991	3.477	32	0	1.0343	1.9811	22	0	6.3039	5.2958	61	2	0.2402	1.6085	22	0	0.0213	5	67.7753	13.1626	156.153	7.3905	233.7028	754.4522
86D_2_FITC.tif	Positive	Positive	PathAnnotationObject	Polygon	535.32	477.96	12.1564	13.7065	0.8131	4.9917	3.4659	0.6484	12.7059	432	6.9218	30	3	27	84.3824	2869	18.5522	119	51	68	3.2059	109	4.198	14	0	14	111.7609	39.6023	0.8955	13.7522	9.5875	0.7237	7.8362	6.8565	30	0	41.1777	23.7827	119	5	0.5401	1.8429	14	0	7.1818	6.5917	20	0	35.3715	17.6398	74	5	0.1818	0.6774	4	0	0.1016	5	16.077	9.2999	38.0227	6.9058	60.3286	144.0228
86D_2_FITC.tif	Positive	Positive	PathAnnotationObject	Polygon	541.74	478.85	0.3921	2.3107	0.9229	0.8823	0.609	0	10	30	4.3589	13	5	8	54.6667	164	6.1101	60	48	12	3	9	2.6458	6	1	5	13.725	14.8485	0.7823	6.1013	3.0468	0.8669	4.375	6.0793	19	0	25.25	19.9329	63	6	0.325	1.0952	6	0	3.9189	6.011	19	0	22.8649	18.7189	63	6	0.1081	0.5155	3	0	0.0147	4	9.6121	5.8844	23.8614	2.818	10.1125	14.1188
86D_2_FITC.tif	Positive	Positive	PathAnnotationObject	Polygon	526.17	479.42	9.0193	11.9845	0.7891	4.3612	2.8061	0.8091	7.08	177	10.6298	36	0	36	69.76	1744	20.063	120	49	71	4.96	124	11.1373	36	0	36	99.6044	38.7497	0.8336	13.3866	10.0717	0.7445	2.9688	4.5563	36	0	36.8086	15.4939	120	15	0.6016	3.7768	36	0	2.5238	3.0314	12	0	33.2424	9.6622	66	15	0.1299	0.7636	9	0	0.0905	5	38.8891	44.0728	72.7976	8.07	387.5355	1379.3458
86D_2_FITC.tif	Positive	Positive	PathAnnotationObject	Polygon	466.26	483.26	15.6857	14.7893	0.9012	5.2866	3.9217	0.6334	5.0233	216	5.6167	23	0	23	97.093	4175	21.6309	133	59	74	5.4884	236	5.7627	25	0	25	158.426	44.9381	0.9858	14.9705	13.1505	0.4251	0.8667	2.463	23	0	28.9531	27.6409	133	2	0.637	2.5151	25	0	0.3729	0.9034	5	0	20.8591	13.485	64	2	0.0608	0.2818	2	0	0.0937	6	52.2764	56.6868	89.2704	15.344	162.7827	289.5673
86D_2_FITC.tif	Positive	Positive	PathAnnotationObject	Polygon	518.27	484.57	8.235	11.7907	0.7444	4.5613	2.3087	0.8839	10.6667	256	11.6942	47	0	47	88.6667	2128	27.172	146	43	103	10.5833	254	12.2932	48	0	48	108.2316	37.644	0.9598	12.6153	10.922	0.4691	1.6331	4.5061	47	0	29.9496	21.6423	146	11	0.9245	4.6266	48	0	0.7795	1.1518	5	0	24.4016	9.3671	65	11	0.0118	0.1082	1	0	0.0744	5	26.1612	23.8614	53.1685	8.07	38.1759	111.7092
