Image	Name	Class	Parent	ROI	Centroid X µm	Centroid Y µm	Nucleus: Area	Nucleus: Perimeter	Nucleus: Circularity	Nucleus: Max caliper	Nucleus: Min caliper	Nucleus: Eccentricity	Nucleus: Red mean	Nucleus: Red sum	Nucleus: Red std dev	Nucleus: Red max	Nucleus: Red min	Nucleus: Red range	Nucleus: Green mean	Nucleus: Green sum	Nucleus: Green std dev	Nucleus: Green max	Nucleus: Green min	Nucleus: Green range	Nucleus: Blue mean	Nucleus: Blue sum	Nucleus: Blue std dev	Nucleus: Blue max	Nucleus: Blue min	Nucleus: Blue range	Cell: Area	Cell: Perimeter	Cell: Circularity	Cell: Max caliper	Cell: Min caliper	Cell: Eccentricity	Cell: Red mean	Cell: Red std dev	Cell: Red max	Cell: Red min	Cell: Green mean	Cell: Green std dev	Cell: Green max	Cell: Green min	Cell: Blue mean	Cell: Blue std dev	Cell: Blue max	Cell: Blue min	Cytoplasm: Red mean	Cytoplasm: Red std dev	Cytoplasm: Red max	Cytoplasm: Red min	Cytoplasm: Green mean	Cytoplasm: Green std dev	Cytoplasm: Green max	Cytoplasm: Green min	Cytoplasm: Blue mean	Cytoplasm: Blue std dev	Cytoplasm: Blue max	Cytoplasm: Blue min	Nucleus/Cell area ratio	Delaunay: Num neighbors	Delaunay: Mean distance	Delaunay: Median distance	Delaunay: Max distance	Delaunay: Min distance	Delaunay: Mean triangle area	Delaunay: Max triangle area
86D_3_FITC.tif	Positive	Positive	PathAnnotationObject	Polygon	411.55	112.52	9.8036	11.8347	0.8796	3.8943	3.4556	0.4116	2.3846	62	4.1384	14	0	14	39.5385	1028	9.9568	59	26	33	2.3077	60	4.0965	14	0	14	103.918	38.6369	0.8748	13.3794	10.6456	0.346	0.6203	1.7874	14	0	14.6015	11.1865	59	1	0.3872	1.7036	14	0	0.4292	1.1729	12	0	11.9	7.3078	44	1	0.1792	1.0089	12	0	0.0847	4	76.729	83.9132	130.4033	8.6862	138.4819	197.4884
86D_3_FITC.tif	Positive	Positive	PathAnnotationObject	Polygon	421.5	114.62	6.6664	9.6053	0.908	3.5482	2.4648	0.611	5.1053	97	6.3848	21	0	21	54.9474	1044	15.4109	84	33	51	5.1579	98	6.2916	21	0	21	103.5259	37.1107	0.9446	13.249	10.3161	0.5621	0.8539	2.3229	21	0	15.1985	13.3803	84	5	0.4869	2.2198	21	0	0.5282	1.159	8	0	12.1532	6.682	48	5	0.129	0.7841	8	0	0.0603	6	104.5122	114.1132	198.8242	8.6862	3550.3931	11378.7441
86D_3_FITC.tif	Positive	Positive	PathAnnotationObject	Polygon	540.73	125.47	5.8822	12.1666	0.4993	4.9506	2.0682	0.911	9.7727	215	15.3311	53	0	53	70.4091	1549	37.3333	144	25	119	10.0455	221	15.2111	53	0	53	89.4087	37.4246	0.8022	12.7681	9.6812	0.6535	1.5474	5.4453	53	0	20.5905	22.6708	144	2	1.056	5.4456	53	0	0.6857	1.135	4	0	15.3714	11.8069	80	2	0.1143	0.3611	2	0	0.0726	4	66.8563	66.2444	130.4033	4.5329	156.2655	356.1214
86D_3_FITC.tif	Positive	Positive	PathAnnotationObject	Polygon	548.07	128.15	5.0979	9.1144	0.7712	3.4075	1.8786	0.8189	12.8125	205	12.9214	40	0	40	90.5	1448	26.5882	134	44	90	13.5625	217	13.1553	42	0	42	72.9387	32.6124	0.8618	12.1159	8.1494	0.7173	2.0263	5.1634	40	0	20.6895	24.1874	134	1	1.3	5.3014	42	0	1.0345	1.7031	8	0	14.2701	9.2556	60	1	0.1724	0.7166	7	0	0.0661	4	62.227	62.4312	119.5128	4.5329	340.3527	708.9501
86D_3_FITC.tif	Positive	Positive	PathAnnotationObject	Polygon	532.09	131.75	11.7643	16.1538	0.5665	6.9351	2.1742	0.9437	7.3056	263	14.6888	53	0	53	59.8056	2153	26.8401	136	25	111	8.6667	312	15.4013	55	0	55	151.7595	45.9815	0.902	16.8498	11.8325	0.7499	1.3445	5.0036	53	0	19.5039	17.8191	136	1	0.9692	5.2914	55	0	0.7365	1.4621	10	0	15.3938	9.7626	48	1	0.1841	0.7743	10	0	0.0826	5	80.3659	113.1248	145.9053	10.6329	3137.9138	8139.6929
86D_3_FITC.tif	Positive	Positive	PathAnnotationObject	Polygon	357.38	143.3	5.8822	9.7232	0.7819	3.5887	2.5149	0.6353	3.65	73	5.6221	17	0	17	41.95	839	13.1248	69	24	45	3.6	72	5.7253	17	0	17	126.2702	40.0202	0.9907	13.2942	11.8981	0.3508	0.7214	1.8356	17	0	13.7276	11.2438	69	2	0.3406	1.7199	17	0	0.5281	0.9992	6	0	11.8647	8.2296	37	2	0.1254	0.5847	6	0	0.0493	8	49.6901	45.7787	69.4804	38.7066	258.2859	1132.8209
86D_3_FITC.tif	Positive	Positive	PathAnnotationObject	Polygon	318.77	159.26	7.8429	10.6578	0.8677	4.1566	2.2147	0.8812	3.2381	68	5.6825	21	0	21	49.2857	1035	18.4096	92	27	65	2.619	55	5.8692	21	0	21	93.3301	37.894	0.8168	13.5209	9.1098	0.7578	1.5858	2.2361	21	0	17.1967	13.6301	92	3	0.2887	1.8709	21	0	1.4266	1.4893	6	0	14.1055	7.9545	53	3	0.0642	0.2967	2	0	0.0722	8	60.7073	63.0873	104.6573	4.1533	270.0584	927.8209
86D_3_FITC.tif	Positive	Positive	PathAnnotationObject	Polygon	320.09	165.4	7.0586	10.1221	0.8657	4.0792	2.2104	0.8125	10.75	215	12.2812	37	0	37	93.85	1877	25.891	140	62	78	10.6	212	12.5043	38	0	38	30.5872	21.2115	0.8543	8.1814	5.321	0.7456	4.1446	7.3653	37	0	42.5663	33.2405	140	12	2.5904	7.5418	38	0	2.0476	2.6423	10	0	26.2857	11.7562	64	12	0.0476	0.2147	1	0	0.2077	4	17.876	7.1245	53.1017	4.1533	75.3422	182.2714
86D_3_FITC.tif	Positive	Positive	PathAnnotationObject	Polygon	328.2	164.98	8.235	11.2963	0.811	4.6247	2.2185	0.8782	7.0435	162	9.6412	32	0	32	82.1739	1890	26.8136	132	36	96	7.6087	175	9.9532	33	0	33	63.1351	29.2272	0.9288	10.0613	8.4439	0.4949	1.1818	4.303	32	0	36.6545	22.6362	132	13	1.103	4.5015	33	0	0.2324	0.7212	5	0	29.2817	9.543	68	13	0.0493	0.2996	2	0	0.1238	5	13.3106	7.6121	38.7066	4.8494	66.3599	157.5345
86D_3_FITC.tif	Positive	Positive	PathAnnotationObject	Polygon	322.12	173.66	16.0779	18.7199	0.5765	7.6804	2.8979	0.9398	9.2979	437	12.9345	51	0	51	118.6383	5576	42.1918	203	47	156	10.4468	491	13.9562	57	0	57	86.2716	36.196	0.8275	12.7273	9.0479	0.6439	3.5422	6.9043	51	0	48.16	46.8172	203	6	2.3778	7.602	57	0	2.0225	2.3934	11	0	29.5506	25.3769	165	6	0.2472	0.8135	7	0	0.1912	6	14.0139	7.9295	47.1833	4.9302	71.2693	185.5044
86D_3_FITC.tif	Positive	Positive	PathAnnotationObject	Polygon	330.29	171.34	4.3136	7.217	1	2.6533	1.8503	0.6847	1.9167	23	3.2879	11	0	11	41.5	498	7.2676	55	32	23	1.8333	22	3.3257	11	0	11	31.3715	21.776	0.8314	8.1075	4.7524	0.8032	0.7882	1.6482	11	0	27.8588	10.5719	55	15	0.4235	1.499	11	0	0.6027	1.1272	5	0	25.6164	9.285	45	15	0.1918	0.7389	5	0	0.1121	4	14.1342	5.9564	40.7014	3.9227	57.5957	132.3285
86D_3_FITC.tif	Positive	Positive	PathAnnotationObject	Polygon	332.63	175.91	2.745	5.7684	1	2.1628	1.5501	0.8003	10.375	83	11.6243	25	0	25	69.75	558	18.2502	91	44	47	11.25	90	11.9254	25	0	25	29.4108	20.3254	0.8946	7.011	5.5734	0.6416	1.1795	4.7365	25	0	30.8333	17.5724	91	13	1.2949	4.9808	25	0	0.1286	0.6352	4	0	26.3857	10.7303	67	13	0.1571	0.6732	4	0	0.0686	5	13.3985	6.7115	42.5736	3.9227	52.0789	152.8712
86D_3_FITC.tif	Positive	Positive	PathAnnotationObject	Polygon	327.88	181.57	18.8229	18.6778	0.678	7.764	2.8327	0.925	8.1731	425	9.8194	38	0	38	152.2692	7918	28.3674	210	97	113	8.8654	461	10.4881	39	0	39	74.1151	34.9036	0.7645	12.4103	8.4535	0.5819	3.0622	6.126	38	0	68.2902	58.3478	210	5	2.5181	6.6748	39	0	1.1773	1.7496	7	0	37.3191	28.1121	112	5	0.1773	0.7395	4	0	0.254	5	16.671	8.2469	45.3833	4.5024	116.7949	341.1348
86D_3_FITC.tif	Positive	Positive	PathAnnotationObject	Polygon	332.13	185.06	4.3136	7.3594	1	2.6302	1.8786	0.6847	11	132	9.4964	28	0	28	105.4167	1265	17.4952	131	71	60	11.5833	139	9.4816	29	0	29	29.4108	27.0446	0.5053	12.2884	2.8105	0.9725	2.675	5.3244	28	0	41.5	31.5077	131	8	1.7875	5.4534	29	0	1.2059	2.0042	8	0	30.2206	16.1077	85	8	0.0588	0.2933	2	0	0.1264	5	16.8035	9.2821	48.9837	5.2016	63.2601	152.8712
86D_3_FITC.tif	Positive	Positive	PathAnnotationObject	Polygon	334.76	190.81	13.725	15.9588	0.6772	6.6828	2.477	0.9324	3.9189	145	4.5239	17	0	17	62.6757	2319	12.2249	84	43	41	3.4595	128	4.4007	17	0	17	102.7416	39.6368	0.8218	13.9961	10.8979	0.6028	1.7849	2.8128	17	0	28.8642	16.092	84	10	0.517	2.0246	17	0	1.4386	2.2568	10	0	23.3772	7.8025	53	10	0.0395	0.236	2	0	0.1249	5	80.4257	52.3122	218.9867	5.2016	2756.8291	11378.7441
86D_3_FITC.tif	Positive	Positive	PathAnnotationObject	Polygon	328.62	199.92	8.235	12.1948	0.6959	5.0341	1.974	0.8923	5.5833	134	5.0983	20	0	20	43.1667	1036	10.5775	70	29	41	2.4583	59	4.2012	16	0	16	125.8781	41.0318	0.9395	14.6185	11.202	0.6636	1.8297	2.477	20	0	23.1734	9.2633	70	4	0.3932	1.5068	16	0	1.5284	1.8433	7	0	21.5686	7.0219	47	4	0.2274	0.8485	6	0	0.0576	8	70.7217	44.4638	219.7148	10.5264	2191.6187	12648.2041
86D_3_FITC.tif	Positive	Positive	PathAnnotationObject	Polygon	295.27	208.78	25.4893	24.9871	0.513	10.997	3.1225	0.9593	2.3857	167	2.5724	15	0	15	45.7714	3204	11.0757	76	26	50	1.0857	76	2.4242	13	0	13	187.0524	50.7728	0.9118	17.6646	13.4371	0.6212	1.7979	2.1738	15	0	19.2083	13.7141	76	3	0.2833	1.0691	13	0	1.6976	2.0853	9	0	14.6732	7.6283	39	3	0.1463	0.4671	3	0	0.131	9	34.1042	36.6048	55.3892	10.6957	199.7402	507.0218
86D_3_FITC.tif	Positive	Positive	PathAnnotationObject	Polygon	622.06	207	2.3529	5.7529	0.8934	1.8917	1.7656	0.6325	29.625	237	31.7757	65	0	65	85.625	685	42.1424	132	39	93	29.75	238	31.3585	64	0	64	83.9187	33.5413	0.9374	11.6638	9.1969	0.5516	3.6574	8.107	65	0	14.7824	16.9204	132	3	1.2454	7.9755	64	0	2.6587	2.6565	9	0	12.0577	5.9909	31	3	0.149	0.4525	3	0	0.0289	5	71.7534	110.4241	117.7282	8.1159	1583.0148	6469.6206
86D_3_FITC.tif	Positive	Positive	PathAnnotationObject	Polygon	238.49	210.24	27.0579	21.4613	0.7382	8.0721	4.7784	0.7921	2.6351	195	4.3936	28	0	28	67.9189	5026	16.1116	114	32	82	2.1622	160	4.3385	29	0	29	166.661	49.8422	0.843	18.0707	12.3061	0.7465	2.5457	2.7183	28	0	32.2646	19.6937	114	5	0.5152	2.0571	29	0	2.5269	2.222	8	0	24.7904	9.6059	56	5	0.17	0.7265	7	0	0.1662	5	36.5789	34.0591	96.1712	7.0135	280.7307	927.8209
86D_3_FITC.tif	Positive	Positive	PathAnnotationObject	Polygon	632.72	210.31	3.5293	6.8528	0.9444	2.4261	2.0273	0.6658	17.8333	214	13.3132	49	3	46	53.1667	638	17.8419	92	36	56	8.8333	106	11.3445	38	0	38	98.8202	35.5286	0.9838	11.8745	10.7396	0.411	9.0117	7.0319	49	0	20.7031	12.1493	92	5	0.5039	3.0215	38	0	8.5779	6.3114	23	0	19.1066	9.2672	41	5	0.0943	0.3998	4	0	0.0318	5	38.5896	12.2491	119.5128	10.0244	114.2094	296.924
86D_3_FITC.tif	Positive	Positive	PathAnnotationObject	Polygon	283.73	210.6	9.0193	14.5015	0.539	5.4342	3.1098	0.847	4.1724	121	2.7133	11	0	11	40.7586	1182	7.3468	59	29	30	1.069	31	2.3135	9	0	9	52.1551	27.6256	0.8588	10.8079	6.2398	0.7793	2.9328	2.6675	11	0	25.6119	11.8917	59	8	0.2761	1.1594	9	0	2.5905	2.5634	9	0	21.4286	9.2016	39	8	0.0571	0.2332	1	0	0.1999	5	8.1551	7.3997	11.9961	4.7739	17.1361	39.5615
86D_3_FITC.tif	Positive	Positive	PathAnnotationObject	Polygon	269.92	212.29	12.5486	13.0302	0.9288	5.0099	2.9959	0.8154	6.4545	213	3.6665	17	0	17	52.5455	1734	6.8788	68	40	28	1.4848	49	2.7964	10	0	10	99.2123	36.7668	0.9223	12.8731	9.6884	0.6024	4.1063	4.0628	17	0	28.5472	14.1294	68	3	0.2441	1.1943	10	0	3.7557	4.0095	14	0	24.9638	11.1093	60	3	0.0588	0.4873	5	0	0.1111	7	24.1423	15.2815	70.7854	6.1787	254.7437	927.8209
86D_3_FITC.tif	Positive	Positive	PathAnnotationObject	Polygon	277.64	211.9	17.6465	15.8648	0.881	6.0601	3.7909	0.7817	3.0208	145	3.1588	10	0	10	48.9792	2351	7.0545	68	34	34	0.3333	16	1.191	6	0	6	47.4494	27.9065	0.7656	10.3241	6.4166	0.7811	3.736	3.0904	10	0	33.136	16.1007	68	8	0.152	0.7626	6	0	4.1818	2.9812	10	0	23.2597	11.6115	46	8	0.039	0.1948	1	0	0.3796	4	5.5811	5.9071	6.1787	4.3317	9.859	13.0915
86D_3_FITC.tif	Positive	Positive	PathAnnotationObject	Polygon	227.87	213.53	6.6664	10.8194	0.7156	4.3804	2.1798	0.8604	5.65	113	8.0804	31	0	31	50.65	1013	16.6458	89	28	61	6.4	128	8.6048	32	0	32	69.0173	31.5934	0.8689	12.1117	8.0655	0.7534	1.6201	3.3572	31	0	16.7877	14.6299	89	6	0.8212	3.4659	32	0	1.1132	1.591	7	0	12.5283	6.6635	39	6	0.1195	0.441	2	0	0.1001	4	60.0191	56.4904	123.2783	3.8173	105.2562	225.6902
86D_3_FITC.tif	Positive	Positive	PathAnnotationObject	Polygon	623.67	216.56	4.7057	9.0947	0.7149	3.724	1.505	0.9183	6.5333	98	7.3956	29	0	29	44.0667	661	11.1257	74	31	43	5.4667	82	7.6706	29	0	29	102.7416	36.8395	0.9513	13.3391	10.0194	0.659	2.1629	2.7796	29	0	14.4697	11.6563	74	1	0.5417	2.3606	29	0	1.8996	1.97	10	0	12.6867	8.9959	48	1	0.245	1.0161	10	0	0.0452	5	31.3013	14.93	108.4704	8.1159	258.4089	691.6952
86D_3_FITC.tif	Positive	Positive	PathAnnotationObject	Polygon	233.62	218.21	6.2743	8.3665	1	2.9627	2.3611	0.585	4.875	78	7.2927	21	0	21	54.625	874	15.4483	83	36	47	4.75	76	7.1227	21	0	21	54.1158	28.9369	0.8121	10.1083	8.2946	0.5425	1.1571	2.934	21	0	22.0143	15.683	83	5	0.6357	2.7983	21	0	0.6774	1.101	4	0	17.8065	9.6261	40	5	0.1048	0.4194	3	0	0.0873	4	43.1829	23.3303	122.2538	3.8173	696.5879	2421.8943
86D_3_FITC.tif	Positive	Positive	PathAnnotationObject	Polygon	282.13	217.99	6.2743	9.3314	0.9055	3.6452	2.1968	0.786	6.4118	109	4.6645	17	0	17	51	867	10.3259	72	37	35	2.5294	43	3.8262	13	0	13	16.0779	15.6962	0.8201	6.0462	3.4452	0.8388	4.0465	3.885	17	0	37.0698	14.6879	72	17	1	2.6726	13	0	2.5	2.2672	7	0	27.9615	8.7154	45	17	0	0	0	0	0.334	4	4.8126	4.6008	5.9042	4.1444	9.4806	12.8974
86D_3_FITC.tif	Positive	Positive	PathAnnotationObject	Polygon	287.36	221.71	17.2543	19.7805	0.5542	8.5218	3.3616	0.9361	2.5652	118	3.1739	12	0	12	45.5217	2094	12.1742	78	26	52	1.3043	60	2.8353	12	0	12	98.8202	38.3588	0.844	14.161	9.8073	0.7246	1.4264	2.3941	12	0	24.469	13.6182	78	7	0.345	1.5636	12	0	1.1792	2.1187	11	0	19.9009	8.7571	56	7	0.1368	1.0095	11	0	0.1738	6	10.4515	10.3662	17.2895	4.4277	44.7388	104.4818
86D_3_FITC.tif	Positive	Positive	PathAnnotationObject	Polygon	276.77	218.74	3.9214	7.5225	0.8708	2.7306	2.1329	0.5874	1.3077	17	1.5484	4	0	4	38.1538	496	4.0176	43	30	13	0.1538	2	0.5547	2	0	2	25.8815	19.7524	0.8336	7.4054	4.8828	0.7909	2.0145	1.9288	8	0	25.2029	10.242	44	10	0.2319	0.9873	5	0	2.1786	1.9827	8	0	22.1964	8.7934	44	10	0.25	1.066	5	0	0.1441	5	7.4739	8.0455	12.5996	4.1444	25.3981	51.9357
86D_3_FITC.tif	Positive	Positive	PathAnnotationObject	Polygon	637.46	221.67	6.2743	9.6356	0.8492	3.7299	2.1598	0.7932	6.2222	112	8.8088	28	0	28	54.4444	980	18.4876	94	32	62	6.5	117	9.1732	28	0	28	126.2702	39.9156	0.9959	13.6066	11.808	0.4693	3.3282	5.04	29	0	20.8081	12.0295	94	3	0.4551	2.6092	28	0	3.1574	4.6948	29	0	18.823	7.951	40	3	0.0984	0.4626	4	0	0.0473	4	17.959	15.3032	28.9803	12.2491	111.371	223.9049
86D_3_FITC.tif	Positive	Positive	PathAnnotationObject	Polygon	270.42	228.3	36.0772	36.8652	0.3336	16.7025	3.0763	0.9857	8.266	777	9.0473	43	0	43	107.8404	10137	38.0219	193	30	163	8.0851	760	9.6728	48	0	48	256.854	62.6995	0.821	24.3689	12.8824	0.8477	2.3704	4.5404	43	0	35.846	35.6093	193	9	1.2088	4.621	48	0	1.3843	1.9241	8	0	23.8043	15.0694	117	9	0.0587	0.416	5	0	0.1395	9	50.4029	37.1758	129.8896	12.5996	1136.4773	4128.8042
86D_3_FITC.tif	Positive	Positive	PathAnnotationObject	Polygon	624.7	230.7	8.235	11.4839	0.7847	4.0836	2.7947	0.7562	8.0417	193	11.8669	46	0	46	62.125	1491	23.9334	123	36	87	6.4167	154	12.3813	46	0	46	136.0738	41.5946	0.9883	13.6961	12.5243	0.3494	2.7564	3.9965	46	0	21.298	14.1233	123	8	0.4871	3.5917	46	0	2.3662	2.2218	10	0	18.2831	6.4026	51	8	0.0492	0.4202	6	0	0.0596	6	56.0612	43.1424	117.9957	14.9659	1405.4036	4406.0132
86D_3_FITC.tif	Positive	Positive	PathAnnotationObject	Polygon	288.51	232.66	3.1371	6.3748	0.9701	2.1669	1.8074	0.5809	10.3	103	12.428	35	0	35	45.6	456	18.289	80	28	52	9.8	98	12.8824	36	0	36	94.1144	35.1463	0.9574	11.9715	10.0399	0.4217	1.3099	3.3333	35	0	14.8099	8.5925	80	5	0.5165	3.1991	36	0	0.9224	1.3873	6	0	13.4828	4.6028	29	5	0.1164	0.5654	4	0	0.0298	5	32.3907	23.2734	55.6012	12.6869	467.361	1432.3159
86D_3_FITC.tif	Positive	Positive	PathAnnotationObject	Polygon	657.66	242.36	3.5293	6.8384	0.9484	2.4275	1.9017	0.6658	2.0909	23	3.3303	11	0	11	44.2727	487	7.5112	58	36	22	1.8182	20	3.4298	11	0	11	107.4473	36.77	0.9987	12.3996	11.2718	0.3141	2.1236	2.8553	12	0	24.0073	10.5318	58	4	0.24	1.0639	11	0	2.125	2.8411	12	0	23.1629	9.7735	53	4	0.1742	0.7896	6	0	0.0273	4	32.2745	32.0878	40.705	24.2174	221.0046	378.3001
86D_3_FITC.tif	Positive	Positive	PathAnnotationObject	Polygon	661.16	266.39	3.9214	7.6796	0.8356	3.0498	1.739	0.8062	2.4545	27	3.2669	9	0	9	43.4545	478	9.1363	62	30	32	2.4545	27	3.2669	9	0	9	108.6237	37.1267	0.9903	12.3883	10.6456	0.4444	0.7842	2.3906	17	0	14.8525	14.9882	84	1	0.6619	2.3672	18	0	0.7154	2.3302	17	0	13.6742	13.9848	84	1	0.588	2.3013	18	0	0.0299	7	101.2298	101.853	172.5851	24.2174	1316.5414	2632.7427
86D_3_FITC.tif	Positive	Positive	PathAnnotationObject	Polygon	534.56	277.32	7.4507	9.958	0.9442	3.6491	2.6686	0.6681	27.9524	587	2.7473	32	21	11	51.0952	1073	3.048	57	45	12	0.2381	5	0.7684	3	0	3	125.8781	39.9894	0.9892	13.5848	11.8981	0.3855	19.1894	7.3475	37	3	38.2236	10.7047	57	9	0.0745	0.3794	3	0	18.5781	7.1771	37	3	37.3256	10.4684	54	9	0.0631	0.3357	3	0	0.0534	11	166.5721	196.468	228.3215	89.5075	6767.9707	16958.5
86D_3_FITC.tif	Positive	Positive	PathAnnotationObject	Polygon	315.27	280.84	5.0979	8.7903	0.8291	3.5226	1.9334	0.8325	5.875	94	8.9508	31	0	31	47.5625	761	16.2889	83	27	56	5.75	92	9.1251	31	0	31	118.8195	38.9492	0.9842	13.54	11.4821	0.4752	1.459	2.603	31	0	19.3869	8.8697	83	9	0.3836	2.4239	31	0	1.2145	1.3549	7	0	17.827	4.7622	37	9	0.0865	0.4201	3	0	0.0405	7	67.2766	69.1021	82.7276	49.3679	1158.7941	2717.948
86D_3_FITC.tif	Positive	Positive	PathAnnotationObject	Polygon	338	323.65	18.4307	16.2922	0.8726	5.8539	4.5272	0.6892	3.9216	200	5.7822	18	0	18	89.2157	4550	28.7773	146	46	100	4	204	5.7896	18	0	18	141.5638	43.6272	0.9346	15.4574	11.4538	0.6818	2.7431	3.1089	18	0	34.6906	26.0488	146	13	0.5884	2.5675	18	0	2.5498	2.3657	9	0	25.7492	9.343	62	13	0.0289	0.2027	2	0	0.1282	4	40.7998	41.9807	71.7659	7.4719	706.4747	1732.3655
86D_3_FITC.tif	Positive	Positive	PathAnnotationObject	Polygon	345.79	329.11	6.6664	10.5398	0.7541	4.1212	2.4038	0.7851	4.3158	82	5.0996	14	0	14	44.3684	843	12.1024	69	29	40	3.2105	61	4.9394	14	0	14	101.5652	37.5685	0.9043	14.0039	8.908	0.7685	2.9618	2.7063	14	0	21.0153	8.2597	69	10	0.2939	1.5639	14	0	2.856	2.4103	9	0	19.1893	4.0642	33	10	0.0658	0.3211	2	0	0.0674	6	76.4743	45.4326	196.468	7.4719	2961.0559	12648.2041
86D_3_FITC.tif	Positive	Positive	PathAnnotationObject	Polygon	191.06	330.5	18.8229	19.8023	0.6032	6.0378	4.5633	0.7119	9.5	494	6.2919	27	0	27	86.3654	4491	21.0173	133	45	88	2.8654	149	4.927	22	0	22	134.5052	43.2721	0.9027	15.0679	11.0297	0.6717	9.8052	4.0851	27	0	39.5872	24.2263	133	17	0.4448	2.1618	22	0	9.8596	3.5654	17	0	31.2568	12.3986	89	17	0.0137	0.1429	2	0	0.1386	5	90.5499	122.2538	129.8896	4.9602	1721.887	4128.8042
86D_3_FITC.tif	Positive	Positive	PathAnnotationObject	Polygon	197.04	336.29	4.7057	8.588	0.8018	3.1654	1.9335	0.7606	13.0667	196	4.7429	23	5	18	57	855	11.3263	75	42	33	4.0667	61	4.6823	12	0	12	72.9387	33.6327	0.8103	13.1408	7.3372	0.8208	9.2941	4.5666	23	0	28.5562	10.6448	75	13	0.3636	1.7059	12	0	8.9651	4.4141	17	0	26.0756	5.9658	54	13	0.0407	0.2503	2	0	0.0619	4	63.3643	78.8089	90.8793	4.9602	702.3632	1783.8384
86D_3_FITC.tif	Positive	Positive	PathAnnotationObject	Polygon	262.22	341.29	7.4507	11.9683	0.6536	4.2557	2.671	0.8956	13.28	332	15.2111	52	0	52	89.16	2229	30.4599	147	55	92	13	325	14.9833	51	0	51	89.4087	35.5236	0.8903	13.2017	9.3514	0.7155	2.1043	6.3937	52	0	28.4957	24.9934	147	9	1.4261	6.3212	51	0	0.7415	1.2233	8	0	21.0976	9.2773	64	9	0.0146	0.1559	2	0	0.0927	7	56.7465	68.5419	114.5717	3.5212	1291.3062	4128.8042
86D_3_FITC.tif	Positive	Positive	PathAnnotationObject	Polygon	271.78	344.82	9.8036	13.6449	0.6617	5.5462	2.5396	0.9049	11.2857	316	14.3858	48	0	48	95.9643	2687	35.9037	167	41	126	11.5714	324	14.2632	48	0	48	101.173	38.3795	0.8631	14.1519	9.2961	0.7412	1.8352	5.7899	48	0	33.9885	26.1927	167	16	1.2759	5.827	48	0	0.6996	1.1872	5	0	26.5408	9.978	81	16	0.0386	0.2143	2	0	0.0927	6	41.3299	44.2475	78.1472	3.4692	573.226	1732.3655
86D_3_FITC.tif	Positive	Positive	PathAnnotationObject	Polygon	591.94	343.59	5.8822	8.5648	1	2.9944	2.4437	0.5372	1.375	22	1.4083	4	0	4	52.625	842	2.2472	56	49	7	0	0	0	0	0	0	70.978	32.1448	0.8632	12.3207	7.6658	0.7503	1.8462	1.7616	8	0	35.544	11.0296	56	15	0.0769	0.5199	5	0	1.8916	1.7889	8	0	33.8976	10.0981	53	15	0.0843	0.5439	5	0	0.0722	8	111.2794	110.6279	204.9258	3.7553	3687.1174	9155.7988
86D_3_FITC.tif	Positive	Positive	PathAnnotationObject	Polygon	265.15	347.46	1.5686	4.211	1	1.5507	1.0437	0	9.6	48	8.1425	21	0	21	50.8	254	9.2304	67	44	23	9.6	48	7.893	21	0	21	23.5286	18.8722	0.8302	6.6462	5.4504	0.5729	1.1587	3.4323	21	0	24.1746	9.3938	67	16	0.7778	3.2944	21	0	0.431	1.1715	5	0	21.8793	4.7391	44	16	0.0172	0.1313	1	0	0.0485	4	23.4944	20.4364	49.6357	3.4692	213.1664	735.4125
86D_3_FITC.tif	Positive	Positive	PathAnnotationObject	Polygon	598.86	346.62	7.8429	12.2081	0.6613	4.0026	3.1894	0.5637	2.6154	68	2.6844	10	0	10	50.5385	1314	6.7423	63	39	24	0.7692	20	1.8179	7	0	7	96.0751	38.8419	0.8002	13.6334	9.5861	0.7119	2.1606	2.0276	10	0	32.498	13.2236	63	6	0.1486	0.7337	7	0	2.1076	1.9376	8	0	30.3946	12.1517	51	6	0.0762	0.4229	3	0	0.0842	5	46.7864	48.0581	101.853	3.7553	622.606	2388.936
86D_3_FITC.tif	Positive	Positive	PathAnnotationObject	Polygon	322.25	353.12	9.8036	13.9789	0.6305	5.2167	3.3738	0.6841	5.129	159	7.442	29	0	29	64.2258	1991	21.3865	112	35	77	4.7097	146	7.6035	29	0	29	110.9766	40.8051	0.8376	14.7537	8.6674	0.8173	2.7133	3.4226	29	0	26.7028	16.314	112	8	0.5664	2.8851	29	0	2.4196	2.4091	10	0	22.1412	7.2026	48	8	0.0627	0.4017	4	0	0.0905	6	29.9005	33.2478	53.2292	5.8041	333.0482	877.0591
86D_3_FITC.tif	Positive	Positive	PathAnnotationObject	Polygon	322.61	362.39	11.3722	14.2585	0.7029	5.7678	2.4428	0.9119	4.625	148	5.5692	22	0	22	55.5625	1778	13.3633	89	34	55	4.4688	143	5.853	23	0	23	110.9766	38.82	0.9254	13.6692	10.6456	0.5434	1.8042	2.7319	22	0	23.528	14.2054	89	7	0.6154	2.4421	23	0	1.4488	1.8638	8	0	19.4921	7.6998	43	7	0.1299	0.6372	6	0	0.1006	5	19.8939	21.6214	30.0069	5.8041	141.3213	350.2423
86D_3_FITC.tif	Positive	Positive	PathAnnotationObject	Polygon	339.48	362.04	5.49	8.7089	0.9096	3.2703	2.1469	0.6114	3.1875	51	5.0757	17	0	17	43.5	696	9.6402	66	31	35	3.0625	49	5.0658	17	0	17	118.4273	38.8096	0.9881	13.2901	11.2718	0.4914	1.1053	2.2955	17	0	20.0197	11.9432	66	3	0.4474	1.8555	17	0	0.9896	1.9904	15	0	18.7153	10.6438	58	3	0.3021	1.3751	15	0	0.0419	8	75.5282	29.2408	212.6084	17.1888	3030.3269	16958.5
86D_3_FITC.tif	Positive	Positive	PathAnnotationObject	Polygon	621.65	362.96	15.2936	16.6521	0.6931	7.0513	2.8382	0.9232	7.4878	307	10.6657	39	0	39	93.7073	3842	34.9987	150	34	116	7.3902	303	10.7375	39	0	39	131.3681	41.6695	0.9507	14.4836	12.0121	0.4469	2.358	4.8764	39	0	29.5473	29.2954	150	3	0.932	4.4179	39	0	1.6498	2.7482	12	0	20.6902	12.7538	78	3	0.0404	0.2568	3	0	0.1082	4	21.1677	21.8873	30.9447	9.9514	155.857	267.7137
86D_3_FITC.tif	Positive	Positive	PathAnnotationObject	Polygon	643.31	363.23	7.8429	10.226	0.9425	3.811	2.2995	0.8299	9.3	186	14.7116	48	0	48	45.1	902	24.5612	99	17	82	8.65	173	13.8346	45	0	45	126.6623	40.2584	0.9821	13.8762	11.7756	0.4425	1.1877	4.3353	48	0	11.4523	12.4448	99	1	0.8092	4.0514	45	0	0.6557	1.3751	13	0	9.2459	6.9274	65	1	0.2951	1.1054	14	0	0.0458	6	49.5162	44.8775	98.5063	21.2477	904.3273	2388.936
86D_3_FITC.tif	Positive	Positive	PathAnnotationObject	Polygon	293.91	370.02	5.49	9.0872	0.8355	3.2703	2.5049	0.6114	4.8889	88	6.9188	25	0	25	43.6111	785	13.7547	76	30	46	4.2222	76	6.7349	24	0	24	118.4273	39.0015	0.9784	13.1181	11.2718	0.3207	0.9013	2.2523	25	0	14.4276	9.7633	76	4	0.3882	1.9245	24	0	0.6503	1.2126	8	0	12.5909	5.7342	34	4	0.1469	0.495	3	0	0.0423	7	33.5841	31.9021	40.019	28.8121	353.7339	735.4125
86D_3_FITC.tif	Positive	Positive	PathAnnotationObject	Polygon	626.14	374.95	25.8815	25.8562	0.4865	9.6169	4.6548	0.933	9.1791	615	10.2542	46	0	46	115.5821	7744	37.1602	178	36	142	9.7463	653	10.4306	46	0	46	185.0917	51.2596	0.8852	18.4528	13.9759	0.6672	2.6308	5.102	46	0	35.692	37.7702	178	5	1.4451	5.1692	46	0	1.5528	2.2342	10	0	22.5405	14.5219	110	5	0.0786	0.448	4	0	0.1286	4	20.269	17.1473	36.83	9.9514	176.5228	388.879
86D_3_FITC.tif	Positive	Positive	PathAnnotationObject	Polygon	326.54	380.55	10.5879	13.8395	0.6947	5.1089	3.3348	0.6894	0.9032	28	2.3001	9	0	9	47.3871	1469	15.0326	85	27	58	0.9355	29	2.3796	9	0	9	97.6437	39.2881	0.7949	15.1093	9.0432	0.8101	0.5198	1.209	9	0	21.8452	13.5575	85	4	0.2421	1.1009	9	0	0.4661	0.9606	8	0	18.2624	8.6062	72	4	0.1448	0.7304	8	0	0.1108	4	15.8768	17.0895	24.5097	4.8185	95.5232	181.3437
86D_3_FITC.tif	Positive	Positive	PathAnnotationObject	Polygon	321.83	385.87	25.4893	20.5149	0.7611	7.8936	4.658	0.7335	0.7826	54	1.5518	7	0	7	59.2754	4090	12.7301	86	29	57	0.7101	49	1.5445	7	0	7	97.6437	43.6033	0.6454	17.169	7.38	0.9224	0.6917	1.351	7	0	28.6561	21.7443	86	5	0.249	0.907	7	0	0.6576	1.2706	6	0	17.1739	10.2377	56	5	0.0761	0.3691	3	0	0.2571	6	16.1468	12.8884	31.7311	4.8185	106.5635	350.2423
86D_3_FITC.tif	Positive	Positive	PathAnnotationObject	Polygon	337.7	383.48	3.9214	7.0117	1	2.5646	1.8786	0.5874	12.1818	134	16.9872	37	0	37	56.0909	617	24.8413	94	33	61	12.1818	134	16.9872	37	0	37	103.1337	36.4757	0.9741	12.3344	10.6456	0.358	0.8872	4.1275	37	0	16.7105	10.6878	94	6	0.5752	4.1048	37	0	0.4	0.8065	4	0	15.0118	4.9822	38	6	0.0745	0.3636	3	0	0.029	6	33.5104	22.3058	89.4135	12.5576	294.5627	617.4684
86D_3_FITC.tif	Positive	Positive	PathAnnotationObject	Polygon	622.4	386.9	9.0193	11.7936	0.8149	4.7382	2.3241	0.8743	5.48	137	7.9063	32	0	32	69.16	1729	22.2199	120	35	85	5.36	134	7.9051	32	0	32	133.7209	41.8613	0.9589	14.8064	11.3687	0.6327	2.7427	3.1171	32	0	26.4444	14.778	120	12	0.4064	2.5276	32	0	2.5268	2.2579	10	0	23.0757	6.5139	52	12	0.0158	0.2314	4	0	0.062	7	44.5596	41.2646	106.5341	13.0469	680.9611	2186.1575
86D_3_FITC.tif	Positive	Positive	PathAnnotationObject	Polygon	311.11	391.02	27.45	26.7349	0.4826	11.4769	4.1769	0.9377	4.1169	317	6.2911	25	0	25	107.6753	8291	36.465	179	24	155	4.6883	361	6.2308	25	0	25	158.8181	49.9466	0.8	17.8911	12.5529	0.7327	1.4265	3.2857	25	0	40.5417	39.759	179	8	0.9534	3.2678	25	0	0.8006	1.4552	8	0	24.9245	18.6316	95	8	0.0846	0.4659	5	0	0.167	5	29.7649	28.8121	54.1322	4.4688	188.9595	573.3357
86D_3_FITC.tif	Positive	Positive	PathAnnotationObject	Polygon	262.92	393.2	9.4114	13.0162	0.6981	5.4227	2.3633	0.8873	7.1481	193	10.0679	36	0	36	83.3333	2250	23.6204	127	46	81	7	189	10.2056	36	0	36	103.918	41.021	0.776	15.2532	9.1626	0.8361	1.6692	3.9405	36	0	28.5977	22.5683	127	8	0.7406	3.8358	36	0	1.0502	1.5576	6	0	22.4142	11.3085	83	8	0.0335	0.2402	2	0	0.0886	6	47.9452	50.6707	89.0758	5.0493	580.582	1783.8384
86D_3_FITC.tif	Positive	Positive	PathAnnotationObject	Polygon	318.45	395.54	2.745	6.1668	0.907	2.1405	1.6236	0.3531	1.3333	12	2	6	0	6	39.1111	352	8.0691	52	28	24	0.7778	7	1.9861	6	0	6	52.5472	26.3517	0.9509	9.8537	7.0848	0.6678	0.4559	1.2931	11	0	14.7206	12.2164	52	3	0.1912	1.119	11	0	0.3937	1.216	11	0	12.9921	10.5006	50	3	0.1496	1.0319	11	0	0.0478	6	34.1827	30.0978	73.61	4.4688	585.5511	2098.0974
86D_3_FITC.tif	Positive	Positive	PathAnnotationObject	Polygon	260.19	401.34	16.0779	20.3256	0.489	7.5782	4.1521	0.8721	7.1628	308	6.1525	23	0	23	84.2093	3621	33.2649	137	35	102	6.1628	265	7.5559	24	0	24	132.5445	44.6454	0.8356	16.5026	9.9009	0.8161	3.2463	3.5963	23	0	37.3636	23.3893	137	11	0.8387	3.3616	24	0	2.6812	2.629	11	0	30.604	10.306	73	11	0.0705	0.4083	4	0	0.1177	5	59.9264	57.0099	92.5614	5.0493	630.5347	2098.0974
86D_3_FITC.tif	Positive	Positive	PathAnnotationObject	Polygon	647.1	403.26	14.5093	17.6978	0.5821	7.5742	2.5364	0.9441	6.1429	258	9.9427	44	0	44	89.0238	3739	30.5514	166	42	124	6.881	289	10.5742	46	0	46	174.1117	48.1829	0.9424	17.7531	12.536	0.7032	1.8921	3.7725	44	0	34.9933	23.0206	166	2	0.7303	3.8143	46	0	1.4491	1.8845	8	0	29.3623	12.3827	75	2	0.0893	0.5481	8	0	0.0864	5	30.8043	31.0806	40.4341	15.8119	278.6835	449.7304
86D_3_FITC.tif	Positive	Positive	PathAnnotationObject	Polygon	341.17	421.18	23.1365	21.3367	0.6386	9.3205	3.9411	0.8857	6.2923	409	7.7696	31	0	31	107.6615	6998	32.0777	156	33	123	6.0923	396	7.8057	31	0	31	203.9146	52.7255	0.9218	19.7351	13.856	0.7228	1.5383	3.5489	31	0	35.3755	31.0472	156	10	0.795	3.4012	31	0	0.8621	1.4958	8	0	25.0941	10.3028	74	10	0.0416	0.3114	5	0	0.113	5	46.1748	49.1985	55.216	37.1776	644.1536	1089.8906
86D_3_FITC.tif	Positive	Positive	PathAnnotationObject	Polygon	647.62	419.31	9.4114	13.0187	0.6978	5.5865	2.0122	0.9265	5.4815	148	7.5262	28	0	28	62.5926	1690	13.6615	98	44	54	5.4074	146	7.4331	28	0	28	144.7009	43.2199	0.9735	15.4218	11.9052	0.6258	0.6541	2.5095	28	0	23.9838	14.2012	98	4	0.4784	2.4508	28	0	0.2741	0.7097	5	0	20.9446	8.7442	45	4	0.0904	0.4595	4	0	0.0629	6	39.3399	32.0111	91.1381	15.8119	673.8058	1850.2816
86D_3_FITC.tif	Positive	Positive	PathAnnotationObject	Polygon	671.11	423.05	7.4507	9.9447	0.9467	3.8118	2.3149	0.8295	38.2105	726	5.1053	47	25	22	63.8421	1213	4.2461	72	56	16	0.5789	11	1.5747	5	0	5	121.1723	39.5995	0.971	13.6417	11.2718	0.4642	30.5723	14.7607	67	5	48.074	12.3697	72	18	0.0707	0.4488	5	0	30.0753	15.0477	67	5	47.0479	12.0248	72	18	0.0377	0.208	2	0	0.046	7	45.6664	23.8025	157.0969	11.2191	397.7209	1875.9312
86D_3_FITC.tif	Positive	Positive	PathAnnotationObject	Polygon	674.44	431.84	1.5686	3.4554	1	1.2976	0.9579	0	21	84	2.1602	24	19	5	63.75	255	6.1847	69	57	12	1.25	5	2.5	5	0	5	36.8615	22.8382	0.8881	8.9571	5.7715	0.7466	17.4796	5.9191	28	4	43.8367	9.5817	69	24	0.0918	0.5759	5	0	17.3298	5.9863	28	4	42.9894	8.7602	69	24	0.0426	0.2902	2	0	0.0168	3	6.7761	5.7184	11.2191	3.3908	12.2951	16.2968
86D_3_FITC.tif	Positive	Positive	PathAnnotationObject	Polygon	670.03	437.46	10.1957	14.835	0.5822	6.0886	2.7231	0.9201	12.8125	410	7.4116	35	3	32	102.7812	3289	26.8901	161	61	100	6.1875	198	9.3513	35	0	35	76.8601	32.5369	0.9123	10.9264	9.1479	0.5001	11.9242	8.1713	35	0	54.6616	31.423	161	2	1.0909	4.3574	35	0	11.753	8.3197	28	0	45.3855	22.5259	94	2	0.1084	0.4802	3	0	0.1383	5	12.9077	11.1257	30.5098	3.3908	69.5013	168.8565
86D_3_FITC.tif	Positive	Positive	PathAnnotationObject	Polygon	678.71	439.05	7.8429	10.7816	0.8479	4.1593	2.4347	0.7871	10	220	10.5469	32	0	32	106.3182	2339	26.9026	152	58	94	10.5	231	10.4915	33	0	33	66.6644	32.924	0.7728	12.1657	8.0796	0.794	3.6307	6.1547	32	0	35.5057	32.3458	152	4	1.4375	5.0218	33	0	2.7208	4.6252	21	0	25.3896	16.5325	74	4	0.1429	0.4908	2	0	0.1004	5	42.8156	13.9186	172.5851	5.4522	107.1244	444.8311
86D_3_FITC.tif	Positive	Positive	PathAnnotationObject	Polygon	666.7	447.08	12.1564	15.5844	0.629	5.7887	3.632	0.8685	7.6944	277	7.8443	25	0	25	77.7222	2798	25.2899	125	34	91	7.8611	283	7.7943	25	0	25	154.8967	46.3243	0.9071	15.936	12.6969	0.6289	1.0303	3.2646	25	0	17.3182	22.6982	125	1	0.8965	3.2805	25	0	0.3639	0.9101	8	0	11.2778	10.102	65	1	0.2	0.7531	8	0	0.0809	6	60.3508	61.5947	120.1422	11.1257	426.1956	1487.222
86D_3_FITC.tif	Positive	Positive	PathAnnotationObject	Polygon	377.99	463.37	14.1172	15.1591	0.772	5.532	4.1148	0.6168	3.6098	148	4.0551	16	0	16	66.439	2724	17.8662	95	34	61	3.0732	126	4.384	16	0	16	159.6024	45.5302	0.9675	15.3566	13.5768	0.3778	1.3292	2.1346	16	0	25.9951	16.3579	95	9	0.4324	1.7206	16	0	1.0738	1.6175	7	0	21.4645	7.6379	48	9	0.1366	0.5617	4	0	0.0932	9	63.8077	56.2926	108.3279	33.3068	779.1147	3045.0396
86D_3_FITC.tif	Positive	Positive	PathAnnotationObject	Polygon	321.35	466.62	19.9993	19.864	0.6369	6.9896	5.0079	0.5831	9.807	559	8.5491	38	0	38	104.614	5963	34.0266	178	43	135	5.7895	330	8.097	33	0	33	145.0931	46.2019	0.8542	15.7942	11.8025	0.6502	6.7547	5.2815	38	0	34.1698	35.7224	178	3	0.9326	3.7809	33	0	6.2006	4.23	21	0	21.3822	15.2835	97	3	0.051	0.3054	3	0	0.1512	5	46.4604	49.1985	92.5614	5.6002	800.4499	2098.0974
86D_3_FITC.tif	Positive	Positive	PathAnnotationObject	Polygon	327.72	470.91	7.4507	11.3934	0.7213	4.1849	2.65	0.8325	8.4348	194	6.9598	27	0	27	76.1739	1752	15.1797	111	51	60	3.5652	82	6.0289	21	0	21	47.8415	31.7688	0.5957	13.0901	5.188	0.9469	5.4286	4.6363	27	0	33.8492	26.6549	111	1	0.746	2.8815	21	0	4.7573	3.6608	13	0	24.3981	18.079	67	1	0.1165	0.3784	2	0	0.1393	3	26.8368	5.8446	69.0658	5.6002	8.0856	11.6362
86D_3_FITC.tif	Positive	Positive	PathAnnotationObject	Polygon	335.3	472.66	14.1172	16.9693	0.6161	7.3935	2.6779	0.9385	8.9487	349	5.8846	28	0	28	66.7436	2603	21.5024	114	24	90	3.8718	151	6.118	25	0	25	124.7016	41.2803	0.9196	15.0609	11.2718	0.6245	6.6062	4.7582	28	0	24.4	20.5163	114	2	0.5719	2.5439	25	0	6.2811	4.4971	16	0	18.5231	11.5065	59	2	0.1139	0.752	8	0	0.1041	5	35.4029	45.8385	63.2318	5.8446	424.4523	1089.8906
86D_3_FITC.tif	Positive	Positive	PathAnnotationObject	Polygon	587.95	485.79	10.5879	12.5141	0.8496	4.6036	3.3118	0.6894	5.7241	166	2.8648	11	1	10	70.931	2057	5.5028	80	60	20	0.3793	11	0.7277	3	0	3	101.9573	38.8033	0.8509	13.398	10.2534	0.6404	6.875	2.7979	14	0	54.6402	10.0426	80	32	0.1326	0.4869	3	0	7.017	2.7626	14	0	52.6298	8.5312	75	32	0.1021	0.4412	3	0	0.1021	6	84.9215	90.4075	142.7675	4.3908	1814.9104	5186.1929
86D_3_FITC.tif	Positive	Positive	PathAnnotationObject	Polygon	449.99	488.18	17.6465	17.2713	0.7434	6.6337	3.9445	0.7219	1.5714	77	1.72	7	0	7	55.7755	2733	10.5441	76	31	45	0.1837	9	0.6349	3	0	3	131.3681	43.7085	0.8641	16.0848	10.922	0.721	2.012	2.1266	11	0	29.8263	14.8617	76	8	0.0659	0.3818	4	0	2.0877	2.1825	11	0	25.3649	10.1998	58	8	0.0456	0.3163	4	0	0.1277	9	98.1954	68.6308	228.3215	5.1053	3592.8865	16958.5
86D_3_FITC.tif	Positive	Positive	PathAnnotationObject	Polygon	443.09	489.94	9.4114	13.1217	0.6869	5.259	2.786	0.8583	1.7857	50	2.0066	6	0	6	60.1429	1684	6.1747	68	43	25	0.2143	6	0.5681	2	0	2	52.1551	38.3617	0.4454	15.4517	4.9487	0.9713	2.0949	2.575	9	0	35.6058	17.2994	68	8	0.1022	0.442	3	0	2.1743	2.7041	9	0	29.3028	13.082	58	8	0.0734	0.4015	3	0	0.1754	4	25.7817	13.413	72.7125	3.5882	164.6132	538.2468
86D_3_FITC.tif	Positive	Positive	PathAnnotationObject	Polygon	437.62	491.28	8.6272	13.173	0.6248	4.4789	3.1442	0.7693	2.0741	56	2.5709	10	0	10	54.3333	1467	5.5884	66	45	21	0.9259	25	1.7525	6	0	6	86.2716	34.8425	0.893	13.3497	8.5595	0.7538	4.4664	4.3244	18	0	31.3587	13.2833	66	5	0.1839	0.7811	6	0	4.7959	4.4167	18	0	28.1939	10.6566	59	5	0.0816	0.4455	5	0	0.1072	5	22.5066	14.6351	67.346	3.5882	102.2305	294.4077
86D_3_FITC.tif	Positive	Positive	PathAnnotationObject	Polygon	425.92	493.11	27.45	27.7351	0.4484	10.0063	5.4121	0.8602	3.6351	269	9.621	54	0	54	67.5135	4996	19.2113	146	46	100	3.027	224	9.6769	54	0	54	189.0132	57.5067	0.7182	20.5693	14.0298	0.7976	4.5629	5.3303	54	0	39.6041	17.4343	146	7	0.5567	3.9296	54	0	4.7299	4.108	18	0	34.5791	11.2783	69	7	0.1119	0.5057	4	0	0.1445	4	23.8718	16.9359	56.2926	5.3228	183.3886	364.7867
86D_3_FITC.tif	Positive	Positive	PathAnnotationObject	Polygon	582.74	491.94	5.49	9.3217	0.794	3.4548	2.1323	0.8423	3	54	2.4734	8	0	8	67.1667	1209	4.5794	76	57	19	0.4444	8	1.4642	6	0	6	79.213	33.7679	0.873	12.4416	8.3396	0.7316	2.8585	2.665	11	0	48.878	11.7055	76	22	0.2537	0.9362	6	0	2.8449	2.6886	11	0	47.1176	10.6244	68	22	0.2353	0.8727	6	0	0.0696	4	49.2651	49.4703	93.729	4.3908	277.6638	562.2903
86D_3_FITC.tif	Positive	Positive	PathAnnotationObject	Polygon	392.82	493.15	2.3529	5.0097	1	1.6785	1.476	0.6325	30	210	28.3255	60	0	60	87.5714	613	37.9379	128	43	85	30.1429	211	28.4396	60	0	60	97.2516	35.0031	0.9975	11.5314	10.6456	0.1222	1.0723	6.648	60	0	17.9157	16.3851	128	2	1.0643	6.6705	60	0	0.2355	0.7044	5	0	15.9008	9.769	43	2	0.2231	0.6177	3	0	0.0172	4	44.9565	48.2693	69.0658	14.2216	308.9115	737.5271
86D_3_FITC.tif	Positive	Positive	PathAnnotationObject	Polygon	406.76	496.82	17.6465	18.5687	0.6431	7.3155	3.5777	0.8906	12.8696	592	3.2084	19	4	15	50.0652	2303	6.5977	63	40	23	0.2609	12	0.8547	4	0	4	180.7781	48.9001	0.95	17.3831	13.2769	0.6413	4.784	4.9075	19	0	26.1879	16.377	63	1	0.1382	0.5644	5	0	3.8921	4.196	17	0	23.554	14.9384	52	1	0.1247	0.5224	5	0	0.0921	4	23.6061	18.0874	44.028	14.2216	195.1014	364.7867
86D_3_FITC.tif	Positive	Positive	PathAnnotationObject	Polygon	421.97	500.79	9.0193	11.683	0.8304	4.2071	3.2385	0.5562	5.75	138	2.5065	11	3	8	50.0833	1202	3.9112	59	42	17	0.2917	7	1.0417	5	0	5	71.7623	31.3066	0.9201	11.4306	8.767	0.5539	3.5269	2.8364	11	0	32.8172	13.7844	59	2	0.4032	1.3371	10	0	3.1975	2.7388	11	0	30.2593	12.8501	54	2	0.4198	1.3774	10	0	0.1222	5	30.4219	18.293	89.8345	5.3228	155.7943	538.2468
86D_3_FITC.tif	Positive	Positive	PathAnnotationObject	Polygon	514.9	502.28	13.725	17.0653	0.5922	6.4802	3.5477	0.8919	12.619	530	4.5045	21	3	18	61.2619	2573	6.0246	74	50	24	0.4048	17	0.9892	4	0	4	122.7409	41.2905	0.9047	13.9882	11.2718	0.3648	8.3028	5.7017	22	0	42.082	10.7744	74	18	0.1293	0.5728	5	0	7.6436	5.5825	22	0	39.1527	7.9656	58	18	0.0873	0.4676	5	0	0.1223	8	59.2736	59.1801	177.0638	7.0464	1272.2898	5692.5532
86D_3_FITC.tif	Positive	Positive	PathAnnotationObject	Polygon	504.79	503.32	10.5879	11.8915	0.9409	4.6083	2.9436	0.7396	14.9643	419	10.2722	45	1	44	110.3929	3091	24.4969	154	68	86	8.5357	239	10.6022	43	0	43	99.9966	37.0181	0.917	12.9857	9.3932	0.6295	8.8398	6.3321	45	0	51.832	23.4992	154	31	1.1016	4.426	43	0	8.0877	5.2246	20	0	44.6404	8.6019	74	31	0.1886	0.9909	10	0	0.0957	3	26.604	12.7637	60.0019	7.0464	139.4671	300.9557
86D_3_FITC.tif	Positive	Positive	PathAnnotationObject	Polygon	564.75	509.73	12.5486	12.9087	0.9463	4.9131	3.1933	0.772	12.6	441	13.513	56	0	56	134.0571	4692	34.0743	187	76	111	12.5429	439	12.7887	55	0	55	146.2695	43.1705	0.9863	14.5897	12.5243	0.4682	1.9278	6.1681	56	0	39.2086	38.4278	187	2	1.7032	6.0325	55	0	0.826	3.2566	40	0	29.4159	22.0244	106	2	0.5841	3.207	40	0	0.0789	5	59.8167	51.7184	120.1422	27.3132	308.549	562.2903
86D_3_FITC.tif	Positive	Positive	PathAnnotationObject	Polygon	519.93	513.67	17.2543	17.542	0.7046	6.8202	3.6878	0.8785	13	611	19.311	77	0	77	136.9149	6435	46.1462	232	51	181	15.2979	719	20.6923	85	0	85	129.0152	41.7003	0.9323	14.6307	12.1418	0.4974	3.1476	8.5509	77	0	45.9217	44.9002	232	4	2.2831	9.391	85	0	1.5228	2.4703	12	0	30.9158	20.2124	106	4	0.1368	0.8835	12	0	0.1269	3	21.8916	12.4859	46.7265	6.4624	108.4714	279.3907
86D_3_FITC.tif	Positive	Positive	PathAnnotationObject	Polygon	510.16	515.29	6.6664	9.7632	0.8789	3.8763	2.0529	0.7848	7.2632	138	9.146	32	0	32	67.7368	1287	18.779	107	42	65	6.6842	127	9.3871	32	0	32	87.8401	35.8635	0.8582	13.4238	8.3661	0.7743	4.2863	5.0835	32	0	25.2599	19.7403	107	3	0.7445	3.2514	32	0	4.0144	4.478	16	0	21.3798	14.6302	52	3	0.2019	0.5878	3	0	0.0588	7	45.1673	53.183	89.8345	6.4624	222.5259	538.2468
