Image	Object ID	Object type	Name	Classification	Parent	ROI	Centroid X µm	Centroid Y µm	Nucleus: Area	Nucleus: Perimeter	Nucleus: Circularity	Nucleus: Max caliper	Nucleus: Min caliper	Nucleus: Eccentricity	Nucleus: Red mean	Nucleus: Red sum	Nucleus: Red std dev	Nucleus: Red max	Nucleus: Red min	Nucleus: Red range	Nucleus: Green mean	Nucleus: Green sum	Nucleus: Green std dev	Nucleus: Green max	Nucleus: Green min	Nucleus: Green range	Nucleus: Blue mean	Nucleus: Blue sum	Nucleus: Blue std dev	Nucleus: Blue max	Nucleus: Blue min	Nucleus: Blue range	Cell: Area	Cell: Perimeter	Cell: Circularity	Cell: Max caliper	Cell: Min caliper	Cell: Eccentricity	Cell: Red mean	Cell: Red std dev	Cell: Red max	Cell: Red min	Cell: Green mean	Cell: Green std dev	Cell: Green max	Cell: Green min	Cell: Blue mean	Cell: Blue std dev	Cell: Blue max	Cell: Blue min	Cytoplasm: Red mean	Cytoplasm: Red std dev	Cytoplasm: Red max	Cytoplasm: Red min	Cytoplasm: Green mean	Cytoplasm: Green std dev	Cytoplasm: Green max	Cytoplasm: Green min	Cytoplasm: Blue mean	Cytoplasm: Blue std dev	Cytoplasm: Blue max	Cytoplasm: Blue min	Nucleus/Cell area ratio	Delaunay: Num neighbors	Delaunay: Mean distance	Delaunay: Median distance	Delaunay: Max distance	Delaunay: Min distance	Delaunay: Mean triangle area	Delaunay: Max triangle area
88_3_FITC.tif	975041f1-90b5-428b-87ea-c2354f36b1e8	Cell		Positive	Annotation	Polygon	253.07	125.84	2.0709	6.8733	0.5508	3.0467	0.8151	NaN	13.9167	167	11.261	29	1	28	64.25	771	15.9837	86	39	47	13.8333	166	11.4004	29	0	29	38.1041	26.9118	0.6611	11.189	4.1354	NaN	2.3495	4.9321	29	0	22.0161	13.2312	86	6	1.1237	4.4297	29	0	1.5517	2.8336	14	0	19.1034	6.2214	42	6	0.2471	0.8614	6	0	0.0523	5	277.9688	229.9702	768.8273	21.8914	4187.6216	12612.4756
88_3_FITC.tif	575d0ab5-a882-4e82-9c57-2bf457f635d1	Cell		Positive	Annotation	Polygon	250.36	144.2	6.2126	12.5688	0.4942	5.9197	1.2159	NaN	27.5161	853	24.6142	72	0	72	114.6129	3553	31.7382	167	64	103	27.9355	866	24.6305	72	0	72	80.557	46.9176	0.4599	22.0161	4.5559	NaN	3.0588	10.0822	72	0	28.4501	28.6828	167	1	2.3734	10.1748	72	0	0.9528	1.9235	9	0	21.0306	10.644	65	1	0.1722	0.6988	5	0	0.068	5	131.4364	156.7963	208.9331	21.8914	2168.1904	5380.5562
88_3_FITC.tif	907b193b-8647-40d9-b064-386b1d534527	Cell		Positive	Annotation	Polygon	182.82	232.98	8.2835	15.6694	0.424	7.2954	1.5188	NaN	16.7333	753	12.621	44	0	44	110.3778	4967	25.8319	157	63	94	13.3333	600	13.6165	44	0	44	96.0885	50.9243	0.4656	24.0047	5.2326	NaN	9.8534	6.9497	44	0	45.9224	26.2843	157	8	1.5819	5.7663	44	0	9.1146	5.5756	22	0	39	14.1318	87	8	0.3198	0.9218	5	0	0.0858	8	120.0926	94.6893	265.654	58.3259	1628.4482	4027.9695
88_3_FITC.tif	ba0aa8ea-c7c8-405b-b1a9-041b52be54f8	Cell		Positive	Annotation	Polygon	163.55	283.27	1.2425	7.5294	0.2754	3.669	0.5087	NaN	23.875	191	4.794	29	13	16	111.75	894	2.3146	114	107	7	0.25	2	0.4629	1	0	1	21.33	25.002	0.4288	11.8693	2.6601	NaN	23.6239	7.7469	42	11	85.7706	19.4673	124	44	0.8991	2.1728	12	0	23.604	7.9499	42	11	83.7129	18.7256	124	44	0.9505	2.2467	12	0	0.0526	3	22.2351	6.7395	58.3259	1.6398	29.8011	75.7062
88_3_FITC.tif	53d1359a-b426-48db-861d-ec5304181f83	Cell		Positive	Annotation	Polygon	162.05	286.19	1.4496	6.2446	0.4671	2.9922	0.552	NaN	20.375	163	5.6553	30	13	17	126.625	1013	4.3732	134	120	14	1.25	10	2.1876	6	0	6	9.7331	21.866	0.2558	10.7365	1.3331	NaN	19.8235	6.2376	33	9	106.6863	19.7904	134	61	1.1176	1.9864	8	0	19.7209	6.3969	33	9	102.9767	19.32	130	61	1.093	1.9738	8	0	0.109	7	68.2644	59.9268	137.0163	1.6398	169.6363	576.9522
88_3_FITC.tif	db758f76-23d2-49ae-8638-905bf6ca21e0	Cell		Positive	Annotation	Polygon	161.19	296.85	11.5969	20.4551	0.3483	9.8283	1.9466	NaN	8.8	528	7.9293	30	0	30	136.9667	8218	27.5502	179	73	106	4.1167	247	5.0626	20	0	20	71.8593	51.2289	0.3441	24.9232	4.0872	NaN	7.4052	7.4971	34	0	74.023	38.4652	179	19	0.9368	2.6651	20	0	7.1146	7.3852	34	0	60.9097	25.1401	165	19	0.2743	0.8742	7	0	0.1621	4	73.5303	68.6985	154.7819	1.9424	851.4819	3129.5193
88_3_FITC.tif	dd95baf5-e074-4bc3-a856-3dc1ddb544c9	Cell		Positive	Annotation	Polygon	164.67	295.76	7.6622	16.5329	0.3523	7.5095	1.3686	NaN	12.375	495	8.5356	29	1	28	137.975	5519	15.0017	161	107	54	1.45	58	1.894	8	0	8	46.5947	44.5693	0.2948	21.8091	3.2344	NaN	16.9389	13.4097	51	0	96.3712	25.6073	161	47	0.8777	1.9292	14	0	17.9048	14.0569	51	0	87.5661	17.3883	139	47	0.7566	1.9197	14	0	0.1651	8	125.8802	110.1982	287.2018	1.9424	1930.2596	5868.1226
88_3_FITC.tif	f7752cde-e81c-4326-9b1a-b65cc9e733f0	Cell		Positive	Annotation	Polygon	225.38	296.43	15.5316	23.7462	0.3461	10.5859	2.7084	NaN	4.4	352	5.3406	21	0	21	116.125	9290	21.1099	158	67	91	4.4125	353	5.3762	21	0	21	81.7995	52.3876	0.3745	24.8374	5.0172	NaN	1.6457	3.3873	21	0	52.3618	39.0237	158	6	1.3543	3.2968	21	0	0.9528	2.2057	18	0	36.3208	22.6258	133	6	0.5849	1.8587	18	0	0.2026	5	66.8032	79.7118	156.7963	2.3238	1375.3748	5380.5562
88_3_FITC.tif	93494252-a346-44c7-9e84-82a0d8767042	Cell		Positive	Annotation	Polygon	221.77	298.34	1.8638	7.5644	0.4093	3.5486	0.9008	NaN	2	24	2.8604	10	0	10	84.8333	1018	16.2471	105	59	46	2	24	2.8604	10	0	10	24.6434	27.8011	0.4007	13.2148	2.7733	NaN	0.5246	1.4213	10	0	47.4016	21.5524	105	14	0.582	1.4874	10	0	0.3636	1.0728	6	0	43.3182	17.8305	103	14	0.4273	1.1767	6	0	0.0737	6	87.9024	82.2774	195.6167	2.3238	1254.5087	4027.9695
88_3_FITC.tif	5c1e44c5-0845-4b23-9c32-a6f2bb952ed3	Cell		Positive	Annotation	Polygon	223.72	311.49	15.3245	25.8096	0.2891	12.3851	2.1012	NaN	1.2469	101	1.7926	7	0	7	111.8272	9058	16.742	137	68	69	1.3827	112	1.841	7	0	7	74.9656	45.0823	0.4635	21.0016	5.1128	NaN	0.6538	1.496	9	0	61.217	37.5986	137	2	0.6181	1.4469	8	0	0.4841	1.3562	9	0	46.7314	28.1761	117	2	0.3993	1.2318	8	0	0.2008	3	31.4869	7.7309	79.8529	6.877	31.8742	59.0717
88_3_FITC.tif	94914281-b34f-444b-94e1-c4d48a4e89c8	Cell		Positive	Annotation	Polygon	311.59	353.48	32.3056	38.1454	0.279	15.6913	3.0435	NaN	1.5976	262	2.3595	12	0	12	132.4207	21717	15.6875	162	92	70	1.6098	264	2.3615	12	0	12	167.5337	68.1084	0.4538	32.0396	6.7419	NaN	1.0235	2.0879	13	0	80.7716	38.1475	162	12	0.9568	2.022	13	0	0.8777	1.9889	13	0	67.6594	30.2089	132	12	0.791	1.8928	13	0	0.1936	10	127.4215	72.2946	533.851	25.8343	2581.7571	12612.4756
88_3_FITC.tif	a0161a3d-00a1-4806-8306-83b05673c1aa	Cell		Positive	Annotation	Polygon	285.74	348.06	5.5914	15.374	0.2973	7.3886	0.9952	NaN	34.4516	1068	8.4807	49	18	31	62.9032	1950	9.9611	81	47	34	4.3226	134	4.9759	15	0	15	65.4396	43.9659	0.4254	21.0232	4.4976	NaN	17.5956	12.309	49	0	32.6207	18.56	81	6	0.7962	2.5014	15	0	15.7812	11.2413	42	0	29.3611	16.174	75	6	0.4167	1.6903	15	0	0.0877	6	104.0905	73.4634	229.9702	12.8784	2000.0792	5380.5562
88_3_FITC.tif	c41a9f04-8a55-40f4-9b56-95e93bf29eb6	Cell		Positive	Annotation	Polygon	286.69	362.24	9.9402	24.0683	0.2156	11.6411	1.4032	NaN	38.25	1989	10.5103	56	8	48	68.4615	3560	9.6395	84	43	41	2.8654	149	3.3899	13	0	13	56.1207	38.9778	0.4642	18.5985	4.6221	NaN	18.5515	14.5467	56	0	35.6838	21.4858	84	6	0.8346	2.1266	13	0	13.8955	11.055	45	0	27.9364	15.3041	81	6	0.3545	1.3074	13	0	0.1845	5	27.0162	21.5929	61.9792	12.0321	266.5437	635.8011
88_3_FITC.tif	e0cef16b-6b0c-4306-83f0-e79f7267dab1	Cell		Positive	Annotation	Polygon	287.68	374.41	13.0465	23.7043	0.2918	11.1204	1.5835	NaN	37.6875	2412	10.3155	64	17	47	73.1875	4684	11.6998	99	46	53	3.5312	226	4.9792	19	0	19	58.3986	42.6158	0.4041	19.2183	5.1213	NaN	18.2183	15.0164	64	0	36.8732	23.0398	99	10	0.8803	2.7944	19	0	12.5545	10.8528	45	0	26.3091	12.2103	83	10	0.1091	0.5547	5	0	0.2191	4	18.4324	16.0281	32.1098	9.5634	103.8661	256.6183
88_3_FITC.tif	27ac2cfb-d1e7-4224-8bd4-2ab32571a824	Cell		Positive	Annotation	Polygon	229.4	386.39	38.3112	37.856	0.3359	13.8216	5.2526	NaN	3.3789	642	4.6557	26	0	26	99.3684	18880	19.6824	138	47	91	3.1368	596	4.6362	26	0	26	201.2889	69.814	0.519	31.0224	8.877	NaN	1.3893	2.8	26	0	48.1133	31.3886	138	1	0.7817	2.4629	26	0	0.9052	1.8162	10	0	35.644	18.3238	94	1	0.2087	0.8094	6	0	0.1956	9	101.1391	86.6951	180.7551	58.9334	1240.5535	5129.0503
88_3_FITC.tif	4cf3c301-dae8-481a-9048-b6378b3ecbbe	Cell		Positive	Annotation	Polygon	287.89	385.66	7.6622	15.8944	0.3811	7.5921	1.4354	NaN	37.1795	1450	9.4113	54	19	35	70.1538	2736	11.3173	91	45	46	2.2051	86	3.318	13	0	13	33.9623	37.9165	0.2969	17.2732	3.7105	NaN	17.7952	14.6256	54	0	37.0663	22.2798	91	2	0.759	1.9853	13	0	11.8425	10.0691	45	0	26.9055	12.9801	64	2	0.315	0.9976	6	0	0.2066	6	49.6641	21.8189	175.378	9.5634	1022.5912	5129.0503
88_3_FITC.tif	2191f598-f429-453e-ab27-0d7581051574	Cell		Positive	Annotation	Polygon	289.59	394.84	16.567	30.0523	0.2305	14.5958	1.7306	NaN	48.5301	4028	11.3184	68	24	44	70.7711	5874	12.7474	95	40	55	2.4458	203	2.7151	12	0	12	74.1373	51.4707	0.3517	24.9149	5.2176	NaN	23.1823	18.8779	68	0	36.5414	23.2355	95	2	0.6243	1.6817	12	0	15.6416	13.27	60	0	26.3584	14.1162	74	2	0.0824	0.4611	5	0	0.2167	4	22.2622	15.801	46.9744	10.4724	102.1042	256.6183
88_3_FITC.tif	0ce89fb7-3e69-433f-a0ad-4d9811da6be7	Cell		Positive	Annotation	Polygon	99.46	404.46	4.1417	10.2266	0.4977	4.7321	1.2669	NaN	21.4783	494	9.5054	41	6	35	91.7826	2111	12.5805	114	66	48	9.3913	216	9.4231	30	0	30	55.7065	41.2925	0.4106	19.8537	3.6299	NaN	21.4481	11.3617	51	0	58.5556	16.3712	114	19	1.1556	3.8482	30	0	21.4453	11.5359	51	0	55.4615	12.8875	87	19	0.3887	1.1489	7	0	0.0777	5	92.456	116.6107	191.9582	5.3991	361.8191	576.9522
88_3_FITC.tif	31f987ef-3647-4950-9b3f-0dbfbe68a0b9	Cell		Positive	Annotation	Polygon	290.63	409.3	6.0055	15.4554	0.3159	7.1086	1.4192	NaN	39.6944	1429	7.8588	52	20	32	61.4722	2213	8.9234	76	37	39	2.4444	88	2.8228	10	0	10	59.4341	40.6286	0.4525	19.3012	4.4978	NaN	16.3276	13.8599	52	0	31.4724	17.589	76	6	0.6379	1.8044	10	0	13.0157	11.0536	50	0	27.2205	14.0059	64	6	0.3819	1.4446	10	0	0.1055	5	55.4532	32.7745	153.7806	11.5778	296.1674	539.5711
88_3_FITC.tif	6d1f3db0-49c6-4f40-ad58-17f9046b3fe9	Cell		Positive	Annotation	Polygon	102.85	409.18	32.9269	34.1595	0.3546	15.3688	3.6996	NaN	6.5394	1079	5.8304	27	0	27	153.2606	25288	36.0526	206	64	142	5.3758	887	5.7767	27	0	27	113.4839	67.541	0.3126	31.9496	5.7403	NaN	4.3666	5.4131	27	0	75.804	62.8872	206	2	1.7677	4.0299	27	0	3.4378	4.9488	23	0	42.6943	37.7586	203	2	0.2254	1.0108	9	0	0.2962	4	38.8155	8.205	135.1755	3.6766	139.0687	312.5757
88_3_FITC.tif	4fecc19b-8e20-4cac-947a-504a282b6303	Cell		Positive	Annotation	Polygon	106.18	414.61	18.6379	24.4567	0.3916	10.3674	2.8456	NaN	13.8404	1301	12.1268	58	0	58	165.3298	15541	44.7106	228	58	170	10.0319	943	12.449	58	0	58	71.8593	52.2124	0.3312	25.2789	5.0308	NaN	7.66	9.1355	58	0	79.8257	61.7546	228	6	2.9486	7.8227	58	0	5.3906	6.4294	26	0	48.4297	28.3865	161	6	0.3477	1.3948	9	0	0.266	6	62.8004	48.3147	137.0163	3.6766	714.9855	3129.5193
88_3_FITC.tif	f172401d-b633-45c1-b237-8544b849bbd9	Cell		Positive	Annotation	Polygon	102.81	425.85	3.3134	9.5618	0.4554	4.4455	1.2681	NaN	2.65	53	2.9429	10	0	10	91.4	1828	17.27	124	61	63	1.35	27	2.0844	8	0	8	37.6899	29.4782	0.545	13.6419	3.9702	NaN	2.9022	3.246	14	0	45.6304	26.9264	139	12	0.375	1.0992	8	0	2.9329	3.2881	14	0	40.0488	22.155	139	12	0.2561	0.8481	7	0	0.0939	5	35.6142	15.8417	104.1971	8.2206	398.4286	1353.3848
88_3_FITC.tif	91c5b776-5926-4cef-a2d6-35fa9e37ab53	Cell		Positive	Annotation	Polygon	293.47	438.91	8.9048	22.6397	0.2183	11.1072	1.255	NaN	42.3191	1989	11.1416	64	21	43	68.234	3207	12.2069	93	48	45	4.4894	211	5.3725	21	0	21	102.5083	58.1667	0.3807	28.0018	4.7622	NaN	14.8508	13.3495	64	0	31.6673	17.8829	93	7	0.6815	2.2427	21	0	11.9755	9.8344	44	0	27.8396	13.5309	73	7	0.2829	0.9556	7	0	0.0851	6	100.4425	101.5406	224.7081	20.1228	1451.6825	2966.457
88_3_FITC.tif	3f6fccd4-d3c4-47aa-a8a3-edcdfc001dbb	Cell		Positive	Annotation	Polygon	312.85	444.55	4.9701	10.5701	0.559	4.912	1.2958	NaN	13.8696	319	13.6825	47	0	47	71.7826	1651	18.3252	110	46	64	13.5217	311	13.8822	47	0	47	75.794	44.5913	0.479	21.0051	4.763	NaN	2.1848	4.9837	47	0	18.1467	18.824	110	1	1.019	4.7816	47	0	1.4058	2.1882	15	0	14.571	12.3041	63	1	0.1855	0.9586	10	0	0.0529	4	67.3139	71.2485	106.6358	20.1228	1220.6455	1530.5519
88_3_FITC.tif	8a3a7347-fd8f-4f32-a8f4-a8ac45105aec	Cell		Positive	Annotation	Polygon	140.94	448.79	5.5914	12.819	0.4276	6.1617	1.3206	NaN	3.1034	90	2.8328	9	0	9	67.8621	1968	7.3617	79	50	29	1.5517	45	2.1479	6	0	6	82.4208	48.2924	0.4441	23.0111	4.763	NaN	1.2907	2.2068	14	0	45.0351	14.9311	79	4	0.9373	1.987	14	0	1.1486	2.0893	14	0	43.2459	13.8631	71	4	0.8892	1.9689	14	0	0.0628	5	103.2367	123.4876	155.7988	31.8197	1790.5316	3129.5193
88_3_FITC.tif	1127d4fd-de44-4601-a18e-ee35ec92bd2b	Cell		Positive	Annotation	Polygon	110.94	459.56	10.9756	18.0204	0.4247	8.4297	1.9879	NaN	4.0893	229	5.2372	20	0	20	85.8571	4808	19.3977	119	46	73	4.3214	242	5.2987	20	0	20	105.4075	53.07	0.4703	25.0501	5.5732	NaN	0.9176	2.5068	20	0	37.5412	23.7147	119	4	0.7373	2.4848	20	0	0.5264	1.5277	13	0	31.5815	16.1878	106	4	0.2952	1.321	17	0	0.1049	8	118.1787	86.8437	321.2587	31.8197	3860.6492	17750.7949
88_3_FITC.tif	3e9a69b6-81a3-476f-8de0-159b2cb2029d	Cell		Positive	Annotation	Polygon	345.84	483.74	9.526	20.1065	0.2961	9.0363	1.8789	NaN	8.7	435	10.6469	36	0	36	65.44	3272	25.5632	112	18	94	8.58	429	10.7078	36	0	36	107.8925	54.5774	0.4552	26.0606	5.5776	NaN	1.7931	4.3555	36	0	15.887	19.9457	112	1	1.0843	4.1849	36	0	1.0614	1.8949	9	0	10.6377	9.1541	55	1	0.2903	0.9207	7	0	0.0912	8	228.4753	222.3375	402.1801	51.4394	4357.0884	9378.1875
88_3_FITC.tif	ff5ddf44-3cab-43eb-b87f-4e0b010961cb	Cell		Positive	Annotation	Polygon	223.77	495.16	18.0166	28.1826	0.285	10.2768	2.8919	NaN	74.3626	6767	10.8172	95	43	52	95.4396	8685	10.6011	115	69	46	0.9341	85	1.7243	7	0	7	134.6068	59.4345	0.4789	27.0344	6.4124	NaN	42.977	22.4026	95	0	63.1951	23.0191	115	11	0.4946	1.299	11	0	37.8768	19.4504	91	0	57.9554	20.0322	97	11	0.4232	1.2028	11	0	0.1312	8	130.0522	97.4434	265.654	46.1491	2111.8735	4396.6982
88_3_FITC.tif	a836d5e6-552f-4e38-832b-b18db2c7f8d5	Cell		Positive	Annotation	Polygon	51.16	509.25	5.1772	10.2816	0.6154	4.6338	1.3357	NaN	2.6	65	2.6141	8	0	8	95.8	2395	17.519	121	64	57	2.72	68	2.6223	9	0	9	50.5293	35.989	0.4902	16.912	4.0827	NaN	0.8041	1.7233	8	0	48.8449	29.9261	121	12	0.8204	1.7533	9	0	0.6	1.4662	8	0	43.5091	26.1512	119	12	0.6045	1.4875	8	0	0.0867	6	56.2763	48.8925	116.6107	7.5281	399.1451	1353.3848
88_3_FITC.tif	150a77e5-2d40-4083-963f-2d3e8e8dfc2f	Cell		Positive	Annotation	Polygon	50.06	519.8	15.1174	22.4718	0.3762	10.346	2.3253	NaN	2.4684	195	3.1494	12	0	12	130.7089	10326	27.1214	170	56	114	2.6329	208	3.2113	12	0	12	59.227	47.1949	0.3341	22.7833	4.3883	NaN	0.9793	2.1126	12	0	80.9966	45.4284	170	6	1.2207	2.411	12	0	0.4218	1.1453	7	0	62.3839	35.9044	142	6	0.6919	1.7714	10	0	0.2689	3	7.3966	7.5281	10.5345	4.1271	4.4881	7.246
88_3_FITC.tif	54c61da4-48c3-47ce-b16c-5a2407067dbb	Cell		Positive	Annotation	Polygon	46.91	522.64	3.3134	10.5329	0.3753	4.0574	1.2966	NaN	0.6111	11	1.3779	5	0	5	110.3333	1986	6.9112	117	93	24	0.7778	14	1.4775	5	0	5	29.6135	33.0824	0.34	15.5476	3.2618	NaN	0.8973	1.9073	11	0	75.2466	28.4296	118	19	0.589	1.561	11	0	0.9375	1.9713	11	0	70.3125	26.784	118	19	0.5625	1.5762	11	0	0.0996	4	38.9597	9.1607	133.3902	4.1271	31.0634	98.9815
88_3_FITC.tif	1faa722c-c59e-4656-a8ae-088a617ffbc6	Cell		Positive	Annotation	Polygon	48.64	534.67	10.7685	21.1614	0.3022	9.8815	1.7087	NaN	1	55	1.6216	6	0	6	98.2909	5406	7.6271	117	86	31	0.8545	47	1.4709	6	0	6	61.2979	40.5001	0.4696	18.6424	4.6039	NaN	1.4147	2.5108	18	0	72.3445	18.6678	117	23	0.6488	1.4518	9	0	1.5082	2.6643	18	0	66.4959	15.0903	104	23	0.6025	1.4465	9	0	0.1721	5	51.2235	18.0587	126.779	6.7843	652.9947	3316.7095
88_3_FITC.tif	d7274bc8-452b-4354-96ca-0ec1aee35d8e	Cell		Positive	Annotation	Polygon	224.76	541.39	3.3134	11.0724	0.3396	5.3898	0.9039	NaN	13.7368	261	12.5868	38	0	38	73.3158	1393	18.5354	105	47	58	13.4737	256	12.6946	38	0	38	48.4584	45.5535	0.2935	22.0048	2.963	NaN	2.1941	5.3286	38	0	19.903	18.4523	105	1	1.2996	5.0848	38	0	1.1881	2.2487	12	0	15.2477	8.3805	48	1	0.2385	0.8021	5	0	0.0644	6	56.5056	60.1164	94.0635	1.4254	681.8937	1591.1095
88_3_FITC.tif	4eff7811-7678-4bce-adbc-7a59e8c1184f	Cell		Positive	Annotation	Polygon	222.21	542.7	3.9347	10.2	0.4752	4.7901	1.135	NaN	14.8261	341	15.3849	49	0	49	86.3043	1985	21.7557	124	43	81	14.913	343	15.4093	49	0	49	47.2159	43.5259	0.3132	21.0079	3.0536	NaN	2.6522	6.595	49	0	29.6826	22.8318	124	3	1.6391	6.5455	49	0	1.2995	2.1648	10	0	23.3913	11.4551	75	3	0.1643	0.6401	4	0	0.081	5	46.0252	46.8863	72.4296	1.4254	245.8602	715.0123
88_3_FITC.tif	914ab24e-bbc2-48d7-9d48-0ed75c79d2e7	Cell		Positive	Annotation	Polygon	323.81	551.02	68.9601	50.3452	0.3419	20.1406	5.9389	NaN	4.2793	1425	6.6012	42	0	42	145.9009	48585	27.9491	199	73	126	4.952	1649	6.7076	42	0	42	243.7419	78.7653	0.4937	37.0341	9.3189	NaN	1.6027	4.1595	42	0	68.7513	55.0006	199	3	1.5917	4.2111	42	0	0.5479	1.7454	20	0	38.3479	25.2484	153	3	0.2675	0.9065	9	0	0.285	6	126.2546	115.4147	183.4817	70.0986	2031.0895	3163.1648
88_3_FITC.tif	dea2d9b8-9e62-4a31-b9bd-16e8d8bc8009	Cell		Positive	Annotation	Polygon	270.39	563.24	9.3189	18.0929	0.3577	8.6145	1.8768	NaN	4.9592	243	5.6493	19	0	19	93.7755	4595	16.5306	120	54	66	5.1633	253	5.6212	19	0	19	77.4507	54.2451	0.3308	26.0029	4.5103	NaN	1.352	2.981	19	0	47.9573	30.1817	120	3	1.0453	2.8838	19	0	0.8098	1.8044	14	0	41.0706	25.3738	109	3	0.4264	1.4008	14	0	0.1199	6	75.8122	69.0802	180.7551	3.285	952.6091	2755.4832
88_3_FITC.tif	9c8d16a3-7ad6-43d3-bb91-15fe312d05ff	Cell		Positive	Annotation	Polygon	272.8	557.29	3.1063	9.3792	0.4437	4.4527	0.9676	NaN	2.8824	49	2.7359	8	0	8	82.7059	1406	8.2671	99	66	33	2.9412	50	2.7035	8	0	8	36.4474	37.5819	0.3243	18.1308	2.6921	NaN	1.5251	3.2728	20	0	38.3464	31.0093	99	2	1.4078	3.1846	19	0	1.3827	3.299	20	0	33.6914	28.753	90	2	1.2469	3.1956	19	0	0.0766	7	116.7188	121.9682	178.0551	3.285	1514.0071	5129.0503
88_3_FITC.tif	fc6a8340-0f7a-4701-83af-08790ccba787	Cell		Positive	Annotation	Polygon	162.46	570.59	19.2591	25.9041	0.3607	12.1126	2.3172	NaN	12.5158	1189	12.9843	47	0	47	122.7368	11660	33.4646	170	39	131	12.3789	1176	13.01	47	0	47	131.5005	60.1181	0.4572	28.1331	5.9124	NaN	2.2138	6.6627	47	0	34.3726	42.9506	170	0	1.9104	6.6666	47	0	0.4048	0.951	6	0	18.8558	18.9595	105	0	0.0721	0.3656	3	0	0.1454	7	154.181	149.9078	275.7362	43.3639	3228.8562	5868.1226
88_3_FITC.tif	100b047e-c57e-4f37-aea6-87dc973a2671	Cell		Positive	Annotation	Polygon	204.83	578.74	6.2126	13.3275	0.4395	5.8214	1.6561	NaN	46.3333	1668	7.7938	62	31	31	85.5278	3079	8.9682	98	64	34	2.8889	104	3.3533	13	0	13	94.846	49.4886	0.4867	23.0311	5.1772	NaN	29.4771	14.1998	62	0	51.817	20.087	98	12	0.6841	1.893	14	0	28.0426	13.6929	61	0	48.948	18.0566	96	12	0.4965	1.5832	14	0	0.0714	6	106.0751	64.4692	287.2018	40.8102	2663.2063	5868.1226
88_3_FITC.tif	e2ecab7f-4cd4-40fe-aec5-0f95644e2a33	Cell		Positive	Annotation	Polygon	227.07	606.52	6.0055	10.1618	0.7308	4.1314	1.9158	NaN	6.4688	207	7.4183	26	0	26	85.2812	2729	20.5242	111	41	70	6.3438	203	7.46	26	0	26	40.1749	28.7543	0.6106	12.7777	4.4785	NaN	1.6414	3.8628	26	0	28.5556	30.6537	111	2	1.4343	3.908	26	0	0.7108	1.4442	7	0	17.6205	17.2737	96	2	0.488	1.4842	11	0	0.1486	6	28.1144	9.4092	69.2444	3.9699	24.8875	58.636
88_3_FITC.tif	24429bd5-7d9b-4759-be13-eea5eeac0e9b	Cell		Positive	Annotation	Polygon	225.18	614.61	4.9701	11.9504	0.4373	5.6318	1.5675	NaN	3.4643	97	4.2468	16	0	16	86.2143	2414	18.3532	104	39	65	3.4286	96	4.1582	16	0	16	31.8915	33.6895	0.3531	16.1862	3.6997	NaN	1.0506	2.375	16	0	39.1519	28.7409	104	8	0.7215	2.2027	16	0	0.5308	1.2463	7	0	29.0154	18.7228	96	8	0.1385	0.5939	5	0	0.1631	5	45.8088	41.6854	106.147	3.9699	497.5382	1628.9744
88_3_FITC.tif	9a11ec8b-c44a-4983-867d-6ba5a7fa9247	Cell		Positive	Annotation	Polygon	229.85	620.6	14.0819	26.638	0.2494	12.7204	1.7443	NaN	4.9296	350	4.8265	17	0	17	95.3803	6772	19.0296	122	50	72	4.9296	350	4.8265	17	0	17	75.794	55.6802	0.3072	26.6796	4.1262	NaN	1.5474	2.9943	17	0	41.0054	33.577	122	3	1.2087	2.952	17	0	0.7416	1.4942	9	0	28.0503	20.8897	109	3	0.3221	1.0995	9	0	0.1819	6	72.53	37.5267	272.3496	2.5352	1111.1262	5048.6572
88_3_FITC.tif	24964a89-53b8-4433-856f-5a5b38cfac3f	Cell		Positive	Annotation	Polygon	226.34	623.67	2.278	8.8619	0.3645	4.2972	0.8194	NaN	2.1538	28	3.105	9	0	9	82.7692	1076	15.9591	103	53	50	2.0769	27	3.1215	9	0	9	16.567	26.6209	0.2938	12.9909	2.0362	NaN	1.3494	2.7115	13	0	43.1687	22.1314	103	12	1.2169	2.1359	9	0	1.2	2.6298	13	0	35.8143	13.6915	94	12	1.0571	1.8873	8	0	0.1358	4	29.2563	6.7367	101.7994	1.7523	46.1325	107.1967
88_3_FITC.tif	1e6c8952-b91e-47ff-82ef-7768ea0d0560	Cell		Positive	Annotation	Polygon	227.73	624.47	2.6921	9.6179	0.3657	4.5876	0.7764	NaN	3.6875	59	4.1748	13	0	13	92.6875	1483	11.6145	106	66	40	3.5625	57	4.2264	13	0	13	10.9756	24.8404	0.2235	12.2408	1.2061	NaN	1.4464	2.7497	13	0	57.2857	27.8918	106	21	1.0536	2.7397	13	0	0.55	1.0365	4	0	43.125	18.0387	97	21	0.05	0.3162	2	0	0.2315	5	77.0347	10.157	270.0079	1.7523	778.5639	3680.3269
88_3_FITC.tif	d13d7d3a-51ce-4197-b10a-92633947c670	Cell		Positive	Annotation	Polygon	262.72	625.5	4.1417	10.2899	0.4916	4.6844	1.1744	NaN	1.2609	29	2.3005	8	0	8	73.5652	1692	9.9491	90	54	36	1.3043	30	2.285	8	0	8	48.0443	40.7747	0.3631	19.3601	3.4116	NaN	1.2009	2.0774	9	0	41.0641	19.5598	90	18	0.6496	1.7074	9	0	1.1943	2.0575	9	0	37.5213	16.906	85	18	0.5782	1.6234	9	0	0.0795	4	50.6667	50.328	94.0635	7.9472	776.8047	1591.1095
88_3_FITC.tif	5b0fbdba-6e91-48fc-9893-06da5d04d93b	Cell		Positive	Annotation	Polygon	265.78	636.01	34.9978	37.7474	0.3087	18.4639	2.9183	NaN	2.5625	451	4.317	26	0	26	109.0511	19193	25.3089	161	49	112	2.6534	467	4.2841	26	0	26	144.3399	74.1931	0.3295	36.0011	6.0655	NaN	1.1504	2.6387	26	0	51.8754	38.6845	161	2	0.851	2.5127	26	0	0.6743	1.4679	8	0	32.5977	17.6125	99	2	0.2433	0.9022	7	0	0.2415	7	105.825	72.8078	260.6635	7.9472	2884.55	9570.9941
88_3_FITC.tif	f6edc20a-a283-4902-8b4b-08b62b441a7d	Cell		Positive	Annotation	Polygon	31.12	655.34	8.4906	14.975	0.4758	6.9152	1.5877	NaN	13.6222	613	12.5178	37	0	37	92.9778	4184	24.6995	134	50	84	13.5778	611	12.5109	37	0	37	91.3255	49.2893	0.4724	23.0191	4.9701	NaN	2.1674	5.7569	37	0	21.5633	27.2192	134	1	1.4729	5.7004	37	0	0.869	1.702	10	0	13.4685	10.5855	64	1	0.1008	0.5074	5	0	0.0903	5	190.5883	179.1771	302.1936	126.779	10224.7012	19732.3223
88_3_FITC.tif	4de3acee-a6bf-4639-8baf-8a9911f105ea	Cell		Positive	Annotation	Polygon	301.57	663.69	31.8915	32.3123	0.3838	13.8582	3.3435	NaN	2.1761	346	3.3442	17	0	17	84.9874	13513	13.1534	115	51	64	1.8931	301	3.1953	17	0	17	161.7352	64.8824	0.4828	30.0745	6.8339	NaN	0.8799	2.0613	17	0	41.2171	27.5658	115	3	0.6386	1.8082	17	0	0.5497	1.3996	12	0	30.0641	17.2157	92	3	0.3189	1.0052	11	0	0.197	7	140.91	115.2492	224.7081	46.2928	2784.6323	4257.665
88_3_FITC.tif	52d3e13c-41ec-491f-8d02-583c677a0495	Cell		Positive	Annotation	Polygon	196.26	715.96	69.7884	70.8077	0.1749	33.6621	3.5115	NaN	18.5971	6323	10.7667	48	0	48	116.0088	39443	17.7806	157	71	86	2.2765	774	3.5106	19	0	19	236.7009	107.9703	0.2552	51.0033	7.1802	NaN	11.3586	10.3237	48	0	65.6195	39.6157	157	2	0.8866	2.3103	19	0	8.3052	8.4447	35	0	44.3635	23.9652	134	2	0.3002	1.1142	10	0	0.2948	7	111.5409	106.147	175.1802	9.2157	1277.8113	3680.3269
88_3_FITC.tif	d7729db7-01b6-4b25-84e4-d5fb54ba113f	Cell		Positive	Annotation	Polygon	350.97	714.83	3.7276	10.6404	0.4137	5.1083	1.0272	NaN	18.5	407	18.2646	56	0	56	80.6364	1774	23.3433	121	50	71	17.9091	394	18.1709	56	0	56	75.1727	46.2431	0.4417	22.0136	4.5417	NaN	3.4231	6.9316	56	0	28.6813	15.6165	121	8	1.2967	6.1227	56	0	2.4532	3.8721	20	0	25.3392	6.3796	53	8	0.2281	0.7889	8	0	0.0454	6	82.6266	28.4615	230.9157	19.4711	926.4807	2699.7012
88_3_FITC.tif	4e17938c-1970-4ed0-b8d8-a683793dd9df	Cell		Positive	Annotation	Polygon	193.68	727.37	7.041	17.377	0.293	8.5013	1.131	NaN	12.5128	488	7.4476	28	1	27	104.3846	4071	17.0396	133	72	61	2.5897	101	4.1341	16	0	16	31.0631	30.5233	0.419	14.1959	3.1063	NaN	7.3269	6.7108	34	0	58.8205	33.846	133	18	0.75	2.3435	16	0	5.5983	5.4726	34	0	43.6325	22.4705	124	18	0.1368	0.4717	2	0	0.2284	5	109.2736	152.3275	166.3542	9.2157	1588.26	3268.5452
88_3_FITC.tif	d2b6b63e-9be9-4a64-a6a3-c0bd53cd1886	Cell		Positive	Annotation	Polygon	343.85	732.97	3.9347	11.6206	0.3662	5.6501	0.9269	NaN	1.2381	26	1.7001	6	0	6	97.1905	2041	8.0475	108	82	26	1.3333	28	1.7127	6	0	6	74.9656	46.44	0.4368	22.0198	4.3469	NaN	1.2755	2.245	12	0	64.7851	28.4329	109	6	0.9642	1.9851	12	0	1.2778	2.2761	12	0	62.7953	28.0317	109	6	0.9415	2.0006	12	0	0.0459	5	88.6221	81.1954	183.4817	18.7443	1898.5292	4257.665
88_3_FITC.tif	39b5c23a-461c-4094-803d-93ac71d2d16b	Cell		Positive	Annotation	Polygon	358.07	749.57	16.7741	24.6899	0.3458	10.0099	2.8901	NaN	3.1163	268	3.3234	15	0	15	115.8256	9961	17.1575	143	69	74	3.0233	260	3.2102	15	0	15	95.2602	58.4	0.351	27.0627	5.4073	NaN	1.1649	2.3413	15	0	68	35.1053	143	12	1.0738	2.2319	15	0	0.7173	1.7763	14	0	57.032	28.3247	120	12	0.6267	1.6464	14	0	0.1789	5	165.3515	120.3091	551.7671	2.118	6000.9424	17132.2207
88_3_FITC.tif	1799874e-3ad3-4f12-9679-4ae9a9568f28	Cell		Positive	Annotation	Polygon	354.72	746.08	5.3843	19.2162	0.1832	7.0754	1.6165	NaN	1	32	1.6656	6	0	6	106.8438	3419	3.708	115	97	18	1.1875	38	1.8039	7	0	7	56.5349	45.2575	0.3469	21.8737	3.5978	NaN	1.221	2.2863	14	0	91.6993	15.135	117	35	1.2355	2.2366	13	0	1.25	2.3568	14	0	89.7131	14.9438	117	35	1.2418	2.2904	13	0	0.1047	6	56.1744	25.9219	139.8918	2.118	290.5532	1084.4183
88_3_FITC.tif	42332336-305a-47db-a0bd-7184d84babca	Cell		Positive	Annotation	Polygon	163.03	776.63	5.1772	13.5467	0.3545	6.5951	1.0206	NaN	15.037	406	15.661	53	0	53	81.3333	2196	23.0084	125	44	81	15	405	15.6672	53	0	53	79.5216	48.2438	0.4293	23.0163	4.5555	NaN	2.2078	5.9375	53	0	21.3143	20.3455	125	3	1.4208	5.8126	53	0	1.2402	2.5827	17	0	16.7877	10.6631	73	3	0.3966	1.862	20	0	0.0618	8	160.8432	148.6342	321.2587	60.0432	6819.3921	19732.3223
88_3_FITC.tif	9264ff6c-95d2-41ae-99d6-004a9276642a	Cell		Positive	Annotation	Polygon	164.49	851.77	5.5914	14.9367	0.3149	7.3181	1.019	NaN	19.0345	552	22.5127	72	0	72	80.5517	2336	30.6485	137	34	103	19.2414	558	22.4494	72	0	72	82.4208	50.1391	0.412	24.0119	4.3488	NaN	1.8947	7.7589	72	0	16.6892	21.0291	137	2	1.5514	7.783	72	0	0.5514	1.2554	8	0	11.6838	7.7495	47	2	0.1649	0.7561	9	0	0.0656	6	219.6203	211.4759	392.7367	45.4411	6168.4458	22386.502
88_3_FITC.tif	00023888-5fe6-4130-991b-1002854ff4e1	Cell		Positive	Annotation	Polygon	303.15	862.72	7.2481	21.6532	0.1943	10.6841	1.1567	NaN	50.122	2055	8.7613	66	32	34	83.1951	3411	6.6604	93	64	29	1.0488	43	2.0242	11	0	11	57.5703	43.7714	0.3776	19.6791	3.9054	NaN	35.6608	13.2921	66	6	62.5477	17.4183	93	23	0.6078	1.4797	11	0	33.2107	12.3447	60	6	59.0496	16.2122	88	23	0.5331	1.3577	9	0	0.1335	6	82.6219	70.2345	203.3906	2.3076	1077.7172	4257.665
88_3_FITC.tif	752b3f38-2e53-4d0e-9c59-e456f74bad0e	Cell		Positive	Annotation	Polygon	294.04	870.34	22.9867	34.251	0.2462	16.5271	2.4635	NaN	3.8376	449	5.4075	24	0	24	90.265	10561	18.5242	133	53	80	3.9829	466	5.3803	24	0	24	145.9966	68.8462	0.3871	33.0026	5.9511	NaN	1.4441	3.2854	24	0	41.6238	27.061	133	3	0.925	2.8372	24	0	0.9695	2.4116	23	0	31.978	15.7164	90	3	0.3186	1.3121	22	0	0.1629	7	121.1414	81.3298	291.3611	7.785	3760.9153	11186.793
88_3_FITC.tif	2a73698a-0714-4b39-b0f0-94674373d8fc	Cell		Positive	Annotation	Polygon	300.79	867.86	1.6567	6.6342	0.473	3.1489	0.6633	NaN	37.7	377	5.6578	46	30	16	76.7	767	8.0973	90	66	24	1.8	18	2.8597	9	0	9	18.2237	22.4808	0.4531	10.2216	2.4719	NaN	16.3478	12.887	46	0	44.3043	19.051	90	20	0.5217	1.3866	9	0	13.7439	10.9486	45	0	40.3537	15.9717	83	20	0.3659	1.0124	4	0	0.0668	4	8.2374	7.818	15.006	2.3076	20.5579	53.5847
88_3_FITC.tif	0b22e5cf-c073-42b4-a571-38a97b0719a7	Cell		Positive	Annotation	Polygon	190.99	877.51	21.5371	27.2046	0.3657	10.3758	2.9785	NaN	56.5234	6048	13.2297	78	26	52	87.5514	9368	12.3282	110	54	56	2.2804	244	3.0431	13	0	13	142.6832	60.5413	0.4892	27.1333	6.5541	NaN	26.0145	21.5082	78	0	48.3893	23.8156	110	12	0.5441	1.6301	13	0	20.4247	17.7074	78	0	41.214	17.6237	93	12	0.226	0.898	10	0	0.1529	4	75.4271	66.1782	152.3275	17.0245	1253.3613	2310.8784
88_3_FITC.tif	f7da90dd-6000-46e9-80be-71ef1d03c654	Cell		Positive	Annotation	Polygon	302.29	879.65	9.1118	21.3503	0.2512	7.7252	1.7574	NaN	47.898	2347	6.3517	61	36	25	86.1837	4223	5.5591	96	73	23	0.9796	48	1.5342	8	0	8	67.5105	40.8864	0.5075	17.0961	5.3593	NaN	29.1871	15.1051	61	3	59.6104	20.0267	96	15	0.4387	1.2432	10	0	25.8773	13.7298	60	3	54.9097	17.8706	86	15	0.343	1.1616	10	0	0.1339	7	161.6391	139.8918	420.8416	7.8186	2083.469	12213.8877
88_3_FITC.tif	39538d0f-227c-48bb-a80c-c06321c4d545	Cell		Positive	Annotation	Polygon	298.13	884.01	3.1063	8.6184	0.5255	3.9361	1.1179	NaN	8.7222	157	8.1299	28	0	28	77	1386	11.4121	97	59	38	8.6111	155	8.2615	28	0	28	65.2325	42.8045	0.4474	20.0194	4.1998	NaN	3.739	4.911	28	0	41.6226	20.778	97	9	1.4497	3.923	28	0	3.44	4.4975	23	0	39.5	19.2469	95	9	1.02	3.0271	23	0	0.0427	6	167.2706	146.7841	398.0237	7.8186	1355.5448	5477.2681
88_3_FITC.tif	be543261-5bc8-4896-86ed-4c66550bc500	Cell		Positive	Annotation	Polygon	215.28	890.28	10.3544	19.8106	0.3315	9.4642	1.4939	NaN	1.7778	96	2.4776	10	0	10	75.3333	4068	8.6439	93	54	39	1.7222	93	2.4604	9	0	9	102.5083	55.003	0.4258	26.0309	5.0803	NaN	0.9536	1.8963	11	0	41.3528	20.1871	93	10	0.6391	1.6663	11	0	0.8529	1.7903	11	0	37.2014	17.0228	83	10	0.5068	1.4926	11	0	0.0975	11	202.0839	223.076	439.0688	27.3628	5336.9243	14663.5664
88_3_FITC.tif	ce72f25a-37dd-41bb-a33b-e590c26aaa5d	Cell		Positive	Annotation	Polygon	183.33	893.38	6.6268	16.7917	0.2953	8.2315	1.1895	NaN	11.3714	398	11.267	38	0	38	72.5143	2538	22.171	113	36	77	11.3429	397	11.3784	38	0	38	88.6334	52.0693	0.4108	25.0021	4.5559	NaN	2.3147	4.8367	38	0	21.9394	17.7243	113	3	1.1189	4.4885	38	0	1.5102	2.5575	13	0	17.4467	7.1813	56	3	0.2107	0.7774	6	0	0.0664	5	85.5179	45.4411	214.9891	17.0245	1477.5569	3386.6079
88_3_FITC.tif	73f7448b-69b2-4cca-90cf-23ba7a5444c2	Cell		Positive	Annotation	Polygon	34.3	958.32	11.3898	29.774	0.1615	14.7191	1.2001	NaN	17.3115	1056	15.8803	50	0	50	104.4426	6371	37.7476	168	33	135	17.6066	1074	16.0824	50	0	50	115.1406	64.5235	0.3475	31.0145	4.5559	NaN	2.4659	7.4932	50	0	27.3871	31.5635	168	2	2.0448	7.6134	50	0	0.6439	1.4549	8	0	17.9296	11.2501	79	2	0.1348	0.6057	6	0	0.101	6	624.5339	297.4454	1550.9801	167.8195	15131.0635	22386.502
88_3_FITC.tif	0b7c2fcf-3a30-4329-a7b0-0135ae6d794f	Cell		Positive	Annotation	Polygon	159.8	1106.6	3.5205	10.8289	0.3773	4.8629	0.9419	NaN	60.8947	1157	5.9619	76	53	23	89.8947	1708	6.1635	102	81	21	2.7895	53	4.0904	13	0	13	75.1727	45.2082	0.4622	21.0202	4.3488	NaN	45.9176	16.5621	78	2	64.3901	16.9218	102	17	0.7747	1.9353	15	0	45.0928	16.5687	78	2	62.9855	16.1948	95	17	0.6638	1.6853	15	0	0.0469	10	174.0321	172.6636	255.1323	100.0947	2843.2456	14663.5664
88_3_FITC.tif	6bfb624b-b2b6-4085-8641-61fa3584a72d	Cell		Positive	Annotation	Polygon	269.06	1159.1	4.5559	10.3523	0.5342	4.8533	1.2034	NaN	3.3913	78	4.7169	17	0	17	87.3043	2008	9.31	106	73	33	3.3913	78	4.58	17	0	17	60.4695	38.591	0.5102	18.0512	4.5392	NaN	1.3379	2.6234	17	0	58.3857	15.405	106	23	1.2799	2.6413	17	0	1.163	2.2934	14	0	55.9222	13.1499	94	23	1.1	2.3331	14	0	0.0648	6	174.2022	223.3048	291.3611	13.7501	3677.8179	11186.793
88_3_FITC.tif	908cc921-d609-4535-a06e-a30961c47b9f	Cell		Positive	Annotation	Polygon	270.71	1176.6	29.8206	41.9179	0.2133	17.2103	3.4629	NaN	2.5132	382	3.9701	24	0	24	94.0066	14289	14.2868	123	54	69	2.3487	357	4.007	24	0	24	148.8958	71.3079	0.368	34.0448	6.2501	NaN	1.1917	2.5522	24	0	62.4111	21.3637	123	13	0.8292	2.3086	24	0	0.838	1.8626	12	0	53.956	13.6079	97	13	0.4225	1.303	11	0	0.2039	5	78.3142	14.9301	207.3869	5.1846	548.7902	1854.9033
88_3_FITC.tif	73eaa8f2-66f5-4f5f-9f1f-deb64fd8368e	Cell		Positive	Annotation	Polygon	275.7	1169.9	4.9701	15.2433	0.2688	7.4808	1.1652	NaN	2.4667	74	2.8616	9	0	9	87.9333	2638	9.1874	102	70	32	2.4333	73	2.6869	9	0	9	47.423	35.6657	0.4685	16.1445	3.8452	NaN	1.0474	2.2797	12	0	59.0345	17.4901	102	20	0.6983	1.7244	9	0	0.8366	2.1085	12	0	54.7426	14.0079	86	20	0.4406	1.3637	9	0	0.1113	5	86.0304	13.7501	290.3279	5.1846	1338.0962	5477.2681
88_3_FITC.tif	844ea412-a430-40c9-a592-85f129e39c62	Cell		Positive	Annotation	Polygon	274.97	1184.6	7.2481	15.8866	0.3609	6.9263	1.6126	NaN	4.7857	201	5.3989	21	0	21	94.4762	3968	10.6936	114	67	47	4.9048	206	5.2117	22	0	22	63.7829	39.6013	0.5111	17.8091	4.8421	NaN	1.9097	3.5986	21	0	55.8194	24.9441	114	14	1.4871	3.2268	22	0	1.459	3.001	17	0	49.7612	20.7513	93	14	0.9515	2.3988	17	0	0.1176	5	93.4088	104.4073	201.8874	7.2429	1140.5438	4190.7539
88_3_FITC.tif	569c41f3-8cf5-4b2b-acfc-8397ad78a49d	Cell		Positive	Annotation	Polygon	155.78	1204.8	3.7276	11.6697	0.344	5.6313	0.8129	NaN	2.3	46	3.6143	12	0	12	68.6	1372	10.7282	84	46	38	2.4	48	3.6907	12	0	12	45.1451	40.9615	0.3381	19.6321	2.9868	NaN	1.2896	2.4378	13	0	37.2715	20.9378	84	3	0.6606	1.8678	12	0	1.1891	2.2769	13	0	34.1542	19.0626	79	3	0.4876	1.487	10	0	0.0808	4	38.1279	23.8988	100.0947	4.6193	362.8671	1480.5923
88_3_FITC.tif	c29290f8-7781-4906-96a1-0a589ad2d3e0	Cell		Positive	Annotation	Polygon	157.61	1209.8	8.9048	20.8421	0.2576	10.2261	1.1471	NaN	2.96	148	3.9639	14	0	14	74.06	3703	10.5355	91	39	52	2.68	134	3.8832	14	0	14	45.7663	51.1016	0.2202	24.7354	3.5035	NaN	1.3894	2.648	14	0	37.1858	25.0079	91	4	0.7168	2.2069	14	0	0.9432	1.9264	11	0	26.7102	16.5575	71	4	0.1591	0.7912	7	0	0.1961	3	38.8934	7.4681	104.5929	4.6193	27.985	53.7593
88_3_FITC.tif	6192fdd3-073d-489e-a94e-b345b6078a76	Cell		Positive	Annotation	Polygon	158.01	1221.6	6.2126	15.2062	0.3376	7.2681	1.2514	NaN	3.3824	115	3.7011	14	0	14	67.9412	2310	12.7325	92	40	52	3.3529	114	3.6918	14	0	14	52.186	39.1079	0.4288	18.1845	3.8713	NaN	1.0352	2.1753	14	0	30.9648	20.0582	92	5	0.7539	2.0248	14	0	0.6757	1.5612	8	0	25.3018	14.0521	65	5	0.3559	1.2236	9	0	0.1206	6	59.0403	41.1716	140.3332	7.4681	1158.4232	4580.1763
88_3_FITC.tif	5452bafe-9536-40b4-bbfa-e5c0e6a873e4	Cell		Positive	Annotation	Polygon	126.07	1225.6	3.1063	9.2677	0.4545	4.4706	0.9003	NaN	50.5	808	8.4301	67	34	33	87.5625	1401	5.75	99	80	19	2.6875	43	3.4004	11	0	11	68.753	44.0379	0.4455	21.0018	4.3447	NaN	45.7027	12.9354	72	15	69.8078	13.3285	99	28	0.7568	2.0368	16	0	45.4606	13.0843	72	15	68.9117	12.9734	90	28	0.6593	1.9004	16	0	0.0342	6	58.2019	45.3528	123.7436	8.4537	814.2402	1757.9337
88_3_FITC.tif	803d3c14-24be-4435-870f-98114385d785	Cell		Positive	Annotation	Polygon	119.08	1230.5	7.2481	14.1415	0.4554	6.7858	1.4764	NaN	11.6316	442	6.0109	25	1	24	100.5263	3820	14.1893	125	75	50	6.1053	232	6.2894	19	0	19	87.3909	48.7263	0.4625	23.0056	4.9686	NaN	9.9811	6.8946	30	0	55.0236	19.7213	125	24	1.1206	3.0192	19	0	9.8182	6.9614	30	0	50.5325	13.5241	92	24	0.6286	1.8721	13	0	0.0799	6	106.2791	53.2153	381.6206	8.4537	1185.9624	4899.5537
88_3_FITC.tif	7fbdecf9-b427-4d2d-b13d-199dedb77674	Cell		Positive	Annotation	Polygon	112.77	1238.5	24.0221	29.9587	0.3363	13.176	2.7391	NaN	4.2439	522	3.5352	13	0	13	109.9594	13525	11.3776	130	80	50	0.8699	107	1.4082	7	0	7	108.928	63.0639	0.3442	30.0082	4.8756	NaN	5.2273	4.5792	22	0	72.4792	27.183	130	25	0.6004	1.3586	9	0	5.5259	4.8162	22	0	61.0963	19.1628	109	25	0.5185	1.3342	9	0	0.2229	3	34.2809	10.8316	88.8257	3.1853	202.4545	460.197
88_3_FITC.tif	f7745d24-524b-45b3-b28c-64ce9bf01fba	Cell		Positive	Annotation	Polygon	108.63	1241.5	24.2292	30.121	0.3356	13.5242	2.8573	NaN	3.0603	355	3.7516	16	0	16	107.0431	12417	9.777	127	82	45	1.5517	180	2.7986	16	0	16	106.65	60.4357	0.3669	29.0409	4.763	NaN	3.2311	4.1479	16	0	65.0117	30.463	127	4	0.7282	2.13	16	0	3.2807	4.2594	16	0	52.792	22.4999	119	4	0.4887	1.8278	16	0	0.2263	8	330.1319	303.7523	919.7692	3.1853	6704.3516	22386.502
88_3_FITC.tif	c964e0af-3b20-4aa8-9db0-a2ecbd7a382b	Cell		Positive	Annotation	Polygon	160.32	1268.6	7.4551	22.0826	0.1921	10.8853	1.0332	NaN	6.2927	258	7.0294	29	0	29	67.8537	2782	17.8823	105	30	75	4.3415	178	6.8579	29	0	29	100.4374	58.3051	0.3713	28.0023	4.7119	NaN	2.5802	3.8305	29	0	27.5494	17.2965	105	4	0.6029	2.4344	29	0	2.2382	3.1916	18	0	23.836	11.5827	75	4	0.2584	0.9095	8	0	0.0779	4	62.5793	52.5026	100.9787	44.3332	1261.6206	1824.3458
88_3_FITC.tif	c3b28795-392a-47f7-91f7-3bd29644bf58	Cell		Positive	Annotation	Polygon	304.51	1281.4	4.5559	10.9166	0.4804	5.1951	1.2731	NaN	16	384	15.1313	47	0	47	101.2917	2431	19.3087	135	74	61	16.2083	389	15.0852	47	0	47	73.516	46.1193	0.4343	22.0026	4.7586	NaN	2.2073	5.8441	47	0	47.9496	19.7122	135	13	1.4258	5.6671	47	0	1.2132	2.4531	13	0	44.1051	13.0506	91	13	0.3604	1.318	12	0	0.0593	7	155.8156	104.4073	404.729	11.0399	1223.9745	5477.2681
88_3_FITC.tif	783c6c1c-dcd9-4cd9-a3e3-ca7c107a0058	Cell		Positive	Annotation	Polygon	311.03	1296.1	29.4064	52.0482	0.1364	25.3637	1.5603	NaN	5.1918	758	5.7779	25	0	25	142.637	20825	24.2003	185	90	95	5.3904	787	6.1256	25	0	25	124.8737	86.3707	0.2104	42.0982	3.9256	NaN	1.9934	3.7593	25	0	70.9076	48.141	185	11	1.4785	3.8063	25	0	0.9783	1.948	12	0	48.1413	26.7156	151	11	0.237	0.9113	8	0	0.2308	8	255.9258	218.9638	587.1425	1.6176	10606.6572	53628.1328
88_3_FITC.tif	165d3d86-3cf9-4af5-9aa6-bf54fdcc9443	Cell		Positive	Annotation	Polygon	307.12	1292.6	8.4906	18.2628	0.3199	8.7625	1.4289	NaN	4.4889	202	4.7512	16	0	16	130.2444	5861	15.3255	153	95	58	4.4	198	4.6534	16	0	16	47.423	44.2896	0.3038	21.7634	3.4023	NaN	1.5368	3.112	16	0	92.7273	24.36	153	46	1.3939	3.0182	16	0	0.8226	2.0096	13	0	83.6505	16.0213	133	46	0.6667	1.8561	13	0	0.1811	4	14.2087	8.788	33.1789	6.0801	37.3915	95.0461
88_3_FITC.tif	ee5e2cb2-159c-4fec-a4d7-54658c02c60a	Cell		Positive	Annotation	Polygon	308.62	1301.6	6.2126	15.7784	0.3136	7.5841	1.2269	NaN	1.0303	34	1.4681	5	0	5	132.3636	4368	16.2131	158	99	59	1.1515	38	1.4603	5	0	5	20.2946	30.1275	0.281	14.813	1.9998	NaN	0.495	1.0828	5	0	98.505	30.2267	158	58	0.5149	1.0919	5	0	0.2353	0.7148	4	0	82.0735	19.9861	145	58	0.2059	0.6815	4	0	0.3028	4	11.1301	7.7635	27.3756	1.6176	27.1056	51.9355
88_3_FITC.tif	e55752c2-6551-43c2-92e5-79aa464d7fd3	Cell		Positive	Annotation	Polygon	251.43	1382.1	4.763	10.1139	0.5851	4.6129	1.3841	NaN	9.08	227	11.1277	39	0	39	61.72	1543	17.9618	97	31	66	9	225	11.068	38	0	38	79.5216	44.9519	0.4945	21.0375	4.9696	NaN	1.5389	3.8551	39	0	23.6943	14.0348	97	2	1.0803	3.6248	38	0	1.0166	1.8483	11	0	21.0609	9.0432	46	2	0.5319	1.1079	5	0	0.0568	10	111.1625	86.685	207.3869	36.4563	1638.3505	4190.7539
88_3_FITC.tif	72ede03b-2e77-47fa-9cb9-3bfe3f5f64f4	Cell		Positive	Annotation	Polygon	363.72	697.01	7.6622	14.8981	0.4338	6.8726	1.5813	NaN	11.7907	507	12.2582	39	0	39	97.5814	4196	24.9134	142	55	87	11.6977	503	12.3492	40	0	40	98.1594	50.8858	0.4764	24.041	5.3642	NaN	2.2962	5.1966	39	0	41.334	22.2521	142	6	1.5231	5.0377	40	0	1.3533	2.2847	14	0	35.7483	11.7437	84	6	0.5127	1.323	9	0	0.0819	5	116.5588	141.9355	213.7593	21.9674	3502.0591	9378.1875
88_3_FITC.tif	c35c26f2-569d-493f-a379-9de94db66d9a	Cell		Positive	Annotation	Polygon	361.99	736.16	20.5016	27.9916	0.3288	12.9476	2.9434	NaN	3.4216	349	4.246	19	0	19	100.8039	10282	15.3055	136	61	75	3.3824	345	4.2915	19	0	19	97.124	63.0832	0.3067	30.0518	5.0148	NaN	1.296	2.7264	19	0	55.019	30.3569	136	3	1.1564	2.6555	19	0	0.7116	1.7243	10	0	42.4313	19.3618	111	3	0.5445	1.4923	9	0	0.2108	5	43.4865	23.8236	129.3936	12.141	397.5791	1124.5272
88_3_FITC.tif	e965d502-529f-4630-8eae-c22b4d12f047	Cell		Positive	Annotation	Polygon	460.2	797.72	6.0055	15.063	0.3326	7.1791	1.273	NaN	5.3636	177	5.4246	20	0	20	88.2727	2913	11.7401	111	62	49	5.2424	173	5.5791	21	0	21	53.4285	38.4308	0.4546	18.0083	4.0253	NaN	1.1923	2.8477	20	0	38.8654	27.1879	111	4	1.1115	2.8351	21	0	0.5859	1.489	12	0	31.6828	20.4778	96	4	0.511	1.3965	12	0	0.1188	5	125.6583	74.3153	336.9485	11.1456	4458.3804	9378.1875
88_3_FITC.tif	ee43bb30-4563-4f33-82e0-974fa133356f	Cell		Positive	Annotation	Polygon	461.44	814.51	35.619	41.5483	0.2593	17.9391	3.1311	NaN	1.7314	303	2.4405	11	0	11	105.0457	18383	19.2326	144	63	81	1.6857	295	2.3898	11	0	11	143.5116	66.4858	0.408	31.307	6.6026	NaN	1.0476	2.012	11	0	59.2291	33.8915	144	5	0.6744	1.656	11	0	0.817	1.7899	10	0	43.7803	21.5438	109	5	0.3333	1.135	10	0	0.2518	6	111.4332	62.2825	407.2134	11.1456	3739.6328	11631.4307
88_3_FITC.tif	7d44aaa2-65a6-4b97-a71e-b8d4cbe65b07	Cell		Positive	Annotation	Polygon	516.39	828.09	6.2126	9.8557	0.8037	4.059	1.6901	NaN	3.6774	114	5.4246	17	0	17	109.3548	3390	17.1222	143	79	64	3.4194	106	5.5304	17	0	17	43.9025	28.8448	0.6631	12.6763	4.7022	NaN	1.707	3.109	17	0	59.6419	26.0079	143	28	1.1116	2.8721	17	0	1.375	2.3898	11	0	51.2663	15.9295	124	28	0.7228	1.8917	10	0	0.1202	6	92.5813	42.5233	387.5161	5.7456	2007.5264	7061.5449
88_3_FITC.tif	67301832-a0c5-4b40-8c0c-b5105e391517	Cell		Positive	Annotation	Polygon	542.73	834.96	4.1417	11.031	0.4277	4.8223	1.1754	NaN	6.5455	144	3.1279	13	1	12	71.2727	1568	4.8715	82	65	17	1.5909	35	2.3636	8	0	8	76.6223	44.9679	0.4762	21.0239	4.5559	NaN	2.4798	2.8817	13	0	48.1671	15.4384	82	12	0.7736	1.8895	12	0	2.2235	2.6698	12	0	46.7106	14.7004	77	12	0.7221	1.8477	12	0	0.0528	7	399.0153	402.1801	768.8273	26.4615	9700.748	29476.084
88_3_FITC.tif	70f6d589-55d6-41c3-b1a2-19093af683fc	Cell		Positive	Annotation	Polygon	515.01	837.27	6.2126	14.2068	0.3868	6.5791	1.4567	NaN	2.2286	78	2.7662	10	0	10	129.2857	4525	17.0027	152	92	60	2.8286	99	2.9851	11	0	11	24.4363	25.8566	0.4593	11.1209	3.2919	NaN	0.975	1.8852	10	0	79.025	40.448	152	26	1.625	2.8728	16	0	0.4588	1.0066	4	0	58.3294	26.7348	140	26	1.1294	2.6894	16	0	0.2753	4	20.4655	7.8448	60.427	5.7456	99.1499	224.3623
88_3_FITC.tif	ce17b092-3f5f-4584-92d3-5672e186a19a	Cell		Positive	Annotation	Polygon	517.89	847.96	20.0875	39.5409	0.1615	18.2481	1.8122	NaN	3.3922	346	3.5881	15	0	15	119.1765	12156	21.5063	151	64	87	3.2353	330	3.5688	15	0	15	96.7098	63.7284	0.2992	30.8826	4.5361	NaN	1.5796	2.8091	16	0	65.9045	33.9973	151	12	1.1592	2.5252	15	0	1.0786	2.32	16	0	51.1789	18.5797	135	12	0.5854	1.7674	15	0	0.2115	5	83.7293	13.2329	368.7241	1.5347	1039.9398	4756.0581
88_3_FITC.tif	33891c1d-2635-4e57-959e-3a1fe3188ee9	Cell		Positive	Annotation	Polygon	514.98	847.49	2.485	10.6031	0.2778	5.1422	0.6743	NaN	0.7857	11	1.1217	4	0	4	95.3571	1335	9.6922	114	81	33	7.0714	99	5.8634	17	0	17	22.7796	26.5458	0.4062	12.5382	2.4774	NaN	0.5351	1.235	7	0	60.2895	21.7767	114	28	2.3772	4.6342	18	0	0.5	1.2513	7	0	55.38	18.1852	110	28	1.72	4.0554	18	0	0.1012	4	110.4794	36.128	368.1266	1.5347	2578.3701	9823.1055
88_3_FITC.tif	5eb9def5-9c38-476e-8b09-0bef5a51a3bb	Cell		Positive	Annotation	Polygon	410.67	855.88	7.041	14.2734	0.4343	6.6524	1.4947	NaN	16.0541	594	16.102	54	0	54	97.5946	3611	26.1889	146	58	88	16.0811	595	16.0232	54	0	54	89.4617	50.4095	0.4424	24.0051	4.9701	NaN	2.5727	6.6105	54	0	28.8291	25.002	146	3	1.5681	6.45	54	0	1.3131	2.3553	13	0	22.404	11.6969	74	3	0.2121	0.726	6	0	0.0741	9	359.401	165.7009	1018.1984	67.0902	18067.4453	53628.1328
88_3_FITC.tif	c8c69195-4ce5-4906-bf09-c748ce736ff6	Cell		Positive	Annotation	Polygon	527.4	1213.7	4.3488	10.5164	0.4941	4.8201	1.1193	NaN	1.1304	26	1.5167	4	0	4	68.0435	1565	7.0677	78	53	25	2.9565	68	3.8669	13	0	13	76.0011	44.8922	0.4739	21.0145	4.5559	NaN	0.813	1.6568	12	0	42.832	18.5424	80	11	0.8943	1.965	13	0	0.7919	1.6655	12	0	41.1561	17.8428	80	11	0.7572	1.6919	12	0	0.0546	7	381.1718	376.3943	468.2493	300.129	17916.1895	37390.3828
88_3_FITC.tif	2c6017dc-02cc-4e19-a820-dbb9faff1e4d	Cell		Positive	Annotation	Polygon	309.72	1311.6	2.6921	9.5583	0.3703	4.6416	0.6109	NaN	1.3846	18	1.9807	6	0	6	117.2308	1524	7.8332	127	104	23	1.3846	18	1.9807	6	0	6	26.093	29.3928	0.3795	14.0498	2.633	NaN	0.8992	1.8744	11	0	80.7907	22.5325	130	43	0.7209	1.7544	11	0	0.8448	1.8632	11	0	76.7069	19.7933	130	43	0.6466	1.7207	11	0	0.0709	7	153.6733	26.8878	577.5602	8.991	2777.9617	17173.9258
88_3_FITC.tif	1c115a4c-1c91-4514-a7a4-2c420f9ae755	Cell		Positive	Annotation	Polygon	160.97	1313.4	19.8804	31.3307	0.2545	13.4663	2.6387	NaN	3.7245	365	4.1735	20	0	20	81.3061	7968	21.7623	112	27	85	3.4388	337	4.102	20	0	20	142.6832	65.0868	0.4233	30.1011	6.2026	NaN	1.1686	2.4269	20	0	35.7311	24.4687	112	8	0.7805	2.187	20	0	0.7441	1.6535	11	0	28.161	14.7425	77	8	0.339	1.1986	11	0	0.1409	8	100.4869	88.9392	232.3878	44.3332	1903.8151	8011.4224
88_3_FITC.tif	04d1958a-e1ff-4c18-8dfa-00ba9439b7b8	Cell		Positive	Annotation	Polygon	238.52	1326.6	49.9081	51.1586	0.2396	23.9863	3.6756	NaN	2.3171	570	3.583	21	0	21	121.374	29858	28.1484	177	58	119	2.6138	643	3.8281	21	0	21	168.155	83.0963	0.306	36.399	7.2066	NaN	1.4029	2.608	21	0	59.8464	47.1639	177	4	0.9693	2.4854	21	0	1.007	1.9199	14	0	33.1989	22.212	135	4	0.257	0.9186	7	0	0.2988	7	154.2392	156.8265	439.0688	5.4537	3723.8049	14663.5664
88_3_FITC.tif	92301241-9e5b-4f15-88fd-4d462fdbd506	Cell		Positive	Annotation	Polygon	299.75	1320.4	1.2425	5.0875	0.6033	2.3476	0.5279	NaN	1.1429	8	1.7728	5	0	5	105.4286	738	3.994	112	101	11	0.7143	5	1.496	4	0	4	24.6434	25.465	0.4776	11.7781	2.7109	NaN	1.2667	2.1721	11	0	84.425	19.378	112	33	1.1	1.9806	10	0	1.2743	2.2008	11	0	83.1239	19.2053	111	33	1.1239	2.0095	10	0	0.0349	7	50.2766	33.1789	145.0415	8.3678	787.7396	4190.7539
88_3_FITC.tif	8d0791ee-7825-428c-b90d-86f7eb8d0fee	Cell		Positive	Annotation	Polygon	300.72	1334.5	26.093	33.3272	0.2952	15.8426	2.4531	NaN	2.3178	299	2.6428	12	0	12	130.907	16887	20.4708	162	81	81	2.5116	324	3.0391	13	0	13	128.3942	71.2278	0.318	30.9064	6.0955	NaN	0.9241	1.9786	13	0	75.6187	34.9694	162	13	0.8578	2.0721	13	0	0.5571	1.5723	13	0	61.0633	20.4225	119	13	0.4224	1.4482	13	0	0.2037	5	60.7206	64.1436	134.5661	8.3678	853.2082	3287.2786
88_3_FITC.tif	b282e1c2-f3fe-4634-9a08-fc5eb8154652	Cell		Positive	Annotation	Polygon	236.25	1335.5	2.0709	6.7739	0.5671	3.0348	0.9612	NaN	0.1667	2	0.3892	1	0	1	93	1116	14.0842	116	72	44	1.5	18	2.5761	7	0	7	16.567	17.7939	0.6575	7.7878	2.7836	NaN	1.1605	2.9002	14	0	57.7654	23.9323	116	24	0.5432	1.4058	7	0	1.3333	3.1091	14	0	51.6377	19.6101	109	24	0.3768	1.0304	5	0	0.1197	7	84.5777	78.9793	240.4289	5.4537	1287.3995	4580.1763
88_3_FITC.tif	c2595c9a-5ffe-4112-a4bb-92395ae38dde	Cell		Positive	Annotation	Polygon	239.02	1348.5	3.3134	10.4973	0.3779	5.1245	0.9318	NaN	2.1667	39	2.3577	7	0	7	84	1512	7.814	96	68	28	2.2222	40	2.3653	7	0	7	19.2591	24.6078	0.3997	11.5893	2.3802	NaN	0.8969	1.6924	7	0	49.3608	22.4078	96	7	0.6907	1.6161	7	0	0.6076	1.3627	6	0	41.4684	16.2692	80	7	0.3418	1.1534	6	0	0.1365	4	17.5313	14.1141	38.6123	3.2846	45.1068	112.6567
88_3_FITC.tif	7a760868-b082-4b35-ba38-4e7fb6796048	Cell		Positive	Annotation	Polygon	236.27	1350.6	8.6977	15.7433	0.441	6.5813	1.8311	NaN	5.8667	264	5.6753	18	0	18	93.8667	4224	14.22	118	62	56	5.6667	255	5.7406	19	0	19	66.4751	44.6175	0.4196	20.8288	4.2471	NaN	1.7562	3.4317	18	0	47.4383	24.5683	118	15	1.2531	3.3083	19	0	1.0932	2.3256	16	0	39.9498	16.2511	92	15	0.5412	1.9594	16	0	0.1299	6	90.008	60.1006	204.9008	3.2846	2466.125	8011.4224
88_3_FITC.tif	2b0b8679-a91b-4eca-8153-e2592383d87f	Cell		Positive	Annotation	Polygon	305.46	1396.7	7.4551	15.095	0.4111	7.2678	1.7056	NaN	5.119	215	5.3154	20	0	20	145.619	6116	16.3423	173	118	55	4.8571	204	5.2618	20	0	20	92.7751	50.4232	0.4585	24.001	5.3756	NaN	2.4444	3.5845	20	0	94.12	31.4727	173	22	1.1356	2.7261	20	0	2.1691	3.2426	15	0	88.8186	27.6403	148	22	0.7525	1.9578	13	0	0.0856	4	119.7048	80.0529	254.5699	64.1436	742.6111	1143.3221
88_3_FITC.tif	82d911ca-2f9e-474f-bb24-e8ddc7e13daa	Cell		Positive	Annotation	Polygon	299.81	1467.3	3.1063	9.7502	0.4106	4.6587	1.0072	NaN	3	54	3.481	12	0	12	80.7778	1454	7.3449	93	68	25	2.9444	53	3.3161	12	0	12	71.031	44.5364	0.45	21.0104	4.3488	NaN	1.3081	2.5056	18	0	41.1977	19.6083	93	4	0.907	2.2413	17	0	1.2147	2.4134	18	0	39.0123	17.6466	91	4	0.7945	2.1175	17	0	0.0438	6	118.7403	116.2793	184.5334	70.8271	2191.3167	3920.9573
88_3_FITC.tif	24f9321c-0535-49b3-a84f-d0c83df0efab	Cell		Positive	Annotation	Polygon	198.72	1542.1	12.2182	22.3071	0.3086	10.7433	1.5034	NaN	8.2923	539	9.8896	40	0	40	92.8	6032	26.2156	147	44	103	8.2923	539	10.0323	40	0	40	111.2059	58.502	0.4083	28.0234	5.0512	NaN	2.5297	4.6665	40	0	32.1524	26.5294	147	2	1.1914	4.4217	40	0	1.7378	2.5125	12	0	23.8182	11.4637	72	2	0.2156	0.8362	11	0	0.1073	6	191.1764	214.8418	314.8075	49.1257	5419.1968	8074.6133
88_3_FITC.tif	e41730d5-89b3-4e4f-8173-d0b9893665af	Cell		Positive	Annotation	Polygon	266.79	1539.7	6.8339	15.7996	0.344	7.1389	1.4028	NaN	6.5854	270	6.7712	26	0	26	67.1707	2754	17.3521	99	34	65	6.4878	266	6.8012	26	0	26	94.846	50.8206	0.4615	24.016	5.1189	NaN	1.7239	3.2793	26	0	20.3826	19.3688	99	1	0.9174	2.9905	26	0	1.2482	2.2082	12	0	15.8043	12.1409	65	1	0.3723	1.4326	12	0	0.0794	6	75.5664	66.4834	158.324	24.447	1172.9312	3152.7834
88_3_FITC.tif	2694985b-ae27-4fa8-aef8-85760535adf9	Cell		Positive	Annotation	Polygon	246.26	1549.4	5.7984	13.8676	0.3789	5.9995	2.0503	NaN	2.5938	83	3.4535	13	0	13	81.125	2596	12.4428	101	57	44	2.5625	82	3.4261	13	0	13	59.227	40.3587	0.4569	16.0695	5.1151	NaN	0.9965	2.0405	13	0	47.934	20.9695	101	2	0.816	1.8992	13	0	0.7969	1.6959	10	0	43.7852	17.904	91	2	0.5977	1.484	10	0	0.1005	6	83.6858	47.3449	204.9008	6.7239	1434.8558	4843.457
88_3_FITC.tif	d963e699-0c0d-4beb-95db-e7120264c33f	Cell		Positive	Annotation	Polygon	246.84	1562.9	11.804	25.6301	0.2258	9.5013	2.1181	NaN	3.2419	201	4.9346	20	0	20	91.7258	5687	12.1496	114	61	53	3.2903	204	5.0745	21	0	21	77.6578	51.1354	0.3732	21.7277	5.7346	NaN	1.7825	3.1336	20	0	52.0531	26.5747	114	5	0.9178	2.5952	21	0	1.4952	2.5543	12	0	44.2444	21.0959	98	5	0.4508	1.3162	9	0	0.1538	5	98.4154	51.0704	282.7754	6.7239	2110.4165	6872.7271
88_3_FITC.tif	2d69bca3-d843-47f2-a785-37153148273d	Cell		Positive	Annotation	Polygon	258.74	1597.3	27.1284	26.5001	0.4854	12.3463	3.4052	NaN	4.2519	574	5.1322	23	0	23	114.5407	15463	27.5315	161	48	113	4.1481	560	5.1202	23	0	23	150.9667	61.9084	0.495	29.0275	6.8339	NaN	2.6914	3.6685	23	0	47.0151	38.2352	161	3	1.0014	2.816	23	0	2.3367	3.1448	17	0	31.6684	18.6949	110	3	0.2862	1.022	9	0	0.1796	5	45.7329	45.5641	74.0521	11.7507	323.9346	527.8781
88_3_FITC.tif	929a31cd-487a-46ce-9bc7-c503918c6c7c	Cell		Positive	Annotation	Polygon	268.87	1600.7	10.1473	21.8221	0.2678	10.5942	1.362	NaN	15.5192	807	15.4723	57	0	57	102.4423	5327	24.8883	154	50	104	14.9808	779	15.7573	57	0	57	81.1783	52.1585	0.375	25.0625	5.0453	NaN	3.2247	7.6242	57	0	34.25	32.0839	154	1	2.1237	7.5923	57	0	1.3663	2.2288	10	0	23.9419	16.7863	95	1	0.1802	0.784	6	0	0.1204	4	37.6065	37.4167	68.6749	6.9177	202.0343	371.545
88_3_FITC.tif	eee633f0-5306-4bd3-9302-5bd9aa65d6ce	Cell		Positive	Annotation	Polygon	271.36	1611.8	5.1772	10.6948	0.5688	4.8384	1.3893	NaN	9.8148	265	11.1357	40	0	40	72.6296	1961	19.6785	111	37	74	9.7407	263	11.1272	40	0	40	51.7718	40.9868	0.3873	19.5863	3.917	NaN	1.873	4.7537	40	0	24.0754	19.9249	111	2	1.3016	4.7095	40	0	0.92	1.5535	7	0	18.2489	9.0357	50	2	0.2889	0.9312	5	0	0.0931	7	68.4612	66.335	145.0355	6.9177	1027.0397	3920.9573
88_3_FITC.tif	40a9692c-a81d-45d8-8fbd-c9a82d37279c	Cell		Positive	Annotation	Polygon	317.47	1650.9	9.526	13.6523	0.6423	5.9238	2.1917	NaN	24.0204	1177	22.9406	72	0	72	115.7755	5673	43.2639	184	29	155	24.1837	1185	22.7373	72	0	72	104.5791	47.8476	0.574	22.01	6.1817	NaN	3.0376	10.0299	72	0	24.3545	34.8059	184	0	2.5267	10.0117	72	0	0.7829	1.8454	13	0	14.5307	12.1517	76	0	0.1996	0.7425	6	0	0.0825	10	205.4771	237.1565	364.3475	47.6161	5578.1392	17219.3672
88_3_FITC.tif	aac0ecb4-2c6c-4b92-bb3e-66cdd18b9320	Cell		Positive	Annotation	Polygon	263.42	1668.8	19.052	22.1652	0.4873	10.4496	2.5801	NaN	2.5638	241	3.381	21	0	21	167.9787	15790	18.2857	196	116	80	3.2872	309	3.7175	21	0	21	93.8106	53.8574	0.4064	25.7335	5.2202	NaN	2.9121	3.9908	21	0	112.2637	38.014	196	46	1.178	2.4668	21	0	3.0028	4.1342	21	0	97.7562	26.7288	166	46	0.6288	1.6247	10	0	0.1969	7	72.3591	68.6749	173.9863	4.6417	604.5447	3120.3511
88_3_FITC.tif	c9ac6d8c-07aa-4649-9849-2cdb3ff361bf	Cell		Positive	Annotation	Polygon	276.99	1671.6	14.289	24.0317	0.3109	10.0225	2.4486	NaN	1.5205	111	3.2494	13	0	13	102.3973	7475	10.4333	122	71	51	1.5342	112	3.0826	12	0	12	68.1317	42.6376	0.4709	19.8803	4.7556	NaN	1.0452	2.3166	13	0	57.9337	35.354	127	4	0.7349	2.005	12	0	0.9112	1.9638	12	0	45.4015	29.2597	127	4	0.5097	1.508	12	0	0.2096	5	28.5595	11.4023	66.4077	7.2499	412.8402	1421.5643
88_3_FITC.tif	d5b372e0-fbce-49bb-b038-2ca220f18daa	Cell		Positive	Annotation	Polygon	266.24	1673.6	2.278	8.269	0.4187	3.9868	0.7557	NaN	0.3846	5	0.6504	2	0	2	141.1538	1835	10.2376	154	126	28	0.4615	6	0.6602	2	0	2	16.1528	23.2122	0.3767	11.2457	2.2982	NaN	0.561	1.5877	10	0	91.1829	35.0496	155	45	0.3902	1.4295	10	0	0.5942	1.7091	10	0	81.7681	29.6227	155	45	0.3768	1.5349	10	0	0.1238	6	20.6133	11.9422	66.335	4.6417	100.7249	376.9858
88_3_FITC.tif	79a9bea4-730f-438e-b2fd-be69c5e553cd	Cell		Positive	Annotation	Polygon	274.64	1683	12.0111	25.2216	0.2373	11.6887	1.6473	NaN	3.5469	227	3.2413	12	0	12	116.7188	7470	20.8178	151	65	86	4.9219	315	4.255	16	0	16	59.4341	51.5476	0.2811	25.3577	3.4661	NaN	1.2552	2.5783	20	0	56.9862	39.3397	151	11	1.5241	3.2349	20	0	0.6062	1.9183	20	0	40.0708	23.7525	134	11	0.5619	2.0392	20	0	0.205	4	9.9312	9.866	16.4263	3.5664	43.7384	100.3583
88_3_FITC.tif	0f88dbca-36f6-4896-ae5e-0e8dd13f568f	Cell		Positive	Annotation	Polygon	265.06	1685.4	8.2835	18.3269	0.3099	8.4614	1.5939	NaN	1.4222	64	2.0393	10	0	10	154.5778	6956	7.7942	169	138	31	1.9333	87	2.5172	10	0	10	61.2979	41.4569	0.4482	17.1498	5.0509	NaN	1.1523	2.3221	12	0	115.8576	28.7613	169	38	0.9536	1.9267	10	0	1.1051	2.3685	12	0	109.0778	25.544	149	38	0.7821	1.7542	10	0	0.137	4	49.3046	13.6217	163.7251	6.25	212.981	586.8742
88_3_FITC.tif	b0794a87-ffde-482f-b686-b1b2beb36efe	Cell		Positive	Annotation	Polygon	278.23	1688.5	10.7685	20.7651	0.3138	10.1633	1.5989	NaN	2.7288	161	2.9115	14	0	14	111.5424	6581	16.6654	137	73	64	2.7288	161	2.7967	13	0	13	61.0908	44.5589	0.3866	21.3597	3.6793	NaN	1.0305	2.0443	14	0	51.8475	36.5366	137	10	0.7797	1.8152	13	0	0.6059	1.4937	10	0	36.9237	21.9819	126	10	0.2924	0.9996	7	0	0.1793	6	76.5275	33.8701	189.7652	3.5664	825.353	3805.3977
88_3_FITC.tif	fa51c179-6345-47b5-992d-55b683bb0dbd	Cell		Positive	Annotation	Polygon	269.02	1697.5	14.289	18.6396	0.5168	7.8425	2.7705	NaN	5.8592	416	6.4615	25	0	25	149.4648	10612	15.7877	181	118	63	5.7606	409	6.506	25	0	25	116.7973	53.3683	0.5153	25.0364	6.206	NaN	2.3841	4.7717	30	0	85.0779	44.4229	181	8	2.2301	4.7243	30	0	1.8846	4.258	30	0	75.8239	39.2346	156	8	1.7227	4.1798	30	0	0.1193	6	65.8986	19.5797	176.0269	14.8432	866.9461	3670.8081
88_3_FITC.tif	4f69f069-75ad-4e41-9d07-108cb52e544d	Cell		Positive	Annotation	Polygon	234.19	1842.4	4.9701	12.1796	0.421	5.8617	1.2113	NaN	11.5769	301	11.4199	35	0	35	59.1154	1537	20.0964	94	24	70	11.6154	302	11.3985	35	0	35	79.1074	48.0924	0.4298	23.0148	4.5484	NaN	1.6423	4.2611	35	0	11.7285	14.8868	94	0	0.9948	4.1522	35	0	0.9188	1.6099	6	0	8.2773	5.7878	36	0	0.2213	0.7335	4	0	0.0605	10	225.8813	168.8557	614.9391	53.2146	3714.2344	10555.3096
88_3_FITC.tif	530f1053-4027-44df-b3c5-2abd39def763	Cell		Positive	Annotation	Polygon	278.8	1876.1	11.804	23.5877	0.2666	10.3926	1.6571	NaN	4.05	243	4.1433	17	0	17	96.6	5796	11.275	114	69	45	3.9333	236	4.1736	17	0	17	90.083	56.9762	0.3487	27.0084	4.6876	NaN	2.5216	3.2651	17	0	47.2415	28.2524	114	5	0.9977	2.3713	17	0	2.2797	3.0404	13	0	39.4274	21.3805	100	5	0.533	1.4875	11	0	0.1299	6	92.159	46.5849	227.8135	2.061	979.0643	3805.3977
88_3_FITC.tif	2b769528-4ecd-4cfc-9745-38e75c6ae9aa	Cell		Positive	Annotation	Polygon	276.45	1873.1	0.8283	4.6723	0.4768	2.2043	0.5461	NaN	0.6667	4	1.2111	3	0	3	80.3333	482	4.3205	86	75	11	0.6667	4	1.2111	3	0	3	20.9158	29.0444	0.3116	14.1515	2.2756	NaN	3.9417	4.4033	21	0	54.5825	14.157	86	20	0.3495	0.9363	4	0	4.1443	4.4511	21	0	52.9897	12.9603	84	20	0.3299	0.9211	4	0	0.0317	6	85.3805	52.2197	187.9714	2.061	973.3253	3670.8081
88_3_FITC.tif	1937fd9e-05a3-4bf1-bbb7-431facbf5c2f	Cell		Positive	Annotation	Polygon	272.16	1911	12.8394	25.2224	0.2536	9.3322	2.2226	NaN	4.1515	274	4.2796	17	0	17	110.8182	7314	18.0614	137	72	65	2.0758	137	2.5378	11	0	11	70.8239	42.5355	0.4919	19.5961	5.2875	NaN	6.8986	5.3963	24	0	70.0232	26.7068	137	30	0.8667	2.0699	12	0	7.5484	5.4347	24	0	60.3728	17.8254	137	30	0.5806	1.8348	12	0	0.1818	5	23.1157	15.377	41.7842	8.7251	27.568	50.0371
88_3_FITC.tif	ea0e6118-621e-4514-9056-c9a2cca656e2	Cell		Positive	Annotation	Polygon	285.21	1919.2	10.5615	16.5135	0.4867	7.6854	1.8471	NaN	13.3519	721	14.9656	51	0	51	96.463	5209	31.4425	152	37	115	13.5185	730	14.8232	50	0	50	102.5083	52.7616	0.4627	25.0065	5.3841	NaN	2.196	6.4447	51	0	25.3333	28.9823	152	1	1.6949	6.4276	50	0	0.8299	1.5842	8	0	16.6236	11.2702	63	1	0.2472	0.8119	6	0	0.0993	7	133.4219	107.3568	270.4401	12.3456	2581.1514	8137.6748
88_3_FITC.tif	b7697b19-7fc3-437a-adbb-39897ed8cc1b	Cell		Positive	Annotation	Polygon	274.39	1925.2	30.856	34.1643	0.3322	14.0079	3.3254	NaN	3.46	519	3.7714	15	0	15	133.0333	19955	27.3845	185	81	104	3.3267	499	3.9178	15	0	15	98.5736	60.2258	0.3415	28.5557	5.6634	NaN	2.1019	3.4157	21	0	73.9855	47.6242	185	4	1.4927	3.2603	21	0	1.4864	3.0544	21	0	47.2266	25.6389	152	4	0.6616	2.5119	21	0	0.3029	4	19.254	10.5354	48.5699	7.3753	92.3451	269.885
88_3_FITC.tif	98ced784-b0ae-4ab2-9cb0-b830f3dc8763	Cell		Positive	Annotation	Polygon	269.19	1921.4	2.485	10.2564	0.2969	4.8777	0.9145	NaN	7.0588	120	5.573	20	2	18	96	1632	10.4163	111	75	36	3.7647	64	4.2504	14	0	14	31.6844	30.9212	0.4164	14.4445	3.3357	NaN	7.6519	6.1281	27	0	59.9557	20.8215	111	29	0.7468	2.2115	14	0	7.7234	6.2061	27	0	55.6099	17.2336	111	29	0.383	1.4768	10	0	0.0813	5	39.7325	42.6921	89.0937	6.1044	523.9691	1306.1504
88_3_FITC.tif	32c7a7b3-9b5d-463d-bfa9-9d3d6111489c	Cell		Positive	Annotation	Polygon	269.88	1934	10.9756	15.4246	0.5797	6.8781	2.3119	NaN	1.9474	111	2.4453	10	0	10	101.1404	5765	7.8909	112	76	36	1.4912	85	1.723	6	0	6	60.8837	38.0702	0.5279	16.8975	4.8207	NaN	2.1735	3.0548	17	0	68.1463	21.9965	112	26	1.0102	2.1281	16	0	2.2278	3.1861	17	0	60.211	16.1173	101	26	0.8945	2.202	16	0	0.1777	7	76.2053	18.425	231.6585	6.1044	871.564	2675.6699
88_3_FITC.tif	c5dd73fa-efc0-4a19-bd8b-0294a9fe0df9	Cell		Positive	Annotation	Polygon	255.21	1964.8	16.1528	26.1481	0.2969	12.7192	1.8233	NaN	11.5	920	5.7961	26	0	26	102.0625	8165	19.0783	139	65	74	3.7625	301	4.3986	17	0	17	119.4894	60.7911	0.4063	29.0103	5.3079	NaN	12.0156	7.1283	33	0	53.9689	25.2352	139	17	0.8806	2.3516	17	0	12.0984	7.3213	33	0	46.243	15.7905	94	17	0.4177	1.339	11	0	0.1328	4	96.6855	83.1716	183.121	37.278	1091.0454	1501.2992
88_3_FITC.tif	28ebcb6c-b3a8-4d95-9b87-2ebefb1a507d	Cell		Positive	Annotation	Polygon	334.32	2014.7	9.3189	20.6919	0.2735	10.0988	1.2151	NaN	14.5208	697	14.9139	48	0	48	99	4752	29.8799	153	43	110	15.25	732	15.2546	48	0	48	97.9523	56.1549	0.3903	27.0065	4.7082	NaN	3.0695	6.5688	48	0	28.4168	27.771	153	3	1.7558	6.6532	48	0	1.7822	2.6523	12	0	20.4824	11.6265	68	3	0.2389	0.8689	8	0	0.0911	6	189.2124	166.9539	364.3475	107.3568	7970.5303	17219.3672
88_3_FITC.tif	ff900c88-0f2b-4a91-8f46-caa6661c9a60	Cell		Positive	Annotation	Polygon	262.34	2147.1	8.4906	22.4246	0.2122	11.0386	1.225	NaN	20	880	21.9609	67	0	67	112.1591	4935	39.5609	177	41	136	20	880	22.0644	67	0	67	100.0232	58.1263	0.372	28.0046	4.614	NaN	4.4504	9.0841	67	0	37.3099	29.5091	177	6	2.0992	8.7331	67	0	2.8955	4.1104	19	0	29.825	13.6785	88	6	0.3091	0.9473	7	0	0.086	10	356.2726	210.9639	1211.5201	27.9143	4859.8384	16168.8887
88_3_FITC.tif	b51f682d-30b7-4e58-bd74-bacc357bb233	Cell		Positive	Annotation	Polygon	286.37	2160.6	29.6135	33.8126	0.3255	13.8471	2.9912	NaN	4.7724	692	5.5022	26	0	26	106.0414	15376	26.5332	155	42	113	5.1517	747	5.7401	26	0	26	135.6422	66.0829	0.3903	31.076	5.6299	NaN	1.6445	3.3614	26	0	45.0499	38.6166	155	2	1.3691	3.4937	26	0	0.7655	1.5769	9	0	27.9109	19.3022	115	2	0.3062	1.1266	9	0	0.2182	7	76.109	10.5004	241.9603	5.693	667.4629	2675.6699
88_3_FITC.tif	1276c26a-8724-40d1-ac49-62cf4d625441	Cell		Positive	Annotation	Polygon	291.99	2156	9.7331	18.329	0.3641	7.8984	2.3861	NaN	4.2692	222	5.4273	20	0	20	70.2885	3655	15.3052	103	33	70	3.8654	201	5.6047	20	0	20	80.3499	46.2002	0.4731	21.0045	5.5216	NaN	1.6272	3.1439	20	0	32.5913	23.3418	103	2	0.9075	2.873	20	0	1.2196	2.3866	20	0	26.7745	18.4321	72	2	0.451	1.7891	20	0	0.1212	6	75.6849	26.0794	238.8255	6.1472	1317.8141	5558.7524
88_3_FITC.tif	e970b361-7bba-44a8-8719-2d948632c4e6	Cell		Positive	Annotation	Polygon	289.84	2166	3.1063	11.3075	0.3053	5.4634	0.7281	NaN	2.9444	53	3.1149	9	0	9	69.6667	1254	7.7536	82	57	25	2.9444	53	3.1524	9	0	9	18.845	30.8554	0.2487	15.155	1.9446	NaN	0.7849	1.8758	9	0	51.3011	16.1102	82	19	1.0645	2.2593	9	0	0.2667	0.8595	4	0	46.8933	14.3918	69	19	0.6133	1.7312	9	0	0.1648	3	6.1316	5.693	7.4606	5.2411	10.7376	17.1165
88_3_FITC.tif	afee04cb-05a8-43ac-86ab-9f2aa52e59fd	Cell		Positive	Annotation	Polygon	281.64	2169.5	10.5615	17.9324	0.4127	8.2873	1.7575	NaN	19.625	1099	18.7632	63	0	63	111.3036	6233	38.4627	178	43	135	19.6607	1101	18.7212	63	0	63	97.5382	53.0875	0.4349	25.0485	5.2933	NaN	2.9004	8.9704	63	0	30.7881	34.5807	178	2	2.4809	9.0076	63	0	0.649	1.3575	7	0	19.9495	12.9841	86	2	0.1683	0.6699	5	0	0.0988	4	36.459	19.4158	98.115	8.8893	369.4508	860.7991
88_3_FITC.tif	ce8941ce-2e8d-4607-8651-9a191388a223	Cell		Positive	Annotation	Polygon	291.71	2174.1	5.3843	13.5542	0.3683	6.4119	1.237	NaN	1.9355	60	2.4074	8	0	8	67.1936	2083	8.404	81	48	33	1.9032	59	2.427	8	0	8	50.1151	35.4243	0.5019	16.5794	4.1224	NaN	1.4204	2.5055	13	0	37.8531	17.8262	81	3	0.8735	2.2352	13	0	1.3458	2.5161	13	0	33.6028	14.5133	72	3	0.7243	2.1719	13	0	0.1137	6	27.9615	11.4951	96.0978	5.2411	324.6665	1531.8892
88_3_FITC.tif	8109f80e-eb2c-477b-9b60-b675ae962161	Cell		Positive	Annotation	Polygon	323.09	2182.3	10.1473	24.104	0.2195	11.8732	1.2704	NaN	21.2222	1146	19.7433	65	0	65	115.7037	6248	38.4426	177	38	139	21.1111	1140	19.8966	65	0	65	108.3067	60.2726	0.3747	29.021	4.9187	NaN	3.6329	9.0665	65	0	29.2237	34.4452	177	0	2.3862	9.0179	65	0	1.6077	2.7811	17	0	19.2665	13.9182	107	0	0.2303	0.8711	10	0	0.0933	8	109.6281	121.94	188.9629	33.8795	2036.759	3897.4099
88_3_FITC.tif	6a153e45-d349-4015-b73a-9aabb70d88b7	Cell		Positive	Annotation	Polygon	290.99	2266.9	7.6622	14.9578	0.4304	7.1244	1.4802	NaN	4.2195	173	4.4917	18	0	18	99.0488	4061	11.1444	120	75	45	4.3171	177	4.8499	18	0	18	90.7043	50.318	0.4502	24.0094	4.9701	NaN	1.7836	2.9363	18	0	58.2187	25.1267	120	1	1.0159	2.5125	18	0	1.5327	2.6084	13	0	54.0126	22.2291	100	1	0.6759	1.8312	12	0	0.0847	7	96.1762	96.0978	122.8038	76.5828	948.8276	2617.5637
88_3_FITC.tif	5c8ef09a-4fd2-4146-aa83-9e9013dcda80	Cell		Positive	Annotation	Polygon	335.1	2334.3	9.3189	13.2954	0.6625	5.5349	2.0346	NaN	20.3333	976	15.8186	52	0	52	129.5625	6219	30.968	171	59	112	20.3125	975	15.7644	52	0	52	66.268	46.1134	0.3916	21.9163	3.8727	NaN	4.1433	9.342	52	0	38.1526	42.3988	171	3	3.2118	9.407	52	0	1.2967	2.2467	11	0	22.0806	14.6754	106	3	0.2051	0.698	5	0	0.1364	4	105.042	131.6401	153.4379	3.45	1441.7108	3462.8669
88_3_FITC.tif	3efcbabe-ffa3-4c53-b7ce-e2068587180f	Cell		Positive	Annotation	Polygon	331.71	2339.5	12.6323	19.5688	0.4145	7.8672	2.1242	NaN	11.7692	765	11.2358	40	0	40	132.1538	8590	32.8378	176	63	113	12.2308	795	11.0025	40	0	40	85.32	51.2996	0.4074	24.0099	4.8592	NaN	2.1719	6.1433	40	0	50.3438	40.9562	176	10	2.0605	6.2012	40	0	0.3793	1.0241	7	0	35.0632	17.4603	106	10	0.1609	0.5806	4	0	0.1456	5	70.4882	42.0864	156.0102	3.45	609.1866	1632.5107
88_3_FITC.tif	6a4802f4-aea8-4c3f-bc7c-bd916daee7fe	Cell		Positive	Annotation	Polygon	297.3	2341.2	12.2182	24.6979	0.2517	10.5845	1.8919	NaN	2.0323	126	3.1725	13	0	13	111.5323	6915	9.937	135	92	43	2.0806	129	3.2101	13	0	13	87.805	54.4909	0.3716	25.9489	5.3709	NaN	2.2066	3.5373	19	0	71.4718	24.2162	135	30	0.8944	2.0535	15	0	2.2363	3.5989	19	0	64.6484	18.6868	112	30	0.6923	1.7101	15	0	0.1346	3	38.3493	32.246	76.5828	6.2193	218.0283	538.3637
88_3_FITC.tif	ce1f89d0-08e6-4505-b20c-8f5fad9b776b	Cell		Positive	Annotation	Polygon	295.63	2352	2.0709	7.9855	0.4081	3.7367	0.6908	NaN	0.75	9	1.0553	3	0	3	106.3333	1276	3.6515	112	102	10	0.8333	10	1.0299	3	0	3	37.0686	32.2276	0.4485	15.0691	3.1518	NaN	1.3111	3.1557	18	0	77.6722	20.9233	112	32	1.0778	2.7472	20	0	1.3512	3.2522	18	0	75.625	20.1276	111	32	1.0952	2.831	20	0	0.0466	5	91.5203	82.6576	204.7088	6.2193	783.4237	1918.824
88_3_FITC.tif	f35cfbbc-08cf-4a99-a060-e36a8c4e1b1e	Cell		Positive	Annotation	Polygon	312.71	2368.4	6.6268	16.1095	0.3209	7.1267	1.3582	NaN	1.6571	58	2.3382	10	0	10	129.8571	4545	8.6777	148	115	33	1.5714	55	2.3173	10	0	10	61.2979	45.3487	0.3746	21.6587	4.1142	NaN	1.064	2.2419	14	0	98.3838	20.6478	148	44	0.9125	2.0987	14	0	0.9847	2.2214	14	0	94.1794	17.9754	133	44	0.8244	2.0566	14	0	0.1014	7	73.458	38.0606	188.9629	5.3411	851.5719	2617.5637
88_3_FITC.tif	f6283f6d-eaea-439d-b663-8090e0396a46	Cell		Positive	Annotation	Polygon	315.04	2377.9	9.3189	16.2947	0.441	7.4688	1.8331	NaN	1.16	58	1.9521	9	0	9	128.8	6440	9.4718	144	107	37	1.18	59	1.8811	9	0	9	70.6168	50.7783	0.3442	24.4795	4.3435	NaN	1.542	2.6945	14	0	104.9768	16.9759	144	59	1.0029	2.1124	12	0	1.6068	2.7984	14	0	100.939	14.4692	134	59	0.9729	2.1506	12	0	0.134	4	58.7734	59.676	110.4006	5.3411	713.5047	1634.1753
88_3_FITC.tif	f4874133-fe99-452d-b447-92302960dd09	Cell		Positive	Annotation	Polygon	334.24	2446.9	3.1063	10.2023	0.375	4.8493	0.8905	NaN	2.6667	48	3.6942	11	0	11	83.3889	1501	7.8	97	70	27	2.5556	46	3.6497	11	0	11	38.9324	28.8076	0.5895	13.0525	4.0156	NaN	1.1526	2.1536	11	0	52.3895	16.9885	97	18	0.7895	1.8878	11	0	0.9942	1.8716	9	0	49.1453	14.1845	79	18	0.6047	1.5007	9	0	0.0788	6	103.7063	95.0497	261.4625	6.1552	843.8833	2003.4236
88_3_FITC.tif	90ac0add-42c2-4e43-ad09-0a2f1218d6a0	Cell		Positive	Annotation	Polygon	334.81	2459.4	7.2481	13.5337	0.4973	6.1497	1.5315	NaN	3.1053	118	3.645	12	0	12	84.2632	3202	12.7463	106	51	55	2.6579	101	3.3874	13	0	13	68.9601	45.5543	0.4176	19.0656	5.3352	NaN	1.1707	2.2841	12	0	43.2754	21.0227	106	13	0.7246	1.8798	13	0	0.9223	1.918	11	0	38.0135	15.3075	84	13	0.4764	1.4164	11	0	0.1026	5	147.3521	195.7712	267.5142	6.1552	6293.1221	16013.8438
88_3_FITC.tif	c2e03116-f155-40ac-8574-bfb902fd82fe	Cell		Positive	Annotation	Polygon	299.82	2485.6	15.5316	19.2845	0.5248	8.7141	2.5748	NaN	5	405	7.3959	34	0	34	96.9383	7852	17.4802	130	65	65	4.7407	384	7.4394	34	0	34	120.939	55.1837	0.4991	26.0021	6.1965	NaN	4.4572	5.1909	34	0	49.3185	24.6245	130	5	0.8904	3.2933	34	0	4.3698	4.7456	18	0	41.6501	15.1887	88	5	0.2704	0.9992	8	0	0.1364	8	322.9183	125.871	1550.9801	45.0859	3326.0854	16168.8887
88_3_FITC.tif	e6c17eaa-c877-4349-b2bf-deab43528bfe	Cell		Positive	Annotation	Polygon	672.34	1476.5	8.6977	15.3335	0.4649	6.9704	1.6837	NaN	11.7447	552	11.9537	42	0	42	105.5745	4962	24.8051	151	68	83	11.6809	549	11.9457	42	0	42	96.2956	49.74	0.4891	23.0575	5.1772	NaN	2.9097	5.4816	42	0	44.086	24.6703	151	9	1.5376	5.1774	42	0	1.9163	2.808	13	0	37.1722	11.6316	81	9	0.3971	1.0885	8	0	0.0906	5	443.3975	452.5587	654.8383	267.1334	34209.9062	38258.8008
88_3_FITC.tif	7796e262-478d-4106-9775-2739ca55518b	Cell		Positive	Annotation	Polygon	500.65	1681.5	4.9701	13.096	0.3642	6.3769	1.1353	NaN	14.56	364	13.9107	43	0	43	68.72	1718	21.7457	106	32	74	13.6	340	13.781	43	0	43	79.7286	48.1244	0.4326	23.0109	4.5559	NaN	1.8782	5.1399	43	0	18.7979	15.5902	106	2	1.1632	4.8125	43	0	1	1.8469	11	0	15.3407	6.5843	46	2	0.3019	0.789	4	0	0.0572	7	475.5085	468.2493	830.2066	208.0817	29843.2539	40958.5625
88_3_FITC.tif	ef373c11-002f-44f2-8931-dc80158e1787	Cell		Positive	Annotation	Polygon	422.46	1874.2	4.3488	9.996	0.5469	4.6313	1.2762	NaN	11.6957	269	11.2833	39	0	39	60.7826	1398	18.2058	95	32	63	11.3043	260	11.4115	38	0	38	77.8649	44.7638	0.4883	21.0101	4.9473	NaN	1.5013	4.1386	39	0	14.2281	14.6308	95	1	0.8966	3.8891	38	0	0.839	1.7603	9	0	11.2034	7.5473	40	1	0.2203	0.6915	5	0	0.053	8	440.5534	360.3783	1018.1984	166.1887	21845.2988	53628.1328
88_3_FITC.tif	ce88bc1f-9b38-4e3d-a66d-3c2f7b569504	Cell		Positive	Annotation	Polygon	726.4	1926.4	11.5969	21.9836	0.3015	10.6511	1.6736	NaN	12.5902	768	11.9057	45	0	45	88.4426	5395	32.5303	141	26	115	12.7049	775	11.9824	45	0	45	111.413	57.0942	0.4295	27.0973	5.352	NaN	1.8237	5.6338	45	0	20.4675	28.3956	141	1	1.6067	5.6655	45	0	0.4498	1.1199	6	0	11.7929	10.4885	70	1	0.1904	0.6171	5	0	0.1062	4	342.8396	347.1536	519.7809	157.2702	17870.9922	31714.3496
88_3_FITC.tif	d1a0f7e9-0769-49c5-8849-a92a23752b2f	Cell		Positive	Annotation	Polygon	595.82	2013.3	10.7685	22.7308	0.2619	10.8927	1.3736	NaN	11.1429	624	11.6188	40	0	40	96.2857	5392	27.6581	143	49	94	10.8214	606	11.8108	39	0	39	107.8925	58.3587	0.3981	28.0378	5.2437	NaN	2.7184	5.3578	40	0	40.3487	24.4785	143	5	1.4674	5.1275	39	0	1.706	2.5731	12	0	33.6266	12.6005	86	5	0.3433	1.0747	8	0	0.1031	7	326.6512	345.6059	542.3283	121.003	19002.9336	38258.8008
88_3_FITC.tif	916cf965-da21-4c2a-932a-d822bebec9b8	Cell		Positive	Annotation	Polygon	603.87	2134.4	15.3245	23.1709	0.3587	11.1357	2.0153	NaN	4.4156	340	5.0036	19	0	19	110.7662	8529	21.327	149	66	83	4.4286	341	4.8461	17	0	17	114.7264	58.7419	0.4178	28.0199	5.3843	NaN	1.3273	2.6571	19	0	58.1403	25.3125	149	27	1.1781	2.579	17	0	0.8309	1.56	11	0	49.6806	12.4004	93	27	0.6555	1.4188	9	0	0.1317	4	232.5189	260.2129	288.6469	121.003	6327.1797	13663.6035
88_3_FITC.tif	8010a180-992d-4044-8ece-89259a961208	Cell		Positive	Annotation	Polygon	369.14	2191.7	4.9701	12.1359	0.4241	5.7849	1.2531	NaN	9.8214	275	8.1833	26	0	26	82.0714	2298	18.6069	108	50	58	9.6786	271	8.0694	27	0	27	79.9357	47.9952	0.4361	23.0013	4.7561	NaN	1.634	3.9342	26	0	28.9433	19.9239	108	4	1.0412	3.5135	27	0	0.9972	2.4523	17	0	24.8111	12.8303	95	4	0.3694	1.4625	17	0	0.0564	7	192.0205	180.1447	322.1146	46.9042	6964.7544	16024.8311
88_3_FITC.tif	68832826-5bf7-4372-9abf-9c9321be7500	Cell		Positive	Annotation	Polygon	456.59	2271.4	6.8339	13.1039	0.5001	6.04	1.3738	NaN	22.1143	774	22.2509	73	0	73	109.7714	3842	31.5679	164	50	114	22.2857	780	23.0301	73	0	73	88.0121	47.5396	0.4894	22.0795	5.1292	NaN	2.1056	8.7442	73	0	35.6972	25.8691	164	10	2.0469	8.9389	73	0	0.3146	1.0081	8	0	29.0665	10.2902	85	10	0.2353	0.8863	7	0	0.0719	6	257.079	196.0016	591.6322	41.9413	12540.79	18830.6816
88_3_FITC.tif	1806d95d-848a-4e5e-8bc5-14165db41e28	Cell		Positive	Annotation	Polygon	488.23	2298.7	10.9756	17.5804	0.4463	8.1686	2.1501	NaN	10.4035	593	11.8756	39	0	39	82.2456	4688	26.6279	126	35	91	10.8596	619	12.4534	39	0	39	108.928	51.6548	0.513	24.1117	5.9268	NaN	1.7951	5.1358	39	0	26.6338	22.9555	126	6	1.3435	5.2747	39	0	0.7511	1.6259	9	0	19.8894	9.2132	75	6	0.1894	0.588	4	0	0.1003	4	274.2765	218.7569	617.6508	41.9413	13825.6318	31449.5547
88_3_FITC.tif	b72cfaed-7cef-44ea-8884-6783827b3fde	Cell		Positive	Annotation	Polygon	567.46	2407.6	3.5205	11.5417	0.3321	5.4728	1.0352	NaN	0.1429	3	0.4781	2	0	2	118.381	2486	2.0119	121	115	6	0.2857	6	0.7838	3	0	3	49.2868	34.3704	0.5243	15.0793	4.2729	NaN	0.5208	1.2674	7	0	97.3875	18.8676	126	48	0.5833	1.3727	7	0	0.5571	1.3134	7	0	95.3744	18.5306	126	48	0.6119	1.4142	7	0	0.0744	4	182.1794	160.3487	398.0285	9.9916	2797.6008	7589.1514
88_3_FITC.tif	8d32afec-4fea-4e91-aad8-db550bdaa0d4	Cell		Positive	Annotation	Polygon	566.39	2423.1	14.7032	27.8966	0.2374	11.072	2.3471	NaN	1.9367	153	3.069	15	0	15	122.9747	9715	13.3359	142	91	51	2.1013	166	3.0617	15	0	15	101.4728	53.6301	0.4433	24.3622	5.7984	NaN	0.6762	1.754	15	0	79.6517	31.9547	142	8	0.8615	1.9653	15	0	0.4345	1.2314	8	0	71.3447	27.4533	130	8	0.6238	1.5728	9	0	0.1518	4	214.347	163.8077	519.7809	9.9916	4649.4756	13663.6035
88_3_FITC.tif	d3b5992e-527b-4f02-b10e-40e650934692	Cell		Positive	Annotation	Polygon	527.95	2425.8	7.8693	16.7018	0.3545	7.8894	1.5858	NaN	11.5682	509	10.8893	34	0	34	93.3182	4106	25.3191	136	41	95	11.5909	510	11.2028	34	0	34	98.1594	52.4471	0.4484	25.0062	5.1772	NaN	1.7768	4.9764	34	0	39.3053	22.6847	136	12	1.5074	4.9959	34	0	0.7773	2.1516	17	0	33.7912	13.1965	87	12	0.478	1.8699	17	0	0.085	7	176.0627	169.7693	417.4239	38.9685	6653.3354	16013.8438
