Image	Object ID	Object type	Name	Classification	Parent	ROI	Centroid X µm	Centroid Y µm	Nucleus: Area	Nucleus: Perimeter	Nucleus: Circularity	Nucleus: Max caliper	Nucleus: Min caliper	Nucleus: Eccentricity	Nucleus: Red mean	Nucleus: Red sum	Nucleus: Red std dev	Nucleus: Red max	Nucleus: Red min	Nucleus: Red range	Nucleus: Green mean	Nucleus: Green sum	Nucleus: Green std dev	Nucleus: Green max	Nucleus: Green min	Nucleus: Green range	Nucleus: Blue mean	Nucleus: Blue sum	Nucleus: Blue std dev	Nucleus: Blue max	Nucleus: Blue min	Nucleus: Blue range	Cell: Area	Cell: Perimeter	Cell: Circularity	Cell: Max caliper	Cell: Min caliper	Cell: Eccentricity	Cell: Red mean	Cell: Red std dev	Cell: Red max	Cell: Red min	Cell: Green mean	Cell: Green std dev	Cell: Green max	Cell: Green min	Cell: Blue mean	Cell: Blue std dev	Cell: Blue max	Cell: Blue min	Cytoplasm: Red mean	Cytoplasm: Red std dev	Cytoplasm: Red max	Cytoplasm: Red min	Cytoplasm: Green mean	Cytoplasm: Green std dev	Cytoplasm: Green max	Cytoplasm: Green min	Cytoplasm: Blue mean	Cytoplasm: Blue std dev	Cytoplasm: Blue max	Cytoplasm: Blue min	Nucleus/Cell area ratio	Delaunay: Num neighbors	Delaunay: Mean distance	Delaunay: Median distance	Delaunay: Max distance	Delaunay: Min distance	Delaunay: Mean triangle area	Delaunay: Max triangle area
88_5_FITC.tif	4834fe38-677d-4f92-b34f-b635bcd02b93	Cell		Positive	Annotation	Polygon	178.48	107.84	3.7276	9.638	0.5043	3.8544	1.0978	NaN	2.2105	42	2.4626	7	0	7	67.9474	1291	5.4209	78	60	18	2.0526	39	2.4827	7	0	7	73.1018	43.0734	0.4951	20.0214	4.5559	NaN	3.4802	4.557	21	0	45.6977	15.2348	80	8	0.8249	2.0428	13	0	3.5522	4.6393	21	0	44.4358	14.6273	80	8	0.7552	1.997	13	0	0.0409	10	300.078	293.648	592.4413	96.0136	3334.8406	8137.2935
88_5_FITC.tif	467747aa-bb90-4173-9b75-e569db96074e	Cell		Positive	Annotation	Polygon	271.99	130.03	4.9701	11.8494	0.4448	5.5283	1.1597	NaN	20.25	486	4.0459	28	10	18	87.25	2094	6.34	99	74	25	2.25	54	3.2471	11	0	11	78.279	46.4821	0.4553	22.0052	4.5559	NaN	19.5567	8.0006	45	2	63.628	13.711	99	30	0.7942	1.817	11	0	19.5099	8.2006	45	2	62.031	12.5593	94	30	0.6958	1.6392	9	0	0.0568	7	225.3289	194.6199	520.3206	96.0136	4792.2661	15349.9766
88_5_FITC.tif	a188d217-8c09-41b4-991c-43da68cd09fc	Cell		Positive	Annotation	Polygon	252.27	296.7	19.8804	32.2609	0.24	15.6166	1.8156	NaN	51.9314	5297	15.5692	90	17	73	78.0294	7959	13.234	103	38	65	2.4314	248	3.2987	13	0	13	113.2768	61.6452	0.3746	29.7682	5.6502	NaN	24.1894	20.5439	90	0	41.2131	24.1291	103	5	0.7559	2.0767	13	0	17.8591	15.7324	74	0	32.8121	17.1751	91	5	0.3736	1.4305	13	0	0.1799	5	132.8109	170.6298	219.7606	9.7327	4112.1172	8137.2935
88_5_FITC.tif	b924036f-2782-4a4e-8f81-e486ee3e8120	Cell		Positive	Annotation	Polygon	190.83	296.94	6.0055	12.6144	0.4743	5.9388	1.4253	NaN	3.6562	117	4.9488	17	0	17	68.25	2184	13.1247	94	44	50	3.5625	114	4.8389	17	0	17	77.2436	47.1928	0.4358	22.6776	4.8447	NaN	1.0508	2.5408	17	0	31.6631	17.8798	94	6	0.7086	2.4149	17	0	0.807	2.0344	14	0	28.2398	14.0235	85	6	0.4415	1.8478	14	0	0.0746	5	57.0421	27.1934	189.6997	13.5503	221.7969	686.8665
88_5_FITC.tif	4fb2f3b1-356d-41d4-bcc7-1990dd960af7	Cell		Positive	Annotation	Polygon	195.5	308.06	17.6024	22.3274	0.4437	10.2559	2.6723	NaN	4.7416	422	5.5688	24	0	24	129.573	11532	37.9015	195	44	151	4.8876	435	5.7296	24	0	24	85.9413	54.7583	0.3602	26.1726	5.0398	NaN	1.3612	3.3179	24	0	53.811	47.6783	196	2	1.189	3.3998	24	0	0.4468	1.3175	16	0	33.3161	22.9313	196	2	0.1884	1.0824	16	0	0.2008	6	89.055	54.8739	202.8934	6.1532	2143.2168	5928.0972
88_5_FITC.tif	5e3e2a6e-9bf0-42e6-addd-1504796ecfb5	Cell		Positive	Annotation	Polygon	254.45	308.48	6.6268	11.6743	0.611	5.1757	1.8676	NaN	52.4167	1887	10.4235	69	35	34	86.4167	3111	13.4278	110	56	54	1.6944	61	2.459	9	0	9	30.0277	35.8747	0.2932	17.2765	2.7974	NaN	24.96	20.5403	69	0	45.9133	27.4529	110	14	0.5733	1.4807	9	0	16.2895	14.3753	65	0	33.1228	15.8187	96	14	0.2193	0.7009	4	0	0.2278	5	84.8959	15.2539	210.8627	8.6042	287.0366	424.4778
88_5_FITC.tif	9ada49fd-5a49-4b48-a245-04851b80d56b	Cell		Positive	Annotation	Polygon	193.63	317.85	17.3953	24.1007	0.3763	11.2951	2.3314	NaN	3.0674	273	4.1555	20	0	20	141.236	12570	31.0308	192	59	133	3.1124	277	4.1654	20	0	20	49.9081	48.6576	0.2649	23.5646	3.2272	NaN	1.5122	3.0875	20	0	74.9919	58.3095	192	9	1.1789	2.9068	20	0	0.6306	1.7515	11	0	37.4395	29.5597	179	9	0.0828	0.3749	3	0	0.357	4	19.7359	13.9567	44.877	6.1532	31.9815	47.9642
88_5_FITC.tif	061de189-3f20-40bc-a55e-6e272d65409c	Cell		Positive	Annotation	Polygon	255.36	318.78	17.6024	29.0814	0.2615	13.4314	2.1962	NaN	61.9783	5702	12.453	87	30	57	98.4022	9053	13.4622	119	58	61	2.663	245	2.8872	12	0	12	70.2026	51.8123	0.3286	25.023	4.6198	NaN	33.7749	22.7571	87	0	55.8304	30.8982	119	10	0.7895	1.9106	12	0	23.396	15.8276	78	0	40.164	18.0321	98	10	0.1	0.4227	3	0	0.2528	6	90.284	23.4344	276.5152	6.6827	1163.9678	5505.96
88_5_FITC.tif	6279797e-fd8e-4fd1-a006-318818565687	Cell		Positive	Annotation	Polygon	190.28	325.49	34.9978	35.4871	0.3492	16.3723	3.5743	NaN	3.3642	582	4.0203	19	0	19	96.9942	16780	18.5571	130	60	70	2.8497	493	3.6457	15	0	15	123.8382	63.5762	0.385	30.4954	6.1303	NaN	1.2371	2.6804	19	0	48.2803	36.3556	130	1	0.932	2.3745	15	0	0.3814	1.0213	6	0	28.6814	19.357	109	1	0.1605	0.7095	6	0	0.2837	4	20.4185	18.236	36.3588	8.8433	54.3802	72.1441
88_5_FITC.tif	bdf7d02f-f79a-488a-977c-68a59ae780f8	Cell		Positive	Annotation	Polygon	257.37	324.45	10.1473	20.8796	0.2925	10.2201	1.5786	NaN	61.7636	3397	9.9013	79	33	46	84.0364	4622	16.0358	110	50	60	1.2909	71	2.0965	10	0	10	37.2757	49.867	0.1884	24.5553	2.0757	NaN	33.5924	23.7299	79	0	47.1685	30.8258	110	6	0.5	1.383	10	0	21.5814	16.6526	75	0	31.4496	20.4202	90	6	0.1628	0.7048	6	0	0.2646	4	56.8488	13.0463	194.6199	6.6827	167.7009	415.2912
88_5_FITC.tif	50d14a18-3708-4c55-9d89-6de59d9ef32c	Cell		Positive	Annotation	Polygon	259.26	334.28	29.8206	40.0393	0.2338	19.3784	2.4287	NaN	58.2282	8676	12.17	90	21	69	82.2953	12262	11.0267	101	48	53	0.9128	136	1.4884	6	0	6	101.4728	64.2713	0.3087	31.4775	5.741	NaN	31.5366	23.0836	90	0	48.5752	27.8168	101	7	0.3659	1.045	6	0	19.9417	15.99	79	0	33.9271	18.6465	96	7	0.1283	0.6497	6	0	0.2985	5	57.624	17.4909	205.172	10.8386	977.2311	4381.2656
88_5_FITC.tif	4b5affbc-2f1a-41b5-9251-e3cea84d152e	Cell		Positive	Annotation	Polygon	185.57	333.18	20.0875	28.1119	0.3194	11.3602	2.9405	NaN	2.7941	285	3.7053	16	0	16	88.8333	9061	16.7048	125	55	70	2.4902	254	3.6062	15	0	15	111.413	59.3496	0.3975	28.0289	5.3625	NaN	1.4156	2.5268	16	0	45.82	26.5747	125	5	0.6883	2.0035	15	0	1.0938	2.037	11	0	35.7803	16.5206	82	5	0.2677	1.0019	8	0	0.1845	6	97.5517	88.7614	224.771	9.2785	1085.7892	4807.3413
88_5_FITC.tif	e96fa2c1-a043-4212-8873-cc8dce0593f5	Cell		Positive	Annotation	Polygon	301.59	338.63	29.6135	36.1586	0.2846	14.9626	3.0859	NaN	5.5833	804	5.0942	22	0	22	117.3264	16895	20.0206	151	74	77	3.4931	503	4.2492	19	0	19	156.7652	67.0679	0.438	32.0123	6.5853	NaN	9.0343	10.9735	57	0	59.9696	34.9987	151	6	0.9234	2.4996	19	0	9.845	11.7994	57	0	46.4959	21.5305	125	6	0.3197	1.2572	11	0	0.1891	9	166.4865	189.4427	323.6602	41.5862	4762.6875	17496.209
88_5_FITC.tif	a7ba4a22-991f-40bc-acb0-aadf2a163a16	Cell		Positive	Annotation	Polygon	261.39	349.08	10.9756	18.5706	0.3999	8.6359	1.8904	NaN	49.7241	2884	15.1018	79	10	69	81.8103	4745	17.4632	112	41	71	3.069	178	3.4533	13	0	13	73.516	49.3891	0.3787	23.7838	4.7346	NaN	14.4246	18.8407	79	0	36.5978	24.407	112	1	0.6425	1.8412	13	0	7.6	9.5871	47	0	27.8567	13.4138	70	1	0.1733	0.6413	6	0	0.1469	7	116.4798	102.6145	248.3501	11.899	1694.7448	4375.3955
88_5_FITC.tif	60707694-8c81-4b25-aba6-9bae6ce643c2	Cell		Positive	Annotation	Polygon	188.38	361.28	8.0764	17.854	0.3184	6.9358	1.7871	NaN	3.2273	142	4.2254	18	0	18	70.8182	3116	11.4308	97	49	48	2.9773	131	4.0375	18	0	18	98.5736	50.912	0.4779	24.0033	5.567	NaN	1.0797	2.283	18	0	38.1153	17.8552	97	6	0.7568	2.1222	18	0	0.8614	1.857	15	0	34.7921	14.7742	80	6	0.5312	1.6693	15	0	0.0839	6	71.9034	47.9292	151.71	28.2518	844.6265	3501.1643
88_5_FITC.tif	25441473-fd19-4ba8-9a0f-5c95a8f55061	Cell		Positive	Annotation	Polygon	294.89	441.51	31.6844	38.1057	0.2742	17.0707	2.6555	NaN	4.1948	646	4.9151	19	0	19	151.6234	23350	22.2344	194	102	92	3.4675	534	4.809	20	0	20	121.7674	68.5365	0.3258	33.1545	5.1279	NaN	5.5253	5.7184	33	0	87.5152	48.9782	194	17	1.3547	3.2372	20	0	5.9932	5.9095	33	0	64.9749	33.3706	162	17	0.6119	1.9874	14	0	0.2646	6	48.436	36.5289	104.9458	2.2453	488.7319	2110.8284
88_5_FITC.tif	2fe2c033-269c-4091-a0c4-a1748c41cf55	Cell		Positive	Annotation	Polygon	298.51	442.46	9.7331	18.274	0.3663	8.8077	1.4103	NaN	5.1961	265	5.5137	17	0	17	145.9412	7443	18.5498	169	97	72	4.9608	253	5.4515	16	0	16	43.4883	38.0337	0.3778	18.0583	3.3587	NaN	3.9343	4.5063	17	0	77	47.4206	169	18	1.2958	3.3845	16	0	3.537	4.0786	16	0	55.2963	29.5742	156	18	0.142	0.5091	3	0	0.2259	5	44.2174	20.8078	105.5795	2.2453	253.4599	1156.5498
88_5_FITC.tif	436c9212-0d65-4607-80f2-4c1c9c35ea13	Cell		Positive	Annotation	Polygon	296.24	452.64	3.3134	9.4481	0.4664	4.2796	1.2068	NaN	2.9412	50	2.9041	8	0	8	140.7647	2393	10.3412	155	125	30	1.0588	18	1.5195	5	0	5	9.1118	18.8086	0.3237	9.065	1.6166	NaN	3.4	4.3612	21	0	122.66	18.2998	155	85	0.56	1.1278	5	0	3.6364	4.9738	21	0	113.3333	13.9814	143	85	0.303	0.7699	3	0	0.3081	3	9.547	7.7525	13.8824	7.0061	7.4037	9.0048
88_5_FITC.tif	6355b0f4-a661-401d-833d-03da34d46f85	Cell		Positive	Annotation	Polygon	297	465.82	29.8206	42.1695	0.2107	20.7262	2.1862	NaN	5.8639	862	6.2314	27	0	27	149.1633	21927	23.9954	194	100	94	4.8435	712	6.0926	27	0	27	122.1816	61.6242	0.4043	29.1409	5.6386	NaN	4.6521	5.1768	27	0	87.0168	44.2664	194	23	1.5429	3.7591	27	0	4.2545	4.7211	24	0	66.625	26.9998	136	23	0.4598	1.3768	9	0	0.2457	8	31.4625	27.3925	65.4287	13.8824	97.4358	315.0278
88_5_FITC.tif	1f0132ef-403f-45fa-a8cb-d5102adfc19b	Cell		Positive	Annotation	Polygon	147.16	467.32	13.2536	22.8341	0.3194	10.9584	1.728	NaN	4.0571	284	4.1033	15	0	15	106.9429	7486	33.3214	164	41	123	4.4	308	4.2712	16	0	16	79.9357	54.0424	0.3439	25.9139	4.5068	NaN	1.0282	2.4467	15	0	39.9538	39.0297	164	2	0.9615	2.5333	16	0	0.3656	1.0975	7	0	25.3	20.4278	149	2	0.2094	0.8472	7	0	0.1698	5	138.662	141.826	362.525	4.619	2247.9355	4807.3413
88_5_FITC.tif	96fe7bf6-d6a2-4bea-bebc-dea7783cdcb2	Cell		Positive	Annotation	Polygon	120.83	477.64	47.2159	44.6199	0.298	19.1102	4.3506	NaN	2.2203	524	3.1573	16	0	16	138.9025	32781	24.8946	177	72	105	2.25	531	3.104	16	0	16	143.3045	75.92	0.3124	36.0541	5.9485	NaN	0.9885	2.236	16	0	77.2338	52.9552	177	6	0.8716	2.165	16	0	0.3523	1.1222	12	0	45.3873	30.8468	145	6	0.1597	0.8102	11	0	0.338	4	97.9406	6.8658	374.7717	3.259	397.8683	966.9047
88_5_FITC.tif	889499d8-3b64-483c-90b5-e6f53d05803a	Cell		Positive	Annotation	Polygon	150.1	475.26	15.5316	20.7769	0.4521	9.7095	2.2699	NaN	5.9615	465	6.247	28	0	28	117.6795	9179	28.8982	156	51	105	5.9231	462	6.2352	28	0	28	80.9712	52.2179	0.3732	25.0881	4.3719	NaN	1.4745	3.6726	28	0	41.0918	42.9992	156	2	1.2832	3.6523	28	0	0.3599	0.9925	7	0	22.0669	16.7156	100	2	0.1306	0.6336	7	0	0.189	6	98.7797	113.2022	153.9227	4.619	1384.413	3501.1643
88_5_FITC.tif	9b476220-5ff1-48e9-93f2-eb5427dc297e	Cell		Positive	Annotation	Polygon	116.71	488.6	59.8483	57.4417	0.2279	22.0636	4.6459	NaN	1.5035	430	2.3347	14	0	14	148.3322	42423	30.9706	198	65	133	1.7448	499	2.3962	14	0	14	148.2746	81.3372	0.2816	37.854	6.5784	NaN	1	1.9944	14	0	91.7587	56.287	198	8	0.8605	1.8559	14	0	0.6659	1.6523	9	0	54.2181	33.1423	170	8	0.2738	1.0317	10	0	0.3949	5	12.821	8.1335	36.6974	4.2162	35.8185	94.8777
88_5_FITC.tif	0391c194-f0f8-4691-90e0-f7eef4f41604	Cell		Positive	Annotation	Polygon	124.32	479.47	6.2126	14.8144	0.3557	6.628	1.2533	NaN	3.0294	103	4.0712	17	0	17	105	3570	12.24	125	77	48	3.0588	104	4.0672	17	0	17	51.9789	46.0842	0.3076	22.5537	3.4552	NaN	1.0906	2.9775	19	0	54.3937	31.9827	125	6	1.0591	2.9341	19	0	0.7909	2.659	19	0	46.5727	26.4591	108	6	0.75	2.5954	19	0	0.1132	6	101.3131	35.3773	375.5215	3.259	1409.6238	4196.1377
88_5_FITC.tif	9f8a89b8-bede-427e-a958-0ad4382dff79	Cell		Positive	Annotation	Polygon	114.59	476.77	2.278	7.9735	0.4503	3.7937	0.751	NaN	1.1667	14	2.0817	6	0	6	110.25	1323	13.6657	130	89	41	1.25	15	2.0505	6	0	6	15.3245	23.15	0.3593	11.1038	1.9351	NaN	0.9221	1.9719	9	0	74.8312	24.0752	136	33	0.3247	1.0568	6	0	0.8769	1.9646	9	0	68.2923	19.4307	136	33	0.1538	0.643	4	0	0.118	5	122.6771	8.6383	376.9781	5.5981	1090.1554	4393.0996
88_5_FITC.tif	67a8c1d8-f7db-4f2d-8241-07c75cbb3abf	Cell		Positive	Annotation	Polygon	297.52	489.24	24.6434	31.8902	0.3045	14.6144	2.8168	NaN	8.2712	976	6.908	29	0	29	153.822	18151	20.9426	191	105	86	5.3136	627	6.0774	27	0	27	106.65	59.3707	0.3802	28.0933	5.7098	NaN	4.3603	5.3412	29	0	89.3526	43.0088	191	23	1.6127	3.8417	27	0	3.2095	4.1408	22	0	70.3815	26.0813	161	23	0.5237	1.755	15	0	0.2144	3	16.9208	20.1851	24.909	5.6684	40.6162	46.0868
88_5_FITC.tif	9eda6dac-488a-4338-9d5f-f1ad2090dd61	Cell		Positive	Annotation	Polygon	112.57	488.61	12.6323	24.7312	0.2595	11.0992	1.7373	NaN	2.2239	149	2.7624	12	0	12	116.2687	7790	13.6721	141	86	55	2.7761	186	3.147	12	0	12	67.0963	52.096	0.3107	25.5157	3.6179	NaN	3.2744	5.5447	26	0	77.0366	30.3043	141	17	0.9512	2.0298	12	0	3.5441	6.0309	26	0	66.9655	24.6802	126	17	0.4828	1.2606	9	0	0.1966	4	63.4477	20.964	207.6465	4.2162	94.595	260.7772
88_5_FITC.tif	48d497d2-d179-4f25-8f2f-7d2d15d795d6	Cell		Positive	Annotation	Polygon	290.72	494.56	17.3953	22.3748	0.4366	9.0872	2.7541	NaN	3.9205	345	3.1007	13	0	13	126.8182	11160	17.9165	160	94	66	3.1477	277	3.2075	13	0	13	96.5027	55.1648	0.3985	26.0261	4.7988	NaN	2.2111	3.1677	17	0	68.2217	35.6021	160	11	0.8827	1.9669	13	0	1.8163	3.0535	17	0	54.6877	22.5557	132	11	0.3596	0.973	5	0	0.177	7	60.6122	51.4487	151.0593	2.5613	618.3917	2953.6199
88_5_FITC.tif	cb765bfb-fcb0-46ef-9069-311624b790c6	Cell		Positive	Annotation	Polygon	294.02	495.91	12.8394	19.5269	0.4231	8.6735	2.0762	NaN	5.6	364	4.5682	17	0	17	142.9692	9293	16.0244	166	104	62	2.7385	178	2.5389	11	0	11	49.0797	49.4328	0.2524	24.0127	2.5634	NaN	4.325	4.493	18	0	91.7708	39.66	166	27	1.0625	1.9875	11	0	3.8514	4.384	18	0	72.7543	26.8911	136	27	0.44	1.2711	10	0	0.2566	4	13.6382	11.0577	29.8759	2.5613	50.9991	121.8487
88_5_FITC.tif	6e79ee6b-1bc3-4226-a6f1-6d7c710e09d9	Cell		Positive	Annotation	Polygon	300.63	509.57	5.1772	12.3561	0.4261	5.7079	1.2425	NaN	3.5357	99	3.2258	12	0	12	152.5357	4271	7.1827	165	135	30	1.1429	32	1.6934	5	0	5	80.1428	46.8902	0.458	22.0217	4.5559	NaN	5.4936	4.9662	22	0	119.0617	31.0627	165	39	0.6658	1.5603	10	0	5.6454	5.0477	22	0	116.4654	30.6946	160	39	0.6288	1.5458	10	0	0.0643	8	34.1378	30.2225	74.7178	16.447	238.5478	904.8015
88_5_FITC.tif	5441e404-e687-404d-93f6-184c62dc7e8d	Cell		Positive	Annotation	Polygon	198.2	512.66	8.6977	22.5587	0.2148	9.7141	1.7584	NaN	61.5918	3018	4.8171	71	48	23	85.898	4209	6.3484	102	73	29	1.0204	50	1.8084	9	0	9	107.8925	55.0795	0.4469	26.0613	5.3658	NaN	41.9176	15.799	71	0	60.6533	16.3238	102	16	0.5134	1.4756	14	0	39.8795	15.1266	69	0	58.0381	14.7314	87	16	0.4609	1.4288	14	0	0.0903	10	149.5426	169.5	219.7606	62.2463	2511.6699	5848.2734
88_5_FITC.tif	899a535a-0204-4ba2-8ee6-b6e856cf4437	Cell		Positive	Annotation	Polygon	106.65	520.35	59.0199	49.2	0.3064	20.4522	4.1176	NaN	2.2069	640	2.9585	14	0	14	147.6172	42809	26.2588	193	86	107	2.1828	633	2.856	13	0	13	232.352	79.7385	0.4592	37.085	8.0335	NaN	2.525	4.7417	29	0	81.1934	48.5644	193	14	0.9528	2.3741	24	0	2.6358	5.219	29	0	58.0409	29.4167	148	14	0.524	2.0136	24	0	0.2578	5	80.391	44.5485	174.4697	33.2898	1575.3302	5804.6875
88_5_FITC.tif	0d19332b-7908-4439-8354-ce286001e0cf	Cell		Positive	Annotation	Polygon	316.47	523.9	9.7331	21.2442	0.271	9.684	1.2477	NaN	1.537	83	1.9591	9	0	9	126.5926	6836	11.0086	141	101	40	1.6667	90	1.9715	9	0	9	71.8593	47.5743	0.399	22.3087	4.694	NaN	2.1567	3.3664	19	0	75.3846	36.6252	141	16	1.0826	2.4205	19	0	2.2694	3.5539	19	0	66.0741	31.6079	133	16	0.9764	2.4816	19	0	0.1395	9	53.6921	34.644	189.4427	8.1174	346.3119	1272.4442
88_5_FITC.tif	e3e22c31-09a4-4bbd-879f-dc9ada9e3b90	Cell		Positive	Annotation	Polygon	315.24	536.79	10.3544	19.9974	0.3254	7.6994	2.2369	NaN	3.5357	198	4.0044	15	0	15	133.125	7455	14.7735	160	105	55	3.2857	184	4.0619	15	0	15	59.0199	47.3354	0.331	22.5971	4.2115	NaN	2.189	3.3055	16	0	81.6564	37.5746	160	20	0.9966	2.5168	16	0	1.8681	3.0389	16	0	69.3915	30.2225	132	20	0.4511	1.5555	16	0	0.1806	3	14.1704	8.1174	26.7915	7.6022	29.0624	49.3324
88_5_FITC.tif	501f9a96-fa77-4873-95e6-b83d0d28985c	Cell		Positive	Annotation	Polygon	313.37	543.38	6.8339	14.842	0.3898	6.9225	1.4334	NaN	1.8571	65	2.1712	9	0	9	130.5429	4569	8.4448	143	107	36	1.9429	68	2.1685	9	0	9	36.4474	42.3696	0.2551	20.7959	2.6436	NaN	1.0112	1.7926	9	0	102.1955	26.5478	143	33	0.8715	1.6994	9	0	0.8056	1.6313	7	0	95.3056	24.8163	131	33	0.6111	1.4586	7	0	0.1768	5	19.1458	15.6302	49.5115	2.5105	54.8165	137.0987
88_5_FITC.tif	002845eb-1227-4d87-b980-a7044d0278ce	Cell		Positive	Annotation	Polygon	311.55	544.17	7.8693	16.8557	0.3481	8.0245	1.2016	NaN	2.1842	83	2.8366	10	0	10	133.5263	5074	11.3059	154	109	45	2.1053	80	2.6791	11	0	11	32.9269	48.8425	0.1734	23.7387	1.9367	NaN	1.589	2.6591	12	0	87.0429	39.1258	154	28	0.5951	1.6202	11	0	1.408	2.5875	12	0	72.912	33.1417	130	28	0.136	0.6136	4	0	0.2156	5	21.5589	17.9565	47.6475	2.5105	61.1193	175.5986
88_5_FITC.tif	dc8accc9-ed2e-4df9-8e9f-683af90db07d	Cell		Positive	Annotation	Polygon	309.46	548.77	10.9756	19.7083	0.3551	9.4993	1.7105	NaN	2.2679	127	3.006	12	0	12	132.3393	7411	13.7765	154	96	58	2.2679	127	2.9634	12	0	12	69.7884	51.5365	0.3302	24.7902	3.8221	NaN	1.0236	2.2596	14	0	85.9941	29.7577	154	34	0.5605	1.6039	12	0	0.7774	1.9973	14	0	76.8233	22.6588	143	34	0.2226	0.8229	7	0	0.1545	5	46.4854	45.4435	94.7472	2.8555	639.7014	2045.8324
88_5_FITC.tif	7df99641-e627-43f2-bf9c-23e1b25ca866	Cell		Positive	Annotation	Polygon	320.32	561.65	55.9136	58.5869	0.2047	23.6517	4.3185	NaN	1.5164	417	2.7833	17	0	17	123.3527	33922	19.9451	159	74	85	1.6145	444	2.8548	17	0	17	228.0032	83.7935	0.4081	40.0113	7.6622	NaN	0.723	1.8539	17	0	67.2834	39.3179	159	10	0.6558	1.7864	17	0	0.4588	1.3152	10	0	48.6162	23.0709	132	10	0.3366	1.0677	9	0	0.2482	5	25.1041	26.7915	34.644	13.3	115.7982	198.6449
88_5_FITC.tif	065a6366-f7f0-4d3e-9d53-c18eed8001ad	Cell		Positive	Annotation	Polygon	332.64	566.57	9.7331	21.1924	0.2723	10.3549	1.4764	NaN	0.7843	40	1.1716	4	0	4	88.3529	4506	9.6764	101	61	40	0.9216	47	1.1974	4	0	4	101.6799	56.5668	0.3993	27.0084	4.9685	NaN	1.0671	2.4869	19	0	50.0528	23.5191	101	9	0.8232	2.2689	18	0	1.0998	2.5953	19	0	45.6236	20.4189	100	9	0.8118	2.3623	18	0	0.0964	7	69.4082	42.9401	230.619	13.3	564.7697	1272.4442
88_5_FITC.tif	89e3511c-9b2e-4f98-8a95-aa3b88828c81	Cell		Positive	Annotation	Polygon	164.74	579.32	13.8749	25.3393	0.2715	11.2184	2.4973	NaN	2.8286	198	3.1621	11	0	11	71.1	4977	10.1455	87	47	40	1.9	133	2.2978	8	0	8	125.4949	59.66	0.4431	28.0159	6.0055	NaN	1.1137	2.1128	11	0	37.1351	19.3405	87	4	0.5025	1.369	11	0	0.8901	1.8236	11	0	32.7076	15.4712	86	4	0.3203	1.0728	11	0	0.11	4	89.0952	91.1815	121.8613	52.1566	2088.0225	2778.9373
88_5_FITC.tif	344459a9-0ba3-4f54-bebf-9347d1802ef4	Cell		Positive	Annotation	Polygon	268.12	576.96	8.0764	21.1662	0.2265	10.3109	1.2284	NaN	3.119	131	3.5144	17	0	17	72.5	3045	10.7119	95	53	42	2.9286	123	3.5708	17	0	17	75.5869	56.2678	0.3	27.0026	4.0348	NaN	0.9592	2.0287	17	0	36.4918	19.2938	95	9	0.5489	1.6648	17	0	0.681	1.552	9	0	31.8528	14.7219	75	9	0.2423	0.8336	7	0	0.1028	6	90.009	63.6723	230.4713	1.1838	1680.566	4375.3955
88_5_FITC.tif	da53fc3c-bb96-43f8-9a19-50a86c7c7b9a	Cell		Positive	Annotation	Polygon	270.42	578.15	1.8638	9.3899	0.2656	4.6348	0.6016	NaN	1.1818	13	1.4709	4	0	4	68.9091	758	4.3921	75	62	13	0.8182	9	1.1677	3	0	3	29.4064	35.5158	0.293	17.3982	2.2768	NaN	0.8414	1.6653	8	0	42.2069	18.1475	76	13	0.6759	1.5674	8	0	0.8134	1.6821	8	0	40.0149	17.0677	76	13	0.6642	1.5986	8	0	0.0492	6	72.1452	77.8072	139.6948	1.1838	1184.312	3486.4812
88_5_FITC.tif	6edbb063-a0d2-419d-8a19-db78ac00f687	Cell		Positive	Annotation	Polygon	341.51	583.92	34.1694	33.9494	0.3725	14.5851	3.3313	NaN	5.503	919	6.1516	25	0	25	130.7904	21842	29.652	186	67	119	5.8623	979	6.2977	28	0	28	170.64	67.3894	0.4722	31.1294	7.0273	NaN	1.5966	3.6962	25	0	50.3269	46.778	186	1	1.401	3.7582	28	0	0.6021	1.6351	14	0	29.843	21.2674	106	1	0.2652	1.1431	15	0	0.1982	4	117.9281	101.3685	249.3052	19.67	5621.9756	17496.209
88_5_FITC.tif	b9ac44db-23bf-47d5-9113-cc1d23f1ae96	Cell		Positive	Annotation	Polygon	317.79	591.84	3.7276	12.3882	0.3052	5.8384	0.994	NaN	2.5652	59	3.3955	11	0	11	98.4783	2265	6.8747	111	88	23	2.2609	52	3.194	11	0	11	80.1428	48.3156	0.4314	23.0012	4.5255	NaN	0.8943	1.9414	12	0	61.8918	21.996	111	7	0.817	1.9061	13	0	0.789	1.7672	12	0	59.5863	20.5336	99	7	0.726	1.7624	13	0	0.0503	6	41.9116	46.5455	49.5649	28.9923	159.856	381.1391
88_5_FITC.tif	eb5aa13e-134d-4773-9273-7699fdea3d53	Cell		Positive	Annotation	Polygon	230.77	589.37	4.1417	11.0053	0.4297	5.2005	1.133	NaN	1.6087	37	2.2711	7	0	7	78.4348	1804	7.0054	92	63	29	1.6957	39	2.285	7	0	7	41.2104	34.795	0.4277	16.5613	3.806	NaN	0.8235	1.7584	12	0	52.9363	18.0882	92	17	0.7843	1.7707	12	0	0.7238	1.6636	12	0	49.6961	16.4121	84	17	0.6685	1.6669	12	0	0.095	7	97.0163	40.8097	276.5152	5.272	1613.6068	5505.96
88_5_FITC.tif	1a3cdbf3-1d71-4f88-8b0c-22b447fc64a9	Cell		Positive	Annotation	Polygon	233.45	598.28	10.9756	17.1871	0.4669	8.0166	1.9712	NaN	3.7679	211	3.6181	15	0	15	89.4107	5007	15.0982	113	55	58	3.7321	209	3.6206	15	0	15	51.3577	43.9063	0.3348	20.8408	4.2425	NaN	1.3176	2.4312	15	0	42.6196	30.4246	113	5	1.0431	2.3715	15	0	0.6281	1.3305	7	0	29.4523	18.1839	94	5	0.2864	0.9762	7	0	0.2059	4	44.323	23.8507	124.3186	5.272	697.5534	2524.8474
88_5_FITC.tif	9a05c316-dea5-42d0-a376-accdf7a11d9f	Cell		Positive	Annotation	Polygon	229.32	600.96	4.9701	11.5873	0.4652	5.4997	1.297	NaN	0.7037	19	1.2654	4	0	4	82.4074	2225	6.6231	93	68	25	0.8519	23	1.4061	5	0	5	28.1639	27.1947	0.4786	11.7768	3.265	NaN	0.4929	1.1026	5	0	53.7214	22.664	93	12	0.5571	1.1891	5	0	0.4425	1.0601	5	0	46.8673	19.5327	86	12	0.4867	1.1269	5	0	0.1652	5	43.7962	10.1767	105.1111	1.6493	762.2166	3461.3601
88_5_FITC.tif	209f8208-74a1-4749-9768-331795dc4f35	Cell		Positive	Annotation	Polygon	232.25	606	2.8992	10.9644	0.3031	5.3107	0.7349	NaN	3.3529	57	4.9993	16	0	16	92	1564	8.4926	107	77	30	3.2353	55	5.0191	16	0	16	10.1473	20.0878	0.316	9.7608	1.6171	NaN	1.2692	3.2183	16	0	63.5	27.711	107	16	1.1923	3.1934	16	0	0.2571	0.7413	3	0	49.6571	22.6832	83	16	0.2	0.5841	3	0	0.3188	5	28.5153	5.8898	118.9887	1.6493	65.0648	154.831
88_5_FITC.tif	1962944c-f112-4e60-8d88-e69c929f65d3	Cell		Positive	Annotation	Polygon	230.47	612.81	6.2126	12.3602	0.511	4.5447	1.888	NaN	0.6857	24	1.3671	4	0	4	83.4286	2920	6.363	91	67	24	0.7714	27	1.3738	4	0	4	51.9789	32.5201	0.6176	14.0345	4.9233	NaN	0.9528	2.1828	14	0	45.9449	24.6469	91	5	0.4528	1.2206	7	0	0.9954	2.2858	14	0	39.9543	20.9058	88	5	0.4018	1.1899	7	0	0.1208	6	92.9587	107.3091	213.7485	5.1257	1548.666	5262.8921
88_5_FITC.tif	2192dd89-ceea-4b80-bc8d-3c0d32ef8709	Cell		Positive	Annotation	Polygon	143.81	627.46	7.041	14.37	0.4285	6.7551	1.3127	NaN	4.1622	154	4.7406	17	0	17	73.3513	2714	9.1658	94	54	40	3.4595	128	4.2203	16	0	16	87.1838	48.7553	0.4609	23.0085	4.763	NaN	1.152	2.4438	17	0	29.8646	19.8172	94	2	0.5796	1.8222	16	0	0.862	1.8647	10	0	25.6745	14.9155	76	2	0.3021	1.0434	7	0	0.0756	12	207.34	151.5578	598.4177	52.1566	5223.1787	25264.5918
88_5_FITC.tif	a84aa096-b492-43f1-9089-3b5375954c59	Cell		Positive	Annotation	Polygon	318.93	641.16	30.856	38.6008	0.2602	18.2607	3.0365	NaN	2.6078	399	2.5372	10	0	10	113.6078	17382	18.9356	148	66	82	2.5948	397	2.5686	10	0	10	166.7053	72.7361	0.396	35	6.5959	NaN	1.0372	1.914	10	0	60.5422	37.0675	148	1	0.7481	1.7107	10	0	0.6692	1.5191	9	0	48.1087	28.2348	113	1	0.3155	1.0428	9	0	0.1881	9	111.8129	90.9548	300.7283	25.8496	2114.3455	5442.9761
88_5_FITC.tif	e5f4cc56-e82c-4538-9987-26dd05e0e14a	Cell		Positive	Annotation	Polygon	344.88	640.46	7.6622	17.8158	0.3034	8.4736	1.1376	NaN	2.7857	117	3.2123	11	0	11	67.2619	2825	9.9292	84	41	43	3.0476	128	3.2606	11	0	11	94.6389	54.175	0.4052	26.0039	4.7121	NaN	1.0109	2.3663	20	0	32.0371	20.3591	84	2	0.8362	2.3317	20	0	0.8317	2.1899	20	0	28.4808	17.5627	80	2	0.613	2.0957	20	0	0.0825	6	202.5119	110.5915	609.8925	25.8496	10150.3428	43599.0742
88_5_FITC.tif	145c0a34-2ab2-43a5-9225-d07219603eb7	Cell		Positive	Annotation	Polygon	56.06	687.92	30.2348	35.2046	0.3066	15.0591	2.8751	NaN	4.549	696	5.086	21	0	21	118.915	18194	29.8126	179	62	117	3.5294	540	4.5539	20	0	20	160.2856	67.3271	0.4443	32.0358	6.518	NaN	3.5458	4.541	21	0	52.3716	39.0657	179	3	0.8374	2.5103	20	0	3.299	4.3658	21	0	36.0032	18.035	106	3	0.1752	0.7442	7	0	0.1967	6	220.7507	191.0581	592.4413	27.1457	2321.9146	5804.6875
88_5_FITC.tif	94ceffa7-8257-4d78-a7ee-725768785acb	Cell		Positive	Annotation	Polygon	187.91	696.9	2.6921	9.66	0.3625	4.6583	0.7611	NaN	2.4375	39	2.6069	9	0	9	85.25	1364	7.1787	94	68	26	2.4375	39	2.6069	9	0	9	48.8726	32.9481	0.5657	14.607	4.3241	NaN	1.2033	2.1263	10	0	52.8423	23.9618	94	11	1.0373	2.0296	10	0	1.1156	2.067	10	0	50.5378	23.0516	93	11	0.9378	1.9516	10	0	0.0493	7	104.4447	105.1111	187.2899	20.4808	1666.6869	3461.3601
88_5_FITC.tif	d03c5c33-c8b5-45fe-b09f-9599beb730b2	Cell		Positive	Annotation	Polygon	188.94	720.97	57.5703	65.3979	0.1692	27.84	3.3681	NaN	2.1075	588	3.5889	19	0	19	103.1541	28780	15.0211	134	57	77	2.1864	610	3.5686	20	0	20	217.2347	85.6982	0.3717	40.0862	7.041	NaN	1.0999	2.4996	19	0	59.7022	34.3021	134	6	0.901	2.3551	20	0	0.7358	1.8343	13	0	43.9987	24.3087	108	6	0.4365	1.4655	12	0	0.2615	6	108.5111	110.0705	200.1669	20.4808	2112.8347	5262.8921
88_5_FITC.tif	b2507208-8465-4782-bd5e-46d1573c41d6	Cell		Positive	Annotation	Polygon	52.84	714.9	12.8394	23.6634	0.2881	11.488	1.4824	NaN	22.2985	1494	5.5596	37	9	28	85.4478	5725	9.7767	106	64	42	1.7313	116	2.895	12	0	12	112.4484	58.5462	0.4123	28.0064	5.2698	NaN	17.0864	8.8641	41	0	52.1085	18.051	106	11	0.5239	1.5459	12	0	16.3543	8.9992	41	0	47.4256	13.4172	83	11	0.3543	1.1533	11	0	0.1173	5	273.1907	342.9467	511.7972	27.1457	10306.6875	25264.5918
88_5_FITC.tif	baa44806-1abf-4702-9c4b-3fb43faf1d78	Cell		Positive	Annotation	Polygon	268.56	717.41	6.6268	17.9169	0.2594	8.3621	1.1508	NaN	3.2162	119	4.3534	15	0	15	74.9189	2772	12.7331	95	45	50	2.8649	106	4.3917	15	0	15	93.6035	52.8091	0.4218	25.0138	4.5559	NaN	1.0596	2.4895	17	0	43.9117	19.8489	95	4	0.6424	1.9451	15	0	0.8678	2.1575	17	0	41.1538	17.9359	83	4	0.4447	1.4029	13	0	0.073	9	105.3685	114.6023	140.2445	53.5162	1399.7245	3486.4812
88_5_FITC.tif	0f9a1de6-0840-48fa-989f-bcbe2ba92185	Cell		Positive	Annotation	Polygon	279.23	767.63	4.763	10.666	0.5261	4.9039	1.6415	NaN	58.9643	1651	9.1307	82	42	40	97.4643	2729	6.774	109	84	25	1.6786	47	2.4803	8	0	8	66.0609	43.8797	0.4311	19.2287	5.1772	NaN	45.3416	16.7044	83	7	70.5	17.8532	109	13	0.5807	1.5351	11	0	44.0442	16.6912	83	7	67.932	16.3972	98	13	0.4762	1.3742	11	0	0.0775	5	48.0828	24.2665	134.255	4.9863	551.2332	1719.9672
88_5_FITC.tif	30297e0a-b55a-4ac6-94a3-98aff295dd99	Cell		Positive	Annotation	Polygon	278.48	778.71	2.0709	7.7598	0.4322	3.7204	0.7476	NaN	68.6667	824	7.0496	78	56	22	93	1116	2.9848	100	90	10	0.8333	10	1.6422	5	0	5	32.3056	26.4882	0.5786	12.0294	3.2949	NaN	46.9167	14.1767	78	11	74.8013	14.4291	100	27	0.7372	1.7081	9	0	45.1042	13.0773	78	11	73.2847	13.9598	95	27	0.7292	1.7188	9	0	0.0512	6	35.0672	34.7091	58.3583	4.9863	338.0817	1202.526
88_5_FITC.tif	7243a29f-ad91-47ed-86e8-94083e9ecdd8	Cell		Positive	Annotation	Polygon	283.3	790.69	22.3654	34.5538	0.2354	11.4046	3.0742	NaN	5.6316	642	6.11	22	0	22	137.6316	15690	25.1981	183	84	99	5.3772	613	6.2576	22	0	22	96.9169	57.4566	0.3689	24.3278	5.5159	NaN	2.3966	4.1869	22	0	75.339	46.154	183	10	1.7505	4.1137	22	0	1.3577	2.609	14	0	55.3352	31.0261	148	10	0.5859	2.0681	17	0	0.2425	5	13.8675	11.1258	24.2665	3.9453	28.1024	47.664
88_5_FITC.tif	67b3f748-d69c-4533-b2e9-9b9818bd494a	Cell		Positive	Annotation	Polygon	287.41	791.56	8.0764	14.8318	0.4614	6.9612	1.43	NaN	5.3	212	4.7835	16	0	16	101.525	4061	13.38	123	75	48	5.175	207	4.8879	16	0	16	69.3743	48.5982	0.3691	23.0092	3.7856	NaN	2.2426	3.9214	19	0	62.1243	27.6866	123	13	1.4172	3.5788	20	0	1.8322	3.6077	19	0	56.8356	24.6807	102	13	0.9128	3.0394	20	0	0.1083	7	103.1376	153.5991	204.0887	3.9453	1629.5571	5442.9761
88_5_FITC.tif	aaf33172-7cfe-457b-99cd-92de1fd7558c	Cell		Positive	Annotation	Polygon	279.87	801.91	14.289	20.5899	0.4236	8.3752	3.0882	NaN	3.9178	286	4.7748	18	0	18	99.1507	7238	13.5909	120	54	66	3.726	272	4.8341	18	0	18	63.5758	39.616	0.5091	17.6096	5.0374	NaN	2.7588	4.3806	29	0	60.1479	28.0827	120	15	1.045	2.8655	18	0	2.4034	4.1993	29	0	48.1849	19.0566	102	15	0.2227	0.8647	7	0	0.2262	5	12.1342	10.5475	29.2065	2.6141	16.8856	47.664
88_5_FITC.tif	00cea0e5-9b6c-4b62-86b1-d7130741b5ac	Cell		Positive	Annotation	Polygon	283.9	808.16	4.5559	16.9487	0.1993	8.2657	0.8969	NaN	1.1538	30	2.1853	8	0	8	90.1923	2345	7.7202	101	73	28	1.2692	33	2.1082	8	0	8	34.9978	34.2924	0.374	16.4931	3.1963	NaN	1.186	2.3196	10	0	62.5814	24.7438	104	20	0.7442	2.0272	10	0	1.1918	2.3498	10	0	57.6644	23.4674	104	20	0.6507	2.0055	10	0	0.1196	6	39.2215	10.7967	191.0949	2.6141	92.006	341.3032
88_5_FITC.tif	64e52dee-9cae-475a-ba90-973a4343d6ac	Cell		Positive	Annotation	Polygon	179.35	823.14	39.1395	59.9975	0.1366	29.6715	2.1774	NaN	6.1472	1211	6.6872	29	0	29	155.2995	30594	34.8319	212	58	154	6.0355	1189	6.7525	29	0	29	173.3321	96.3537	0.2346	47.0053	5.5914	NaN	4.3147	5.8844	29	0	75.4243	54.2652	212	2	1.6305	4.2265	29	0	3.7523	5.4996	23	0	50.9143	30.2698	168	2	0.2788	1.272	19	0	0.2289	6	116.3526	101.1413	374.3967	5.7722	1276.2313	5578.9258
88_5_FITC.tif	2863230e-a76d-4f29-a8fe-347db7f9c0e3	Cell		Positive	Annotation	Polygon	176.58	808.93	1.8638	8.2243	0.3463	3.9973	0.5636	NaN	5.3	53	1.0593	7	4	3	95.1	951	5.6853	103	87	16	3.2	32	2.0976	6	0	6	22.5725	25.5891	0.4332	11.9228	2.4331	NaN	10.1875	6.171	30	0	57.3661	20.8253	103	26	0.8839	1.7124	7	0	10.6667	6.2574	30	0	53.6667	17.8594	103	26	0.6569	1.4991	7	0	0.0733	5	81.6647	91.7909	186.4613	6.184	647.519	2836.9126
88_5_FITC.tif	258118c9-712f-4a74-97cc-3266dcb968d7	Cell		Positive	Annotation	Polygon	282.2	813.5	0.6213	6.0111	0.2161	2.9057	0.3646	NaN	0.8333	5	1.3292	3	0	3	89.8333	539	5.6006	97	83	14	0.6667	4	1.2111	3	0	3	9.1118	20.0794	0.284	9.7452	1.1605	NaN	1.6042	2.5327	10	0	67.0417	24.8963	100	16	1.2083	2.3059	10	0	1.7143	2.653	10	0	63.7857	24.8964	100	16	1.2857	2.4223	10	0	0.0848	3	5.9136	6.5808	7.2704	3.8897	4.5389	8.5745
88_5_FITC.tif	ef69076e-2bc9-4818-b751-6d9d66825f96	Cell		Positive	Annotation	Polygon	245.32	822.28	18.6379	39.3177	0.1515	19.4194	1.1609	NaN	9.337	859	7.7265	25	0	25	86.163	7927	17.3859	118	52	66	9.7935	901	7.9165	26	0	26	144.547	74.4086	0.3281	36.0844	5.0005	NaN	1.97	4.3157	25	0	32.0515	26.0832	118	1	1.5937	4.4015	26	0	0.8534	1.732	9	0	23.8501	15.0443	73	1	0.3509	1.0719	8	0	0.1243	8	127.8274	112.6285	225.7736	36.15	3360.522	5262.8921
88_5_FITC.tif	117640e2-c834-4d9a-9fe1-9ffd4813fbba	Cell		Positive	Annotation	Polygon	280.36	817.79	5.7984	11.2018	0.5807	5.0021	1.3869	NaN	12.0333	361	12.1499	37	0	37	105.9667	3179	19.2416	138	69	69	11.6667	350	12.3716	37	0	37	48.2514	33.2496	0.5485	15.0493	4.0462	NaN	2.2966	6.0884	37	0	43.2966	29.8957	138	9	1.9237	6.0665	37	0	0.8786	2.391	22	0	34.1699	17.7117	104	9	0.5049	2.1499	22	0	0.1156	8	74.838	38.1808	180.9697	3.8897	544.5361	2813.7581
88_5_FITC.tif	55d22ea0-bd98-474d-a04b-1bb53018536a	Cell		Positive	Annotation	Polygon	176.76	818.93	0.8283	4.3399	0.5527	1.9279	0.5812	NaN	3.1667	19	2.4014	7	1	6	94.1667	565	9.196	106	83	23	0.5	3	0.8367	2	0	2	16.9812	21.3284	0.4691	9.7291	2.3781	NaN	10	5.4858	21	1	68.814	15.1265	114	42	0.5233	1.3348	6	0	10.5125	5.3106	21	1	66.9125	13.7244	114	42	0.525	1.3685	6	0	0.0471	4	146.0736	99.3789	379.7644	5.7722	2655.6653	10129.3682
88_5_FITC.tif	de505640-e12c-497b-96f2-afa82c772aa8	Cell		Positive	Annotation	Polygon	198.58	917.52	6.8339	12.2176	0.5753	5.6851	1.5114	NaN	3.7143	130	3.7383	14	0	14	84.7714	2967	9.7982	100	65	35	3.1714	111	3.8918	14	0	14	59.0199	42.2987	0.4145	19.9265	4.5722	NaN	1.218	2.4631	14	0	49.8824	20.7078	100	11	0.9965	2.3724	14	0	0.874	2.0118	14	0	45.0748	16.8415	88	11	0.6969	1.9045	13	0	0.1069	5	108.9132	108.3955	200.1669	4.9829	2288.603	5165.4126
88_5_FITC.tif	4e286377-81aa-4cfd-bb79-0178c8e21f2d	Cell		Positive	Annotation	Polygon	197.37	927.75	3.1063	9.3198	0.4494	4.3415	1.0178	NaN	2.3333	42	2.7653	8	0	8	72.6667	1308	10.2842	91	56	35	2.9444	53	3.1524	8	0	8	39.1395	33.9632	0.4264	16.1322	3.4001	NaN	0.6859	1.5341	8	0	39.3717	15.6653	91	12	0.3979	1.3451	8	0	0.5145	1.2371	7	0	35.9075	11.513	68	12	0.1329	0.5168	3	0	0.074	4	128.175	115.5676	276.582	4.9829	3499.531	8238.8174
88_5_FITC.tif	02f64aad-d124-4a0f-8cbc-c857604bd75d	Cell		Positive	Annotation	Polygon	327.45	940.77	7.2481	15.4606	0.381	7.0616	1.6321	NaN	1.4872	58	1.6038	6	0	6	94.6154	3690	7.2461	109	77	32	1.359	53	1.6139	6	0	6	83.8704	47.6311	0.4646	22.6766	5.2918	NaN	1.2654	2.0603	11	0	66.4423	20.6819	109	19	0.7002	1.583	10	0	1.2418	2.1032	11	0	63.4565	19.3513	103	19	0.6304	1.5658	10	0	0.0854	5	216.3372	300.7283	310.2472	12.9741	3684.2812	8204.7441
88_5_FITC.tif	d4445fca-e9d2-4c67-a10b-82bb1233aa54	Cell		Positive	Annotation	Polygon	325.32	955.74	2.8992	11.1382	0.2937	5.3519	0.8678	NaN	2.375	38	1.9279	6	0	6	94.75	1516	6.2129	102	82	20	1.875	30	1.6683	5	0	5	61.9191	43.7868	0.4058	20.9437	4.3229	NaN	2.56	3.4027	14	0	67.5333	17.1936	104	33	0.6133	1.568	12	0	2.5704	3.469	14	0	66	16.311	104	33	0.5423	1.5346	12	0	0.0445	6	165.1245	152.8042	315.8347	12.9741	3244.4243	9469.3057
88_5_FITC.tif	3f945366-2e64-442e-b1c9-e0c8d6a74f6d	Cell		Positive	Annotation	Polygon	273.77	966.16	9.526	17.28	0.4009	7.6746	1.9586	NaN	5.5769	290	5.744	18	0	18	112.4615	5848	13.8188	137	83	54	5.3077	276	5.7139	18	0	18	64.1971	43.1122	0.434	20.3984	4.626	NaN	1.8942	3.75	18	0	60.7436	36.8917	137	8	1.6635	3.7389	18	0	1.1577	2.6687	16	0	50.4	30.8582	121	8	0.9346	2.6754	16	0	0.152	5	43.9094	20.5889	154.2418	7.9586	214.9749	793.1894
88_5_FITC.tif	38684ce3-4956-4fb1-8b47-4ef23e3cc68f	Cell		Positive	Annotation	Polygon	275.92	979.02	17.1883	25.437	0.3338	11.8852	2.2428	NaN	2.5581	220	3.5599	13	0	13	119.2326	10254	14.9672	152	90	62	2.6163	225	3.5618	13	0	13	90.2901	54.3406	0.3842	26.024	5.4623	NaN	1.1341	2.5716	20	0	78.2455	29.0154	152	17	1.1932	2.6057	20	0	0.7881	2.135	20	0	68.2881	22.008	119	17	0.8475	2.1853	20	0	0.1914	3	13.8858	13.1708	20.5282	7.9586	41.5534	84.337
88_5_FITC.tif	1d235c33-e48c-45ce-a1a7-5b0a57631d61	Cell		Positive	Annotation	Polygon	270	972.39	5.3843	12.3954	0.4404	5.4148	1.1675	NaN	8	232	9.573	29	0	29	116.4138	3376	17.551	145	83	62	8.2414	239	9.5119	29	0	29	45.5592	31.7679	0.5673	14.1425	3.9551	NaN	1.8795	4.483	29	0	65.308	25.3071	145	23	1.4107	4.432	29	0	0.9692	1.8554	8	0	57.7077	15.5961	111	23	0.3949	1.2281	7	0	0.1066	6	72.0161	47.2099	161.741	8.392	1201.3251	3834.8462
88_5_FITC.tif	f92939b2-7ea8-49dc-bbc0-743cec5e5d8c	Cell		Positive	Annotation	Polygon	269.14	990.04	30.6489	37.1779	0.2786	16.6687	2.8968	NaN	2.0065	309	2.825	14	0	14	131.6623	20276	16.7781	160	84	76	1.539	237	1.9204	8	0	8	118.454	65.8228	0.3436	30.9149	5.8137	NaN	1.8293	2.7206	14	0	87.1272	33.191	160	34	0.77	1.6937	11	0	1.7643	2.6819	13	0	70.7976	20.1862	131	34	0.4881	1.5097	11	0	0.254	5	48.7744	68.4669	90.2306	2.5882	414.3338	1690.7189
88_5_FITC.tif	221e45e7-0de7-423a-932e-98992ca5f154	Cell		Positive	Annotation	Polygon	272.61	989.33	4.3488	12.3079	0.3608	5.9029	1.032	NaN	0.7083	17	1.0826	4	0	4	111.0833	2666	5.8971	120	98	22	0.6667	16	1.0495	4	0	4	34.7907	40.9146	0.2612	20.1914	2.6795	NaN	1.0819	2.0563	11	0	82.8889	18.4182	120	44	0.5906	1.327	7	0	1.1429	2.1708	11	0	78.2857	15.4113	108	44	0.5782	1.3696	7	0	0.1176	6	21.6246	13.2386	66.9683	2.5882	105.4327	387.2035
88_5_FITC.tif	7a93a21a-d217-4def-afb9-3091947b8d2a	Cell		Positive	Annotation	Polygon	283.34	995.79	2.6921	7.9143	0.5401	3.6709	0.8713	NaN	6.4667	97	4.5335	16	0	16	72.9333	1094	8.6641	85	60	25	4.2	63	4.3293	12	0	12	67.3034	42.471	0.4689	20.0076	4.3488	NaN	1.5107	2.5221	16	0	41.2477	17.5339	85	7	0.8349	2.0523	12	0	1.2724	2.1216	11	0	39.7244	16.3749	82	7	0.6731	1.7317	10	0	0.0343	10	91.6109	66.0225	204.0887	13.1249	731.4567	4226.1079
88_5_FITC.tif	c21b7e6c-1892-403e-9b40-375d7df7e8bd	Cell		Positive	Annotation	Polygon	231.59	1047.6	3.9347	10.5596	0.4434	4.9811	0.9206	NaN	2.5238	53	2.4417	9	0	9	68.1429	1431	6.6354	78	53	25	2.5714	54	2.3785	9	0	9	74.5515	44.8702	0.4653	21.0171	4.3488	NaN	1.5014	2.5573	16	0	35.2521	16.12	78	5	0.7396	1.6829	10	0	1.4382	2.5543	16	0	33.2206	14.2198	75	5	0.6265	1.5662	10	0	0.049	10	112.0959	88.415	225.7736	48.0273	2295.7571	8238.8174
88_5_FITC.tif	2faafba6-c240-4c57-8bc2-32b3f1263fff	Cell		Positive	Annotation	Polygon	26.49	1054.1	17.3953	23.4474	0.3976	10.641	2.3116	NaN	3.1839	277	4.0189	16	0	16	93.9425	8173	23.0012	125	36	89	3.2299	281	4.0483	16	0	16	90.7043	54.4382	0.3846	25.0529	5.3097	NaN	0.9977	2.3214	16	0	34.9909	34.6443	125	2	0.7648	2.2482	16	0	0.4558	1.1302	8	0	20.3789	17.0467	124	2	0.1538	0.6318	7	0	0.1903	4	93.5777	12.4368	342.9467	6.4906	422.0943	1245.1504
88_5_FITC.tif	4085c214-2dc3-4660-b95c-b7967fb07347	Cell		Positive	Annotation	Polygon	270.69	1052.8	7.4551	15.7401	0.3781	7.4683	1.3624	NaN	4.4359	173	4.2784	14	0	14	95.8974	3740	13.3944	115	66	49	4.1795	163	4.2232	15	0	15	62.5404	37.6742	0.5537	17.064	4.762	NaN	1.1176	2.4997	14	0	61.5261	17.2155	115	34	0.9444	2.3231	15	0	0.633	1.643	10	0	56.5056	10.7558	101	34	0.4719	1.3718	10	0	0.1185	6	39.8819	41.8569	68.4669	8.9041	110.2403	387.2035
88_5_FITC.tif	65c14d07-07c1-4ed3-8bda-b9d7dacfe1b1	Cell		Positive	Annotation	Polygon	28.58	1064.4	12.0111	17.6573	0.4841	7.9413	2.4911	NaN	4.4355	275	4.8371	21	0	21	103.8871	6441	22.1271	134	50	84	4.5161	280	4.8273	21	0	21	46.1805	41.8603	0.3312	18.8292	4.1909	NaN	1.4533	3.3232	21	0	51.1511	39.7107	134	1	1.4222	3.3467	21	0	0.319	1.3273	11	0	31.092	22.954	102	1	0.2454	1.2866	10	0	0.2704	4	8.2752	8.5372	13.7923	2.2339	14.4273	27.9152
88_5_FITC.tif	88ddeff4-8b88-440c-9133-80fa456bc5a7	Cell		Positive	Annotation	Polygon	273.21	1063.2	5.3843	14.5733	0.3186	7.0704	1.2316	NaN	4.6552	135	4.6466	16	0	16	101.8621	2954	11.1635	120	81	39	3.4483	100	3.4495	12	0	12	34.3765	32.1468	0.418	15.1473	2.9403	NaN	1.6786	3.0235	16	0	53.5714	30.2931	120	10	0.9702	2.1623	12	0	1.0576	2.1051	11	0	43.4964	22.2021	111	10	0.4532	1.2978	6	0	0.1525	5	21.7606	9.32	70.1943	3.0844	47.5629	111.7008
88_5_FITC.tif	eb466017-7ec5-45dc-a154-59e668f3ca72	Cell		Positive	Annotation	Polygon	25.9	1066	0.2071	2.3678	0.4641	1.1024	0.2316	NaN	0.3333	1	0.5774	1	0	1	78	234	4.5826	82	73	9	0.3333	1	0.5774	1	0	1	3.3134	14.2697	0.2045	7.028	0.5408	NaN	0.25	0.9105	4	0	38.8	22.173	82	11	0.25	0.9105	4	0	0.2353	0.9701	4	0	31.8824	15.5639	61	11	0.2353	0.9701	4	0	0.0348	3	8.1382	6.4906	15.6901	2.2339	6.8498	8.6616
88_5_FITC.tif	fb774075-94f8-4d04-ac4d-4d70b5fa39be	Cell		Positive	Annotation	Polygon	269.72	1066.5	12.0111	20.9357	0.3444	9.8973	1.9553	NaN	2.4921	157	3.1154	12	0	12	113.619	7158	15.2214	137	68	69	2.7619	174	3.3827	12	0	12	34.9978	29.0108	0.5226	12.6368	3.9251	NaN	1.3543	2.3611	12	0	75.6857	36.7667	137	18	1.1943	2.4768	12	0	0.7143	1.4731	8	0	54.3482	26.7119	120	18	0.3125	1.0225	8	0	0.3456	5	8.3722	9.8596	11.2382	3.0844	8.4347	10.0333
88_5_FITC.tif	31f37179-7c0a-4edb-ac6d-a5340ec68de3	Cell		Positive	Annotation	Polygon	33.28	1071.4	7.2481	21.5987	0.1952	10.6721	1.1627	NaN	7.4186	319	9.3966	32	0	32	63.7209	2740	23.1592	105	24	81	7.3721	317	9.3656	32	0	32	79.1074	55.3521	0.3245	26.8371	4.057	NaN	1.1152	3.9368	32	0	20.7356	19.0396	105	2	0.9869	3.9255	32	0	0.3156	0.8958	6	0	15.2832	8.7802	50	2	0.177	0.7908	6	0	0.1005	5	111.4356	16.6292	357.9803	7.1921	3077.1934	13629.0615
88_5_FITC.tif	f77060ad-7aa7-4224-8ed8-a9f2761d43ef	Cell		Positive	Annotation	Polygon	29.52	1081.4	39.5537	39.1712	0.3239	18.0774	3.4534	NaN	4.5231	882	5.4113	24	0	24	125.9436	24559	28.8603	176	55	121	4.4923	876	5.5179	24	0	24	126.5304	59.7735	0.445	27.1926	5.9866	NaN	1.6585	3.733	24	0	58.4846	52.0537	176	2	1.5106	3.7559	24	0	0.3286	1.1275	11	0	27.1643	21.9953	98	2	0.1262	0.7185	8	0	0.3155	8	579.6723	169.4528	1569.8655	7.1921	6394.9824	24274.5625
88_5_FITC.tif	4b78003f-a181-4eb0-9311-59b9c75f07de	Cell		Positive	Annotation	Polygon	272.23	1074	12.0111	20.1429	0.372	9.3589	1.6547	NaN	1.129	70	2.0364	8	0	8	113.7419	7052	7.2246	127	88	39	1.2419	77	2.0056	8	0	8	19.052	23.5994	0.4299	10.8672	2.9442	NaN	0.72	1.6882	8	0	100.99	25.6525	127	16	0.87	1.7213	8	0	0.0526	0.2263	1	0	80.1842	30.9453	115	16	0.2632	0.828	4	0	0.6267	4	6.9584	7.5131	9.32	3.4873	7.5537	8.3129
88_5_FITC.tif	2c76b87d-a2e0-4508-89d3-42881cfb9823	Cell		Positive	Annotation	Polygon	270.14	1081.1	7.6622	17.9306	0.2995	8.3301	1.4648	NaN	1.5854	65	2.2133	11	0	11	107.1463	4393	9.9613	123	85	38	1.5854	65	2.2358	11	0	11	27.3355	43.0155	0.1856	20.8392	2.3582	NaN	0.9779	1.953	11	0	71.6691	33.7711	123	8	0.6103	1.4665	11	0	0.7158	1.7785	9	0	56.3579	28.4571	113	8	0.1895	0.6066	3	0	0.2803	4	5.1508	4.5525	9.8596	1.6385	7.0966	8.3129
88_5_FITC.tif	1e4dfb14-f98c-4eab-9ac3-3e70e6a7527c	Cell		Positive	Annotation	Polygon	268.05	1079.4	2.8992	8.0553	0.5615	3.7664	0.7803	NaN	3.7857	53	4.4233	14	0	14	99.8571	1398	7.9986	112	88	24	3.7143	52	4.1958	13	0	13	36.2403	37.8269	0.3183	18.4774	2.751	NaN	1.2697	2.4018	14	0	64.3146	18.889	112	27	1	2.3362	13	0	1.0549	2.0282	13	0	61.2805	16.2656	106	27	0.7683	1.9585	13	0	0.059	7	33.9917	21.8631	90.2306	1.6385	479.1163	1690.7189
88_5_FITC.tif	3aa9926a-e1ac-430f-bbe7-23975d56b8a7	Cell		Positive	Annotation	Polygon	273.34	1084.5	9.526	19.7912	0.3056	8.7306	2.0151	NaN	2.8	140	3.0639	12	0	12	97.36	4868	10.3426	110	67	43	2.92	146	2.9818	12	0	12	64.6113	48.6071	0.3437	23.1519	4.1382	NaN	1.0287	2.0354	12	0	46.3567	31.6849	110	9	0.8854	1.9316	12	0	0.6932	1.5723	11	0	36.697	24.2208	105	9	0.5	1.3594	11	0	0.1475	10	106.0739	72.5389	273.9772	5.6177	2394.9312	9469.3057
88_5_FITC.tif	c7269d96-825a-4811-99ff-a5f73a8614bb	Cell		Positive	Annotation	Polygon	242.68	1130.1	6.2126	16.6359	0.2821	7.6201	1.0381	NaN	1.2727	42	1.7549	6	0	6	69	2277	7.1937	81	51	30	1.1515	38	1.7342	6	0	6	64.8184	50.467	0.3198	24.0145	3.5247	NaN	0.9016	1.9904	12	0	41.3905	18.7296	81	4	0.5778	1.6168	12	0	0.8582	2.0145	12	0	38.1596	16.9147	78	4	0.5106	1.5923	12	0	0.0939	7	107.9552	59.5558	314.5774	2.0386	1670.0178	6444.0415
88_5_FITC.tif	670fda8f-24ee-48e9-85cb-ae348eead2cf	Cell		Positive	Annotation	Polygon	240.53	1130.3	4.763	14.9253	0.2687	7.2747	1.0632	NaN	0.4667	14	1.2794	5	0	5	86.7333	2602	6.7361	104	77	27	0.4667	14	1.2794	5	0	5	18.6379	33.7407	0.2057	16.6412	1.6782	NaN	0.6	1.7098	11	0	69.2632	19.154	104	25	0.6947	1.7988	11	0	0.6615	1.8815	11	0	61.2	17.5839	92	25	0.8	1.9937	11	0	0.2544	3	31.1584	5.7282	85.7085	2.0386	51.0991	82.7894
88_5_FITC.tif	70de181e-41d9-4f39-afcb-66ef6c85d2a9	Cell		Positive	Annotation	Polygon	239.02	1140.1	15.3245	27.8295	0.2486	10.958	2.2001	NaN	2.5063	198	3.2021	15	0	15	85.9873	6793	20.2886	121	38	83	2.1519	170	3.1505	15	0	15	96.7098	58.4555	0.3557	27.7949	5.2391	NaN	1.0341	2.0639	15	0	39.7164	30.1457	121	1	0.7164	1.7982	15	0	0.7359	1.5935	12	0	30.3436	22.0885	112	1	0.4256	1.1819	12	0	0.1585	8	182.7373	210.0831	324.2514	5.7282	3159.4485	14281.667
88_5_FITC.tif	9cf31c7f-704d-4bc4-992c-89946964e1be	Cell		Positive	Annotation	Polygon	137.96	1194.6	10.9756	21.3838	0.3016	9.7249	1.8867	NaN	1.7627	104	2.1443	8	0	8	79.1525	4670	9.5047	93	47	46	1.7288	102	2.3032	9	0	9	109.135	55.1455	0.451	26.0643	5.5684	NaN	1.1723	2.1576	13	0	44.6496	24.9089	93	1	0.7197	1.8005	13	0	1.0981	2.1501	13	0	40.3092	22.771	85	1	0.5928	1.6878	13	0	0.0982	10	233.3492	214.4441	567.3157	47.5536	5972.2461	14281.667
88_5_FITC.tif	132d710b-38ae-4fcf-837a-373fb498f282	Cell		Positive	Annotation	Polygon	100.53	1223.8	58.3986	51.8555	0.2729	18.2962	4.9914	NaN	2.8522	830	3.5963	18	0	18	138.2371	40227	33.2371	192	69	123	2.4502	713	3.417	23	0	23	213.3	76.1244	0.4625	35.0271	8.4811	NaN	1.9554	2.9823	18	0	67.8818	52.0109	192	3	0.8547	2.2106	23	0	1.6032	2.6235	13	0	40.2524	25.0012	143	3	0.2281	0.9157	9	0	0.2782	7	215.9731	162.1521	598.4177	10.5388	7187.0996	25264.5918
88_5_FITC.tif	e4b0450d-9e28-4849-a072-f8aa10ca2f2e	Cell		Positive	Annotation	Polygon	106.57	1231.9	8.9048	12.2031	0.7514	5.0855	2.2372	NaN	17.4	783	13.5653	44	0	44	125.4667	5646	27.6903	171	70	101	16.2667	732	13.75	43	0	43	61.0908	42.0738	0.4337	19.8141	4.6064	NaN	4.2148	8.0282	44	0	46.4027	39.9499	171	4	2.604	7.8606	43	0	1.8696	2.6953	13	0	32.3399	20.7917	126	4	0.1739	0.7409	5	0	0.1425	5	37.0461	50.2455	62.2145	5.2009	339.2133	1250.2557
88_5_FITC.tif	4b9b5297-8c21-4bcd-a5ad-5904dba914f5	Cell		Positive	Annotation	Polygon	104.6	1242.1	6.8339	15.4043	0.3619	7.399	1.4157	NaN	8	288	9.2644	33	0	33	100.3333	3612	17.2577	129	66	63	4.6111	166	6.5782	22	0	22	51.3577	38.9148	0.4262	18.6021	4.0887	NaN	4.4405	4.8876	33	0	49.873	25.2896	129	21	0.8651	2.9816	22	0	3.8472	3.3826	14	0	41.463	14.169	104	21	0.2407	0.77	6	0	0.13	5	268.8836	57.7992	1089.8586	5.2009	6021.0488	24274.5625
88_5_FITC.tif	c7a5560a-f239-4299-9e56-d16007afb4f8	Cell		Positive	Annotation	Polygon	343.78	1265.9	6.0055	15.264	0.3239	7.4666	1.1207	NaN	2.9091	96	3.4943	11	0	11	102.7576	3391	10.5239	118	77	41	2.9091	96	3.4311	11	0	11	47.8372	35.0939	0.4881	16.6128	4.2612	NaN	1.2616	2.6198	19	0	53.7595	30.7338	120	6	0.9789	2.5619	19	0	0.9951	2.3541	19	0	45.8333	25.0448	120	6	0.6667	2.2518	19	0	0.1272	7	95.7607	28.0222	315.8347	7.0555	2923.8333	9469.3057
88_5_FITC.tif	25c23a1a-9bf4-4933-8bec-dba5afe5d2a1	Cell		Positive	Annotation	Polygon	342.82	1276	6.2126	14.7553	0.3586	7.1213	1.1692	NaN	2.9697	98	3.3493	11	0	11	106.4545	3513	10.7124	124	83	41	2.697	89	3.0566	12	0	12	17.8095	23.077	0.4202	11.0338	2.3952	NaN	1.4444	2.5796	11	0	71.2444	35.2603	124	14	1.1333	2.299	12	0	0.5614	1.4144	5	0	50.8596	27.5107	110	14	0.2281	0.8868	5	0	0.3413	5	8.7291	7.2739	16.4335	1.3366	8.1238	17.3125
88_5_FITC.tif	eb10c8e1-922a-4903-a286-ac35a767f284	Cell		Positive	Annotation	Polygon	345.4	1274.7	2.8992	10.7787	0.3136	5.1732	0.7616	NaN	0.3529	6	0.8618	3	0	3	99.8824	1698	4.9229	108	92	16	0.3529	6	0.8618	3	0	3	11.1827	23.394	0.2568	11.4176	1.3904	NaN	0.3333	0.857	4	0	67.7333	30.22	108	3	0.2	0.7318	4	0	0.3256	0.8652	4	0	55.0233	26.2665	101	3	0.1395	0.6755	4	0	0.2575	4	11.6345	6.1415	32.9186	1.3366	35.7014	76.873
88_5_FITC.tif	0b4d4ffd-2bc6-410b-bc7f-367c213bb004	Cell		Positive	Annotation	Polygon	346.5	1280.9	5.1772	13.8343	0.3399	6.2663	1.5274	NaN	2.0667	62	3.0954	12	0	12	95.9333	2878	14.5766	119	69	50	2.2333	67	3.059	12	0	12	31.6844	32.6294	0.374	15.4191	3.337	NaN	0.8968	2.1507	12	0	42	35.1472	119	2	0.8194	2.1426	12	0	0.616	1.7588	11	0	29.056	24.7358	97	2	0.48	1.7067	11	0	0.1756	7	17.2129	15.8041	36.9609	5.2274	67.5387	215.7716
88_5_FITC.tif	cf30d3cb-d87f-4401-84e4-709b0e9cb44b	Cell		Positive	Annotation	Polygon	341.08	1292.5	34.7907	43.4803	0.2313	16.7506	3.0315	NaN	3.0698	528	3.9627	19	0	19	117.0523	20133	21.7909	151	51	100	3.0407	523	4.0369	19	0	19	126.1162	67.2635	0.3503	30.3796	6.0199	NaN	1.8703	3.1143	19	0	63.5764	41.4742	151	6	1.2972	3.0064	20	0	1.3982	2.5642	12	0	42.5286	25.304	122	6	0.611	2.131	20	0	0.276	6	33.813	31.8838	72.9441	3.9312	261.5531	1041.0428
88_5_FITC.tif	e19bc2b2-9c28-43f7-b7cc-437d60399ff1	Cell		Positive	Annotation	Polygon	126.98	1284.2	17.1883	23.6009	0.3878	9.9821	2.4638	NaN	55.954	4868	10.0579	77	28	49	88	7656	11.5144	109	53	56	2.5517	222	3.5462	16	0	16	92.361	52.6742	0.4183	24.6605	5.6971	NaN	29.9733	20.706	77	0	50.8374	29.2545	109	7	0.8062	2.2121	16	0	23.7293	17.4985	76	0	41.9061	24.853	103	7	0.3867	1.4717	13	0	0.1835	4	81.8131	74.8191	171.4857	6.1283	1491.6459	4293.2798
88_5_FITC.tif	b1654c1d-1827-4ddd-93aa-dcd423ecbee5	Cell		Positive	Annotation	Polygon	344.4	1295.9	11.1827	22.0486	0.2891	9.4033	2.3663	NaN	2.4333	146	2.9992	11	0	11	109	6540	12.9602	132	77	55	2.4333	146	2.9074	11	0	11	34.5836	38.7496	0.2894	17.7727	2.7168	NaN	1.6185	2.4788	11	0	79.0231	32.296	132	15	0.9595	2.0975	11	0	1.1858	2.0378	8	0	63.1062	27.8623	125	15	0.177	0.7225	5	0	0.3075	5	15.3452	11.5061	40.1582	3.9312	27.9506	51.5178
88_5_FITC.tif	f024bed4-e1df-40d9-a149-80a545095388	Cell		Positive	Annotation	Polygon	124.69	1294.8	8.2835	15.8576	0.414	7.1457	1.6515	NaN	55.8936	2627	13.1566	75	27	48	85.2553	4007	14.1059	109	61	48	2.1915	103	2.6097	9	0	9	67.0963	47.4226	0.3749	22.863	4.1909	NaN	17.2761	20.5096	75	0	42.5215	23.5158	109	12	0.5092	1.4223	9	0	10.7706	12.9814	72	0	35.3226	15.9	93	12	0.2258	0.824	5	0	0.129	6	296.7892	114.4674	1033.0045	6.1283	6188.6328	23772.3047
88_5_FITC.tif	009cd3ed-908f-4814-8318-9d42240b10ad	Cell		Positive	Annotation	Polygon	346.64	1298	9.7331	20.1512	0.3012	9.1969	1.9407	NaN	3.2157	164	3.4136	14	0	14	111	5661	10.4307	127	89	38	3.1569	161	3.3786	14	0	14	45.3521	44.0923	0.2931	21.4503	2.9359	NaN	1.4798	2.6095	14	0	74.1211	28.7711	127	18	1.278	2.4612	14	0	0.9651	2.0659	10	0	63.186	22.7362	109	18	0.7209	1.778	10	0	0.2095	4	15.4858	10.5812	36.0835	4.6971	26.2267	44.4501
88_5_FITC.tif	95699bdd-78f1-4380-9c54-b5a495d97298	Cell		Positive	Annotation	Polygon	348.26	1305.7	3.3134	9.5389	0.4576	4.6002	0.9126	NaN	7.6471	130	9.7079	32	0	32	92.4118	1571	18.0314	121	66	55	7.7647	132	9.8204	32	0	32	43.6954	38.8884	0.3631	18.6524	3.2696	NaN	1.8451	4.5245	32	0	39.2207	26.4055	121	7	1.4366	4.5466	32	0	1.3418	3.3666	26	0	34.6071	21.5246	100	7	0.8878	3.2813	26	0	0.0621	7	28.9055	32.9493	40.295	5.3583	102.4741	299.0583
88_5_FITC.tif	978a4746-08d0-4cfc-b43a-9a51ef1f02bd	Cell		Positive	Annotation	Polygon	341.53	1329	12.2182	21.5637	0.3302	10.4369	1.7274	NaN	3.3548	208	3.1105	11	0	11	130.3871	8084	25.963	166	71	95	3.0645	190	3.0829	12	0	12	55.0852	43.0195	0.374	20.6739	4.2521	NaN	1.6259	2.7762	12	0	74.4741	39.8088	166	11	0.9481	2.0598	12	0	1.1106	2.4499	12	0	57.8077	25.4023	136	11	0.3173	0.9855	7	0	0.214	7	24.2327	31.2504	43.213	5.97	34.7084	57.5111
88_5_FITC.tif	c34fcabf-0469-4b8f-bd1b-358ee6c5283a	Cell		Positive	Annotation	Polygon	349.89	1334.9	13.6678	22.655	0.3346	10.6766	1.8198	NaN	2.5493	181	3.0603	12	0	12	107.2113	7612	11.9211	125	74	51	2.662	189	3.2024	13	0	13	80.557	54.6776	0.3386	26.0386	4.0372	NaN	1.2015	2.3015	14	0	58.4821	37.1514	125	3	0.9617	2.2151	14	0	0.9034	1.9827	14	0	47.704	31.8119	110	3	0.5857	1.7229	14	0	0.1731	5	182.1852	71.2742	499.3454	2.232	5429.2544	19457.1562
88_5_FITC.tif	3c47ecd7-4227-4472-8c93-fa6fb80bcc76	Cell		Positive	Annotation	Polygon	347.04	1338.2	8.4906	20.6583	0.25	10.1624	1.1461	NaN	1.0682	47	1.4207	4	0	4	100.4091	4418	7.2121	114	82	32	1.0455	46	1.4298	4	0	4	59.4341	55.1916	0.2452	26.8157	2.7485	NaN	0.8789	1.7646	8	0	69.6713	24.5491	114	11	0.4533	1.1601	8	0	0.8449	1.8199	8	0	64.151	22.3874	103	11	0.3469	1.0741	8	0	0.1315	4	86.2169	19.5154	303.605	2.232	231.9346	581.7751
88_5_FITC.tif	9224890d-9bd7-4c1c-a36f-ae555ba18a1d	Cell		Positive	Annotation	Polygon	338.71	1340.9	11.1827	20.2639	0.3422	9.6982	1.8329	NaN	2.4918	152	3.4575	13	0	13	112.2623	6848	22.2343	155	74	81	2.5902	158	3.4224	13	0	13	77.2436	53.6478	0.3373	26.0014	4.1415	NaN	1.2587	2.3113	13	0	58.5627	33.3651	155	13	0.816	2.0254	13	0	1.0191	1.9333	10	0	48.1306	23.754	155	13	0.4713	1.3871	9	0	0.149	5	45.2343	43.7641	124.6102	2.8748	760.304	2535.1821
88_5_FITC.tif	76011479-1c13-4cb2-8d15-01217ec28d6a	Cell		Positive	Annotation	Polygon	341.98	1344	4.9701	12.1299	0.4245	5.8327	1.0352	NaN	6.36	159	6.5376	20	0	20	128.24	3206	12.2484	147	102	45	6.16	154	6.4529	20	0	20	22.3654	32.7822	0.2615	15.722	1.8914	NaN	2.1607	4.2966	20	0	73.0625	39.7622	147	16	1.6964	4.0865	20	0	0.954	2.3022	10	0	57.2069	29.3155	118	16	0.4138	1.5741	10	0	0.1865	4	33.8211	4.5481	124.7292	1.4592	70.5521	179.0367
88_5_FITC.tif	c7d69c71-5857-40a3-9c0c-dcfa89dc3502	Cell		Positive	Annotation	Polygon	344.24	1341	4.5559	11.0955	0.465	5.1966	1.4008	NaN	1.48	37	2.7707	10	0	10	104.32	2608	6.7683	122	92	30	1	25	1.9791	9	0	9	46.1805	44.9148	0.2877	21.7989	2.8927	NaN	1.587	2.7705	17	0	73.087	22.952	122	18	1.0043	2.4054	18	0	1.6	2.777	17	0	69.278	21.2565	111	18	1.0049	2.4565	18	0	0.0941	6	79.2998	21.9016	300.9271	1.4592	730.2999	3579.8928
88_5_FITC.tif	4c2bd7ca-3630-4281-9b7e-c4f9b72f0638	Cell		Positive	Annotation	Polygon	296.28	1347.3	5.1772	10.1957	0.6258	4.6775	1.3717	NaN	1.1852	32	1.7549	6	0	6	102.4074	2765	5.3079	112	90	22	1.1481	31	1.7695	6	0	6	78.6932	44.8277	0.4921	21.0172	4.763	NaN	1.1785	2.2929	15	0	66.6194	26.7409	112	7	1.042	2.212	15	0	1.178	2.3308	15	0	63.8898	25.7344	108	7	1.0339	2.244	15	0	0.0566	6	99.7992	81.822	266.0728	9.4387	2041.6886	7221.6553
88_5_FITC.tif	469b0d19-ad22-48b7-8ebe-383cf9960e0c	Cell		Positive	Annotation	Polygon	486.78	603.83	7.041	12.8186	0.5385	5.9702	1.5366	NaN	20.0833	723	18.5216	58	0	58	106.1111	3820	28.8333	154	50	104	20.1111	724	18.8434	58	0	58	86.1483	47.0564	0.4889	22.0246	5.1538	NaN	2.1894	7.8004	58	0	29.8825	27.3041	154	4	1.9137	7.8537	58	0	0.4987	1.3468	11	0	22.6798	11.7071	70	4	0.1942	0.6951	6	0	0.0739	8	427.0187	434.1996	714.5288	146.5675	18377.5137	43599.0742
88_5_FITC.tif	fe6c29a5-247b-400c-ba13-27d9ec04a28a	Cell		Positive	Annotation	Polygon	510.63	951.2	12.4252	21.9328	0.3246	10.6667	1.5325	NaN	12.9	774	9.3004	35	0	35	124	7440	26.8675	165	63	102	11.8833	713	11.5084	37	0	37	106.0287	56.6608	0.415	27.0145	5.0815	NaN	5.9649	5.9232	35	0	58.7953	30.6234	165	12	1.7895	5.4888	37	0	5.0464	4.6067	19	0	50.1589	18.1362	116	12	0.4525	1.2339	7	0	0.1097	5	324.8578	348.0787	365.5216	222.4986	17931.541	29096.5137
88_5_FITC.tif	91ace6c3-5bf8-4a9a-a96c-11c729bd9644	Cell		Positive	Annotation	Polygon	615.51	1147.4	5.7984	15.3368	0.3098	7.4485	1.1203	NaN	9.7879	323	10.1666	37	0	37	78.4848	2590	19.5754	116	46	70	9.6061	317	10.259	37	0	37	88.2192	50.4549	0.4355	24.0036	4.8067	NaN	1.7354	4.0586	37	0	30.6136	17.332	116	7	0.9368	3.8454	37	0	1.0609	1.881	10	0	26.6041	9.2668	66	7	0.2107	0.7872	6	0	0.0692	5	343.0775	222.4986	570.4347	156.3425	17320.4883	28629.3652
88_5_FITC.tif	3097e427-1805-4df8-ae68-f821c49f02a8	Cell		Positive	Annotation	Polygon	363.54	1248.9	8.6977	18.8976	0.3061	9.1089	1.2817	NaN	2.0435	94	2.2106	7	0	7	79.8913	3675	8.1873	92	57	35	1.3696	63	1.9248	7	0	7	90.9114	52.3465	0.4169	24.7473	4.763	NaN	1.9909	2.9162	15	0	53.1179	18.227	92	23	0.6372	1.5477	11	0	1.9848	2.9898	15	0	50	16.4292	87	23	0.5519	1.4771	11	0	0.0938	10	246.0614	217.545	657.8768	16.4241	10884.5771	43599.0742
88_5_FITC.tif	9a251f44-04c3-4cc4-9cd6-d02b470b1c7f	Cell		Positive	Annotation	Polygon	364.33	1267.8	4.3488	11.2737	0.43	5.3142	1.0936	NaN	4.8696	112	4.3932	12	0	12	74.4783	1713	8.0049	88	58	30	4.0435	93	4.2478	11	0	11	65.2325	39.3492	0.5294	18.0886	4.55	NaN	1.7111	3.3627	19	0	45.2444	19.9838	94	11	1.2381	3.0459	19	0	1.4623	3.1452	19	0	42.9418	18.7937	94	11	1.0171	2.8241	19	0	0.0627	8	170.9221	101.0997	565.3979	16.4241	5727.2949	24979.8945
88_5_FITC.tif	ab080c88-52a8-4caf-a3f6-7d78fea9c54f	Cell		Positive	Annotation	Polygon	662.52	1296.7	9.526	15.1125	0.5241	6.3799	2.0428	NaN	9.5833	460	10.4918	37	0	37	80.25	3852	23.8938	127	39	88	8.0833	388	11.1543	38	0	38	105.2004	49.8723	0.5315	23.0263	5.7984	NaN	3.1181	5.0412	37	0	40.4173	16.6262	127	15	1.0591	4.1917	38	0	2.4435	3.4602	18	0	36.2609	7.9775	78	15	0.3261	0.9847	7	0	0.0868	5	539.9183	640.4781	755.7712	156.3425	20107.0938	43124.5195
88_5_FITC.tif	c5051b51-5ebb-45b3-9592-459b54facc49	Cell		Positive	Annotation	Polygon	489.22	1305.4	1.6567	6.3421	0.5176	2.9059	0.5991	NaN	0.4444	4	0.527	1	0	1	139	1251	2.9155	142	135	7	0.4444	4	0.527	1	0	1	59.227	40.4516	0.4548	19.0234	3.9347	NaN	0.8264	1.7424	10	0	116.3507	21.1004	147	44	0.9514	1.7243	8	0	0.8387	1.7667	10	0	115.6201	21.0298	147	44	0.9677	1.7473	8	0	0.0207	6	138.9195	134.1602	355.0085	12.2059	5341.6035	22868.4648
88_5_FITC.tif	15f7c87c-5026-4952-bc59-82cd073792d0	Cell		Positive	Annotation	Polygon	492.01	1318.7	7.4551	14.5174	0.4445	6.9494	1.7569	NaN	1.0789	41	1.7458	7	0	7	140.3684	5334	4.6813	150	132	18	0.5	19	0.797	3	0	3	73.7231	49.8386	0.373	24.0004	4.1119	NaN	1.7341	2.435	12	0	118.4017	17.7137	150	60	0.615	1.4734	12	0	1.8111	2.4944	12	0	115.8173	16.8713	150	60	0.6285	1.5337	12	0	0.0982	3	62.8192	13.2538	171.8736	3.3302	175.5948	287.4423
88_5_FITC.tif	a9d7ab6b-6d69-4c9a-91ad-3131e2a5ce59	Cell		Positive	Annotation	Polygon	495.36	1316	3.7276	9.3883	0.5315	4.3196	1.0887	NaN	0.95	19	1.2763	4	0	4	145.7	2914	7.2045	156	134	22	1	20	1.2566	4	0	4	57.5703	43.9717	0.3742	20.8294	3.4631	NaN	1.4555	2.3992	14	0	110.3559	25.5097	159	46	1.1103	2.0174	13	0	1.4943	2.4614	14	0	107.6475	24.3629	159	46	1.1188	2.0656	13	0	0.0609	7	191.9068	179.1936	401.4657	3.3302	7170.6685	28629.3652
88_5_FITC.tif	925cd723-b535-401e-9bc1-93306df06b3e	Cell		Positive	Annotation	Polygon	291.87	1358.8	7.041	14.6688	0.4112	5.8091	1.9264	NaN	1.5641	61	1.9439	5	0	5	68.8718	2686	8.5906	84	53	31	1.641	64	2.1458	7	0	7	60.0553	34.3994	0.6378	14.3631	5.5824	NaN	1.134	1.7595	9	0	44.1409	15.7742	84	11	0.6357	1.4159	7	0	1.0675	1.7238	9	0	40.3135	12.9064	67	11	0.4802	1.1991	7	0	0.1227	6	148.5561	140.3207	273.9772	9.4387	2918.1096	6444.0415
88_5_FITC.tif	fd6cbaee-de01-42f4-a3a9-20e393e2a6ba	Cell		Positive	Annotation	Polygon	200.14	1441.3	16.1528	22.617	0.3968	9.2026	2.8259	NaN	10.9	872	7.891	30	0	30	112.225	8978	28.6537	153	51	102	5.775	462	6.9318	25	0	25	96.0885	54.8435	0.4014	26.002	4.7049	NaN	9.6989	9.6749	35	0	48.8602	36.4422	153	3	1.2839	3.6361	25	0	9.4494	9.9965	35	0	35.6935	20.6278	126	3	0.3506	1.0073	6	0	0.1738	6	198.9774	212.9261	305.4005	2.8193	4501.7715	14281.667
88_5_FITC.tif	688c6236-0e44-4bf6-9f9e-6860b7a584c0	Cell		Positive	Annotation	Polygon	204.04	1440.1	12.8394	17.6948	0.5153	8.0092	1.9511	NaN	13.0152	859	8.4097	31	0	31	113.1515	7468	19.1562	145	67	78	5.7424	379	5.5451	19	0	19	78.6932	51.3091	0.3756	24.0442	4.0124	NaN	11.8272	11.1631	39	0	51.3246	33.8218	145	7	1.3848	3.5117	20	0	11.5791	11.6522	39	0	38.4114	18.4302	119	7	0.4747	1.9394	20	0	0.1611	4	160.4939	167.5641	304.0281	2.8193	2748.0857	5666.8452
88_5_FITC.tif	7e756ec8-316c-4ff6-b831-96c93559f282	Cell		Positive	Annotation	Polygon	254.22	1445.6	19.052	25.0168	0.3826	11.4743	2.561	NaN	5.0404	499	5.0768	21	0	21	89.9394	8904	21.5387	130	44	86	4.9697	492	5.0819	20	0	20	130.258	59.2729	0.4659	28.0078	6.2126	NaN	1.558	2.9581	21	0	34.69	27.5415	130	2	1.0064	2.7882	20	0	0.9075	1.7087	10	0	24.3698	11.6868	72	2	0.266	0.9775	8	0	0.1493	5	164.5949	97.5652	314.5774	23.2161	2411.2803	6444.0415
88_5_FITC.tif	ad1485b0-d5f6-4106-bd6d-40e485c9b12e	Cell		Positive	Annotation	Polygon	314.87	1461.5	13.0465	23.855	0.2881	11.6719	1.6273	NaN	4.4848	296	4.9776	23	0	23	77.9394	5144	13.8363	105	50	55	4.4545	294	4.9121	22	0	22	113.0697	58.8218	0.4107	28.0494	5.224	NaN	1.234	3.1629	23	0	35.0183	24.2105	105	2	1.075	3.1477	22	0	0.7879	2.5242	21	0	29.1289	18.7819	95	2	0.6112	2.4934	21	0	0.1132	7	122.9844	124.6102	179.8744	82.3018	2207.283	5217.6538
88_5_FITC.tif	d5e9bb52-e491-46c5-b056-8740ff1e80a8	Cell		Positive	Annotation	Polygon	238.32	1462.7	6.4197	15.8175	0.3224	7.5018	1.5338	NaN	4.8158	183	5.2754	18	0	18	72.7895	2766	12.208	97	54	43	4.8158	183	5.2084	18	0	18	91.3255	50.5522	0.4491	24.0044	4.9701	NaN	1.5646	2.7037	18	0	37.0068	15.6592	97	6	0.6644	2.2086	18	0	1.2581	2.0847	12	0	33.6328	11.0557	64	6	0.273	1.0294	12	0	0.0762	6	161.0017	154.5714	324.2514	23.2161	2780.7668	5666.8452
88_5_FITC.tif	9aa5846d-bbe2-4687-9714-e470217d13be	Cell		Positive	Annotation	Polygon	262.52	1525.4	16.1528	26.6593	0.2856	12.4664	1.8785	NaN	4.038	319	4.866	20	0	20	85.2405	6734	16.2269	116	54	62	3.9747	314	4.9094	20	0	20	121.7674	60.8171	0.4137	29.0152	5.5406	NaN	1.3022	2.7671	20	0	34.4058	26.8147	116	1	0.9321	2.6844	20	0	0.8784	1.9685	15	0	26.5314	18.085	91	1	0.4608	1.7239	15	0	0.1281	6	119.1999	108.4696	179.1756	67.0863	3398.8013	6663.8105
88_5_FITC.tif	fd71c140-0b22-4c04-adf9-47a12e4e8001	Cell		Positive	Annotation	Polygon	331.38	1640.7	4.3488	11.2615	0.4309	5.3592	1.0065	NaN	1.4783	34	2.2537	7	0	7	91.0435	2094	3.7475	97	86	11	0.1304	3	0.4577	2	0	2	75.5869	46.2553	0.4439	22.0012	4.3488	NaN	3.7151	4.6952	24	0	64.4904	18.5596	103	15	0.6384	1.6377	13	0	3.8655	4.7795	24	0	62.7047	17.7773	103	15	0.6725	1.6825	13	0	0.0538	11	231.7169	258.3813	357.6004	100.0763	6558.96	24143.0957
88_5_FITC.tif	9980fa4d-23cf-4d8a-8068-2272481cbf15	Cell		Positive	Annotation	Polygon	253.9	1703.9	26.5072	30.1006	0.3676	13.1495	3.1928	NaN	4.9462	643	6.8089	31	0	31	108.4231	14095	29.7917	172	49	123	4.9077	638	6.8318	31	0	31	149.5171	63.5982	0.4645	30.0639	6.8897	NaN	2.4544	4.1785	31	0	45.395	36.0417	172	3	1.0884	3.4821	31	0	1.9091	3.0892	15	0	31.601	18.1447	104	3	0.2525	0.8556	7	0	0.1745	6	101.0121	66.4673	242.0565	25.2924	1620.8798	6663.8105
88_5_FITC.tif	11689503-d367-4fd4-8e0a-f2ecb0dfa528	Cell		Positive	Annotation	Polygon	250.79	1728	6.4197	15.4352	0.3386	6.7548	1.2756	NaN	3.1471	107	3.9322	12	0	12	83.2647	2831	13.4419	106	57	49	3.0882	105	3.9031	12	0	12	66.4751	50.6128	0.3261	24.0183	3.9423	NaN	1.8858	3.1024	15	0	46.3735	20.8398	106	5	0.7068	1.9854	12	0	1.7379	2.9635	15	0	42.0483	16.9078	90	5	0.4276	1.3858	12	0	0.1005	3	11.9913	9.0291	25.2924	1.6523	30.2972	70.7681
88_5_FITC.tif	5a3aaa11-8c36-4644-892a-28431f1a8387	Cell		Positive	Annotation	Polygon	248.41	1731.8	3.3134	9.8483	0.4293	4.7468	0.9066	NaN	4.9412	84	3.9286	12	0	12	75.7059	1287	7.4646	88	61	27	2.2353	38	3.6832	12	0	12	36.0332	38.592	0.304	18.8202	2.6787	NaN	2.2614	2.9837	12	0	52.6932	15.612	88	6	0.7273	1.7053	12	0	1.9748	2.7281	11	0	50.2327	14.186	76	6	0.566	1.2555	7	0	0.0748	11	231.4742	267.9712	582.293	1.6523	3696.822	23772.3047
88_5_FITC.tif	554c5f7d-efe2-4aa3-8ced-e151e01ccf12	Cell		Positive	Annotation	Polygon	254.94	1736.8	10.3544	17.3064	0.4344	8.1255	1.6547	NaN	4.3396	230	4.0523	15	0	15	90.3208	4787	13.0484	116	61	55	3	159	4.1138	14	0	14	98.3665	52.7876	0.4436	25.0067	4.9701	NaN	3.0588	3.5191	15	0	47.1303	26.1482	116	0	0.8613	2.1759	14	0	2.8983	3.4182	15	0	41.7187	22.0224	102	0	0.5934	1.6116	14	0	0.0995	5	66.977	32.8583	161.3672	8.7867	1564.4785	7561.6118
88_5_FITC.tif	1950518d-7a64-45a6-a9ab-6933497f9a2e	Cell		Positive	Annotation	Polygon	285.97	1892.7	4.763	11.743	0.434	5.6106	1.2565	NaN	2.8846	75	2.9977	10	0	10	68.3462	1777	11.1425	86	45	41	2.6154	68	3.2382	10	0	10	54.8782	41.1164	0.4079	19.7351	4.2625	NaN	1.6404	2.3149	10	0	32.618	18.0001	86	9	0.6742	1.7021	10	0	1.5062	2.1949	10	0	28.7635	13.8912	73	9	0.4647	1.2909	7	0	0.0901	4	149.4622	165.2142	258.3813	9.0391	2079.4456	7561.6118
88_5_FITC.tif	aff45d76-08aa-482a-bf3d-9bf0e7985ec5	Cell		Positive	Annotation	Polygon	287.44	1907	12.4252	26.6612	0.2197	12.8564	1.261	NaN	2.1613	134	2.8584	10	0	10	65.2258	4044	9.9629	84	40	44	2.0323	126	2.7991	10	0	10	86.1483	54.6479	0.3625	26.3562	4.763	NaN	1.6516	2.3867	15	0	30.9928	20.0052	84	1	0.7064	1.8708	16	0	1.563	2.2881	15	0	25.0476	14.6069	78	1	0.4762	1.5516	16	0	0.1367	4	136.7104	135.3419	267.1188	9.0391	1138.6841	3084.7932
88_5_FITC.tif	6d57b0c2-12f5-49fd-bf23-aaa120f02ae0	Cell		Positive	Annotation	Polygon	295.1	1996.4	29.6135	36.7401	0.2757	17.7842	2.3742	NaN	7.1973	1058	8.9317	44	0	44	119.0272	17497	23.1025	160	62	98	6.9252	1018	8.7516	43	0	43	154.6943	71.1543	0.384	34.0276	5.7984	NaN	2.5455	5.0174	44	0	48.9479	41.0371	160	2	1.512	4.7473	43	0	1.4077	2.3091	13	0	31.807	21.6619	97	2	0.188	0.6973	7	0	0.1952	7	296.9779	313.5399	500.0814	92.6597	13533.1777	46471.2344
88_5_FITC.tif	5116a684-c79f-4595-9bf0-5f24bf9e164d	Cell		Positive	Annotation	Polygon	304.07	2308.2	43.9025	41.2537	0.3242	19.4344	3.1293	NaN	2.0047	429	3.0062	17	0	17	104.986	22467	17.408	145	62	83	1.6776	359	3.0123	17	0	17	140.6123	70.2918	0.3576	33.6074	5.6759	NaN	1.5779	2.4983	17	0	68.8132	31.3237	145	9	0.7235	1.9394	17	0	1.382	2.2026	12	0	52.2017	20.3765	136	9	0.2854	0.8514	5	0	0.3133	9	499.5026	313.5399	1261.6934	3.2079	7833.0459	24274.5625
88_5_FITC.tif	2bffbc9f-3ef6-498d-86e8-978a21fa9129	Cell		Positive	Annotation	Polygon	308.25	2308.9	11.1827	24.836	0.2278	10.6283	1.5874	NaN	3.7797	223	3.8777	16	0	16	110.0339	6492	17.1504	137	74	63	3.339	197	3.356	12	0	12	53.2215	44.0254	0.3451	21.2686	3.3938	NaN	2.3308	3.0234	16	0	55.0808	35.2019	137	16	1.0885	2.2395	12	0	1.9055	2.5838	11	0	38.9502	19.1593	127	16	0.4279	1.1384	6	0	0.2087	6	93.8986	17.552	315.2952	3.2079	2465.1941	13637.6699
88_5_FITC.tif	0822460a-b2c3-4076-b81e-02af0ba52a5c	Cell		Positive	Annotation	Polygon	306.7	2327	21.5371	32.8063	0.2515	16.0054	1.8712	NaN	1.8716	204	2.4499	13	0	13	132.5046	14443	11.2814	149	95	54	2.2477	245	2.9819	14	0	14	49.701	46.5503	0.2882	22.6815	3.3357	NaN	1.1626	1.9624	13	0	96.939	38.1006	149	24	1.1585	2.3025	14	0	0.5985	1.2033	6	0	68.6423	26.3377	136	24	0.292	0.8842	6	0	0.4353	4	11.1623	13.1992	14.4069	3.8437	9.906	17.5228
88_5_FITC.tif	544f700d-cafc-432b-8607-44c426bcd46b	Cell		Positive	Annotation	Polygon	309.39	2324.5	3.9347	10.9219	0.4145	5.2875	0.9893	NaN	1	20	2.4061	10	0	10	97.9	1958	15.5391	121	71	50	0.95	19	2.2118	9	0	9	15.7386	25.6337	0.301	12.4772	1.8209	NaN	0.987	1.8952	10	0	58.039	32.3413	121	19	0.3766	1.257	9	0	0.9825	1.706	6	0	44.0526	23.8959	117	19	0.1754	0.5708	3	0	0.2146	4	8.2985	7.051	16.0582	3.0336	6.9657	11.1869
88_5_FITC.tif	720e3b7f-81d6-45b3-b622-90a56e88a7f5	Cell		Positive	Annotation	Polygon	310.32	2328.3	2.278	7.7555	0.4759	3.6049	0.8331	NaN	2.2308	29	3.0043	7	0	7	94.3846	1227	13.672	115	72	43	0.9231	12	1.6053	4	0	4	10.7685	20.0456	0.3368	9.5055	1.4871	NaN	0.7679	1.9725	7	0	58.2857	28.0413	117	20	0.2143	0.8467	4	0	0.3256	1.2858	7	0	47.3721	21.2368	117	20	0	0	0	0	0.1586	5	71.4778	19.0457	179.689	3.0336	1265.507	5521.0947
88_5_FITC.tif	8e221c70-763e-4785-a987-b324876bdeea	Cell		Positive	Annotation	Polygon	309.59	2341.3	26.3001	32.8367	0.3065	13.4732	3.1319	NaN	2.8769	374	3.6366	21	0	21	133.2308	17320	25.9485	185	75	110	2.8846	375	3.6634	21	0	21	107.2713	60.1762	0.3723	25.4744	6.4734	NaN	1.4894	2.7119	21	0	73.4027	41.789	185	14	1.1599	2.4947	21	0	1.0257	2.1357	14	0	53.4087	22.5275	145	14	0.5835	1.5865	14	0	0.2447	5	40.1494	13.845	141.0376	7.3571	38.0838	99.9379
88_5_FITC.tif	3ada466a-dcf2-4351-a47e-18b87a0bd364	Cell		Positive	Annotation	Polygon	325.25	2477.8	19.4662	30.8628	0.2568	12.7178	2.6239	NaN	2.8788	285	2.7821	10	0	10	91.4949	9058	17.1443	124	56	68	2.202	218	2.6379	10	0	10	138.1273	62.0134	0.4514	29.0346	6.4169	NaN	2.7862	3.55	20	0	53.0463	22.9017	124	6	0.7758	1.8821	12	0	2.7702	3.6688	20	0	46.3684	16.2246	97	6	0.5281	1.5953	12	0	0.1404	6	350.8349	144.6506	1430.2396	76.0249	5114.0361	10500.8311
88_5_FITC.tif	2f81233f-96f2-4358-9517-69cfa2421768	Cell		Positive	Annotation	Polygon	341.41	2617.3	6.4197	15.0664	0.3554	6.3372	1.5886	NaN	2.375	95	3.0941	12	0	12	88	3520	10.8864	106	63	43	2.35	94	3.0847	12	0	12	92.361	49.1074	0.4813	23.0218	5.1294	NaN	1.6085	2.7203	16	0	47.7584	21.1032	106	13	0.7315	1.9057	14	0	1.5332	2.6732	16	0	43.8034	17.3957	92	13	0.5725	1.671	14	0	0.0781	4	561.8554	268.6911	1569.8655	140.1739	7612.6445	9277.8242
88_5_FITC.tif	b6c46dfe-e690-4aff-bf01-a046b3ec39c5	Cell		Positive	Annotation	Polygon	488.48	1486.8	7.8693	14.7273	0.4559	6.9407	1.721	NaN	4.5135	167	5.2048	19	0	19	78.5135	2905	17.0059	101	33	68	4.5946	170	5.3409	20	0	20	58.1916	35.6327	0.5759	15.0166	5.1772	NaN	1.4296	3.0851	19	0	34.4577	23.9959	101	3	1.162	3.1491	20	0	0.9676	2.3109	18	0	27.8583	16.8651	85	3	0.6478	2.2796	19	0	0.121	6	133.2409	172.9521	255.8397	5.2477	1879.9912	11560.9365
88_5_FITC.tif	70ccc29e-0321-4c8c-8bf5-15e48e2a51cf	Cell		Positive	Annotation	Polygon	490.13	1497.1	2.8992	9.3025	0.421	4.4507	0.7612	NaN	6.4	96	6.5553	19	0	19	72.8	1092	15.1384	92	45	47	6.4667	97	6.556	19	0	19	17.8095	23.8145	0.3946	11.1535	2.4257	NaN	1.2889	3.5419	19	0	27.4778	22.6974	92	3	1.2222	3.572	19	0	0.2667	0.7769	5	0	18.4133	8.752	53	3	0.1733	0.7236	5	0	0.1276	5	135.4659	179.1936	263.3714	2.6442	2224.9922	6074.1489
88_5_FITC.tif	58ed750a-7193-4cda-8d0d-fd5e59c3460c	Cell		Positive	Annotation	Polygon	488.06	1501.6	3.3134	11.5371	0.3128	5.5672	0.9842	NaN	3.8571	81	3.8895	12	0	12	70.619	1483	15.6668	96	42	54	3.6667	77	3.8773	12	0	12	42.66	33.1997	0.4864	15.2087	3.3798	NaN	1.2919	2.3911	12	0	32.8325	17.2492	96	13	0.5933	1.7846	12	0	1.0053	1.9798	10	0	28.6117	11.2446	80	13	0.25	0.8691	6	0	0.0792	5	172.8125	260.9385	330.1336	2.6442	7123.4932	24979.8945
88_5_FITC.tif	f4963564-dd87-42b4-b6a7-6920e80fc51f	Cell		Positive	Annotation	Polygon	549.95	1713.6	15.1174	27.575	0.2498	13.0726	1.8387	NaN	5.9605	453	6.0585	23	0	23	85.6974	6513	24.0898	121	28	93	5.8553	445	6.0546	23	0	23	120.5249	63.9176	0.3707	31.0014	5.1772	NaN	2.3002	3.6195	23	0	31.9314	24.9364	121	3	0.9177	2.9914	23	0	1.7515	2.7044	13	0	23.8718	11.3987	77	3	0.1775	0.8052	11	0	0.125	6	316.9617	314.1692	570.4347	53.886	12918.9844	28629.3652
88_5_FITC.tif	e6095f43-6b6d-43ee-ad95-b9b8d4a60148	Cell		Positive	Annotation	Polygon	517.77	1757.3	11.1827	23.1208	0.2629	11.3564	1.4357	NaN	5.8621	340	5.8981	21	0	21	78.2241	4537	18.667	110	43	67	5.8448	339	5.973	22	0	22	104.7862	58.1712	0.3891	28.0029	4.763	NaN	1.9487	3.3168	21	0	31.0769	20.8069	110	5	0.8462	2.7805	22	0	1.4432	2.4001	13	0	24.9866	10.9402	80	5	0.2004	0.7349	6	0	0.1064	6	212.5901	220.3639	420.0152	53.886	7074.0103	15536.084
88_5_FITC.tif	f14280a5-7708-42d8-a39b-df1487e1696d	Cell		Positive	Annotation	Polygon	448.18	1825.3	11.3898	24.3192	0.242	11.8165	1.3817	NaN	6.8966	400	8.0343	33	0	33	93.0862	5399	19.8859	131	53	78	6.5862	382	8.4127	34	0	34	114.7264	60.9481	0.3881	29.0118	4.9695	NaN	2.9514	4.3848	33	0	45.218	22.1323	131	17	1.1189	3.5567	34	0	2.4909	3.4677	14	0	39.6318	14.2289	102	17	0.4809	1.4467	11	0	0.0981	8	370.7517	347.0868	661.3651	97.5405	23534.8828	46471.2344
88_5_FITC.tif	7ee3a2f6-de4d-4577-8dd1-1bea6d21400e	Cell		Positive	Annotation	Polygon	567.93	1930	10.9756	24.9195	0.2221	12.186	1.3677	NaN	12.4915	737	11.3402	35	0	35	115.2542	6800	29.4546	162	48	114	12.4068	732	11.2849	35	0	35	109.3421	60.2	0.3791	29.0132	5.1242	NaN	2.7121	5.6646	35	0	44.7595	31.7411	162	6	1.7102	5.4628	35	0	1.4819	2.5733	12	0	35.8913	17.9354	106	6	0.3646	1.258	11	0	0.1057	10	297.1178	257.4597	640.4781	169.6595	9635.1943	43124.5195
88_5_FITC.tif	7bf2c49e-80f6-44ef-896c-d3a381e547b7	Cell		Positive	Annotation	Polygon	685.9	2052	10.7685	16.9688	0.47	7.6592	2.027	NaN	7.2037	389	6.6881	23	0	23	75.037	4052	21.0399	111	27	84	7.3333	396	6.7795	23	0	23	101.6799	51.3014	0.4855	24.0049	5.5845	NaN	1.4451	3.3333	23	0	19.0366	23.5673	111	0	1.1016	3.282	23	0	0.7352	1.5672	8	0	12.1324	11.6216	67	0	0.3333	1.0668	8	0	0.1023	4	339.5938	226.6815	755.7712	149.2409	19228.3105	43124.5195
88_5_FITC.tif	a0cb288a-9c14-459d-ba87-6bcd765c2a96	Cell		Positive	Annotation	Polygon	545.65	2173.3	35.8261	36.0124	0.3471	17.1122	3.2624	NaN	5.7614	1014	7.4986	30	0	30	167.2386	29434	30.4402	209	90	119	6.2216	1095	7.4536	32	0	32	117.0044	59.371	0.4171	28.0646	6.0103	NaN	1.9277	4.9378	30	0	83.5238	64.7309	209	8	2.0406	5.0363	32	0	0.202	0.7321	7	0	45.8414	32.8474	186	8	0.1586	0.6644	7	0	0.3071	6	231.5275	294.3882	420.0152	4.9818	10900.9258	40560.1992
88_5_FITC.tif	2035f6cd-c904-4c02-9755-eca5fe0607d6	Cell		Positive	Annotation	Polygon	549.06	2179.1	6.4197	15.0878	0.3544	7.2191	1.0922	NaN	5.5758	184	5.2263	16	0	16	138.6364	4575	21.863	172	97	75	6.2121	205	4.7615	16	0	16	27.9568	28.9855	0.4182	13.5373	3.0136	NaN	1.4071	3.4472	16	0	57.9643	57.0378	176	5	1.6429	3.5137	16	0	0.1215	0.5086	4	0	33.0841	38.3524	176	5	0.2336	0.9171	7	0	0.2076	6	96.9861	94.0704	251.7057	4.9818	1030.1628	4433.6968
88_5_FITC.tif	e6731f38-502a-44dd-b0e6-0a0551417085	Cell		Positive	Annotation	Polygon	546.93	2191.7	15.3245	20.0116	0.4809	7.7496	3.5602	NaN	12.6914	1028	15.2714	63	0	63	161.2222	13059	43.2828	227	79	148	13.5926	1101	16.2756	69	0	69	82.835	41.546	0.6031	16.365	6.9036	NaN	2.905	8.5086	63	0	60.1975	60.4905	227	3	3	9.0957	69	0	0.4201	1.2561	10	0	34.5455	29.3274	185	3	0.3103	1.1524	10	0	0.1926	4	118.3208	67.4236	331.4882	6.9478	2976.6851	10838.668
88_5_FITC.tif	04be6da7-6fef-4fa1-8e28-aaaf519767d6	Cell		Positive	Annotation	Polygon	623.09	2187.2	4.5559	10.5442	0.5149	4.906	1.1242	NaN	19.087	439	19.7827	66	0	66	93.9565	2161	23.6902	140	60	80	18.8696	434	19.7445	66	0	66	75.5869	44.9142	0.4709	21.0155	4.5559	NaN	2.1339	6.7464	66	0	34.1995	18.3533	140	16	1.388	6.6758	66	0	0.9971	1.6658	8	0	30.1924	8.1942	71	16	0.2157	0.7454	5	0	0.0512	4	156.493	143.1715	263.2138	76.4153	5258.4736	11811.8301
88_5_FITC.tif	396a76bd-5eef-4fe3-92c9-80a9727a4c9b	Cell		Positive	Annotation	Polygon	596.62	2258.4	12.2182	25.3697	0.2386	7.4287	2.6865	NaN	0.7288	43	1.2571	4	0	4	113.4407	6693	5.3022	123	100	23	0.9661	57	1.4618	5	0	5	103.7508	52.987	0.4644	24.0187	5.2874	NaN	0.7674	1.7457	11	0	95.9026	14.7043	125	53	0.7177	1.6459	11	0	0.7725	1.8017	11	0	93.5721	13.9615	125	53	0.6847	1.6675	11	0	0.1101	4	118.52	70.1999	330.0792	3.6011	1775.302	5440.896
88_5_FITC.tif	fcfbac92-0778-4cb2-bc7d-3231806e453a	Cell		Positive	Annotation	Polygon	592.67	2261.3	4.763	11.4532	0.4563	5.4125	1.2238	NaN	3.5769	93	4.884	16	0	16	113.5769	2953	10.6063	133	93	40	3.5385	92	4.8268	16	0	16	62.3333	45.7918	0.3736	22.0045	3.609	NaN	1.1424	2.6103	16	0	85.1821	20.7572	133	33	1.0199	2.4629	16	0	0.913	2.1624	12	0	82.5072	19.4412	116	33	0.7826	1.966	12	0	0.0732	5	95.3678	59.8937	331.7679	3.6011	933.0273	2878.0129
88_5_FITC.tif	9be74a57-d87b-42df-b614-7c8eb60565ab	Cell		Positive	Annotation	Polygon	577.24	2268.2	7.4551	12.0245	0.6479	5.0991	2.1448	NaN	1.575	63	2.2175	10	0	10	109.575	4383	6.6521	124	93	31	1.375	55	2.3281	10	0	10	54.0498	41.7938	0.3888	19.7892	3.9166	NaN	2.2061	2.9986	13	0	71.7366	23.9732	124	35	0.6412	1.4678	10	0	2.3198	3.1091	13	0	64.9189	19.1075	112	35	0.509	1.2136	8	0	0.1385	6	84.6205	33.4808	340.473	2.2613	1124.1818	4433.6968
88_5_FITC.tif	0279e2d2-1f61-4fb8-abe7-463385d964fb	Cell		Positive	Annotation	Polygon	573.79	2270.6	6.8339	13.97	0.44	6.6969	1.2675	NaN	1.4167	51	1.6797	5	0	5	106.0556	3818	9.4746	120	79	41	1.2222	44	1.5327	5	0	5	54.464	45.7849	0.3265	21.9678	3.2349	NaN	0.9736	1.8878	10	0	69.0491	24.1476	122	25	0.5811	1.4149	10	0	0.9039	1.9124	10	0	63.2314	20.2773	122	25	0.4803	1.372	10	0	0.1173	5	37.6949	41.8881	94.3346	2.2613	293.1317	1198.4963
88_5_FITC.tif	e185e836-4faa-439b-af4c-e0718cc3f19f	Cell		Positive	Annotation	Polygon	576.13	2279.1	2.485	6.6699	0.7019	2.9308	0.9772	NaN	1.4615	19	2.0662	5	0	5	113	1469	3.3166	119	108	11	1	13	1.6833	5	0	5	21.9513	23.924	0.4819	11.0374	2.7378	NaN	1.7798	2.6955	12	0	90.578	18.6052	122	56	1.1927	2.4209	13	0	1.8229	2.7758	12	0	87.5417	17.7206	122	56	1.2188	2.5098	13	0	0.101	3	17.0496	4.2207	43.5471	3.3811	15.3704	32.2928
88_5_FITC.tif	d7a056b9-e891-4c5c-a275-f089723161ed	Cell		Positive	Annotation	Polygon	559.4	2310.7	72.2735	47.9031	0.3958	19.5616	5.1934	NaN	2.2514	806	3.58	20	0	20	161.4721	57807	26.6959	211	97	114	2.6285	941	3.7788	20	0	20	255.3387	79.7799	0.5041	36.0537	8.6977	NaN	1.1397	2.5353	20	0	97.0772	49.8409	211	13	1.1145	2.5587	20	0	0.6838	1.7618	14	0	70.6701	28.4893	143	13	0.4937	1.436	14	0	0.2896	5	109.884	123.4958	235.9696	17.9262	2911.7959	10838.668
88_5_FITC.tif	1b284119-de75-41a7-bd32-25753a601762	Cell		Positive	Annotation	Polygon	575.56	2318.2	26.7143	37.3547	0.2406	12.8123	3.0693	NaN	2.8444	384	3.7234	18	0	18	105.6296	14260	15.4242	135	68	67	2.9704	401	3.7014	18	0	18	161.114	63.8815	0.4961	29.1013	6.6268	NaN	1.0064	2.3567	18	0	55.9127	32.2515	135	2	0.932	2.3072	18	0	0.6211	1.7242	16	0	45.4907	24.1086	111	2	0.5047	1.5907	15	0	0.1712	7	69.054	46.6092	241.9291	17.9262	769.7604	2517.1104
88_5_FITC.tif	27cdbbd5-4c7e-4ddf-a5a3-7420f06db421	Cell		Positive	Annotation	Polygon	601	2322.7	6.8339	13.4989	0.4713	6.2624	1.4554	NaN	10.7222	386	12.4479	43	0	43	71	2556	22.2042	115	39	76	10.6389	383	12.4215	43	0	43	87.3909	48.6928	0.4632	23.0106	4.9582	NaN	1.4421	4.7026	43	0	16.0426	19.9593	115	1	1.1986	4.6867	43	0	0.5788	1.1611	6	0	10.9302	9.1066	51	1	0.3204	0.9688	7	0	0.0764	7	174.7794	137.1021	392.6787	25.7276	2586.0378	8351.3018
88_5_FITC.tif	161caaa0-a47c-4c2a-9c81-d214a051190d	Cell		Positive	Annotation	Polygon	400.87	2485.8	30.2348	41.3639	0.2221	17.3025	3.376	NaN	2.64	396	3.8448	19	0	19	82.5333	12380	12.3335	110	45	65	2.64	396	3.8587	19	0	19	170.0187	71.0712	0.423	34.0027	6.8196	NaN	1.38	2.8523	24	0	43.2058	25.9619	110	4	0.9878	2.6443	24	0	1.0984	2.497	24	0	34.4143	19.1683	86	4	0.6185	2.1211	24	0	0.1832	11	287.9806	241.9291	661.3651	76.0249	12431.9805	46471.2344
