Image	Object ID	Object type	Name	Classification	Parent	ROI	Centroid X µm	Centroid Y µm	Nucleus: Area	Nucleus: Perimeter	Nucleus: Circularity	Nucleus: Max caliper	Nucleus: Min caliper	Nucleus: Eccentricity	Nucleus: Red mean	Nucleus: Red sum	Nucleus: Red std dev	Nucleus: Red max	Nucleus: Red min	Nucleus: Red range	Nucleus: Green mean	Nucleus: Green sum	Nucleus: Green std dev	Nucleus: Green max	Nucleus: Green min	Nucleus: Green range	Nucleus: Blue mean	Nucleus: Blue sum	Nucleus: Blue std dev	Nucleus: Blue max	Nucleus: Blue min	Nucleus: Blue range	Cell: Area	Cell: Perimeter	Cell: Circularity	Cell: Max caliper	Cell: Min caliper	Cell: Eccentricity	Cell: Red mean	Cell: Red std dev	Cell: Red max	Cell: Red min	Cell: Green mean	Cell: Green std dev	Cell: Green max	Cell: Green min	Cell: Blue mean	Cell: Blue std dev	Cell: Blue max	Cell: Blue min	Cytoplasm: Red mean	Cytoplasm: Red std dev	Cytoplasm: Red max	Cytoplasm: Red min	Cytoplasm: Green mean	Cytoplasm: Green std dev	Cytoplasm: Green max	Cytoplasm: Green min	Cytoplasm: Blue mean	Cytoplasm: Blue std dev	Cytoplasm: Blue max	Cytoplasm: Blue min	Nucleus/Cell area ratio	Delaunay: Num neighbors	Delaunay: Mean distance	Delaunay: Median distance	Delaunay: Max distance	Delaunay: Min distance	Delaunay: Mean triangle area	Delaunay: Max triangle area
88_6_FITC.tif	48d29b40-32e2-4c50-b35e-dc94b56e9436	Cell		Positive	Annotation	Polygon	326.48	1027.9	12.6323	25.1463	0.251	12.2352	1.7001	NaN	3.1231	203	4.375	21	0	21	86.7846	5641	22.5399	123	40	83	3.1846	207	4.3333	21	0	21	69.5814	55.0396	0.2886	26.7029	3.7982	NaN	1.4793	2.6138	21	0	38.4823	29.0624	123	5	0.7959	2.375	21	0	1.0879	1.778	8	0	26.9817	15.3827	107	5	0.2271	0.9392	8	0	0.1851	5	90.304	7.6521	220.6276	2.3495	137.4358	281.9545
88_6_FITC.tif	47853cfd-af3d-4dc7-8ec3-bc30f0b1c884	Cell		Positive	Annotation	Polygon	322.8	1023.6	4.9701	15.1112	0.2735	7.3213	1.2676	NaN	1.8438	59	2.7837	11	0	11	71.9688	2303	11.0087	87	49	38	2	64	2.7591	11	0	11	36.4474	35.7003	0.3594	16.5909	3.5582	NaN	0.7263	1.8045	11	0	33.933	24.2921	87	6	0.486	1.4625	11	0	0.483	1.4111	8	0	25.6531	17.5385	79	6	0.1565	0.616	5	0	0.1372	7	175.1391	187.3712	424.3438	1.4741	2717.2891	11909.3115
88_6_FITC.tif	0b0c50c8-7387-4ef4-9d32-1704743105c9	Cell		Positive	Annotation	Polygon	324.62	1028.1	0.8283	5.6075	0.331	2.742	0.3816	NaN	2.6	13	3.5777	7	0	7	81.2	406	5.8481	87	75	12	0.6	3	1.3416	3	0	3	1.2425	6.1932	0.4071	2.9768	0.5054	NaN	1.625	3.0208	7	0	78.5	7.1913	87	66	0.375	1.0607	3	0	0	0	0	0	74	8	82	66	0	0	0	0	0.5155	4	56.7692	3.241	219.1207	1.4741	86.9835	198.1622
88_6_FITC.tif	b47dfbd9-fee1-48a1-bf13-a06a14e75003	Cell		Positive	Annotation	Polygon	321.98	1036	5.5914	13.9521	0.3609	6.256	1.3365	NaN	2.4839	77	3.6412	12	0	12	67.2581	2085	10.9847	85	41	44	2.5484	79	3.4625	12	0	12	42.0387	36.8571	0.3889	17.0687	3.3126	NaN	1.3835	2.4201	12	0	33.5971	18.5866	85	11	0.6408	1.8681	12	0	1.1886	2.0882	8	0	27.6343	12.1893	71	11	0.3029	1.132	8	0	0.1405	7	126.7991	182.0214	260.7166	1.6952	1391.1234	5191.1543
88_6_FITC.tif	8d9ba8f4-53d2-44be-bdb9-88544e377f76	Cell		Positive	Annotation	Polygon	324.27	1033.4	2.278	9.2566	0.3341	4.5458	0.6581	NaN	1.1667	14	1.5859	5	0	5	80.8333	970	6.1914	89	69	20	1.25	15	1.8153	5	0	5	5.3843	14.9449	0.3029	7.3316	1.0793	NaN	0.75	1.3506	5	0	75.3214	11.8229	91	53	0.8571	1.4836	5	0	0.4375	1.0935	4	0	71.1875	13.4522	91	53	0.5625	1.1529	4	0	0.3538	5	3.8534	4.1325	5.5811	1.6952	3.9442	5.3715
88_6_FITC.tif	1f3b290f-9c1b-4175-99bf-9a5727f6b3f4	Cell		Positive	Annotation	Polygon	325.34	1042.7	6.8339	12.8795	0.5177	6.0006	1.396	NaN	2.5278	91	3.3593	15	0	15	80.5278	2899	16.681	110	54	56	2.5833	93	3.3584	15	0	15	40.382	30.6184	0.5413	14.1067	4.105	NaN	0.9798	2.0351	15	0	38.6768	23.6157	110	10	0.601	1.779	15	0	0.6358	1.3999	7	0	29.3765	11.9684	81	10	0.1605	0.5889	5	0	0.16	7	155.4473	225.678	298.8585	5.5811	1454.7245	8524.0078
88_6_FITC.tif	98b9e7be-bf4a-455e-a942-8f597100c341	Cell		Positive	Annotation	Polygon	242.1	1196	6.0055	14.1256	0.3782	6.7058	1.3497	NaN	9.4062	301	8.5378	30	0	30	63.2188	2023	17.765	94	30	64	9.6875	310	8.5626	30	0	30	85.32	48.8182	0.4499	23.035	4.763	NaN	1.2131	3.5291	30	0	17.1937	16.2134	94	2	1.23	3.6779	30	0	0.5249	1.1954	7	0	13.3281	8.1179	46	2	0.5197	1.4682	10	0	0.0659	8	307.4855	186.6931	649.3325	62.8025	8095.2695	32530.9551
88_6_FITC.tif	28931835-d94d-4e21-9242-a199dc01b056	Cell		Positive	Annotation	Polygon	281	1245.4	2.485	9.1263	0.3749	4.3437	0.8679	NaN	1.625	26	3.2016	10	0	10	110.125	1762	5.4635	121	105	16	1.5625	25	3.0325	9	0	9	44.3167	43.5418	0.2937	21.0059	2.6403	NaN	1.659	2.5356	10	0	87.6544	14.8251	121	45	0.8848	1.7978	9	0	1.6617	2.4849	10	0	85.8657	13.839	113	45	0.8308	1.6617	8	0	0.0577	6	173.8487	179.3133	314.8739	1.0747	3582.8918	7984.8677
88_6_FITC.tif	20daac30-c431-45b2-8dad-57b4dbbc75c7	Cell		Positive	Annotation	Polygon	283.37	1245.2	1.4496	7.5905	0.3162	3.6438	0.6058	NaN	0.0909	1	0.3015	1	0	1	103	1133	2.5298	107	99	8	0.1818	2	0.4045	1	0	1	39.1395	41.1966	0.2898	20.0132	2.485	NaN	0.8691	1.8089	9	0	83.0262	14.6102	114	54	0.8272	1.6722	9	0	0.9167	1.8517	9	0	81.8056	14.1493	114	54	0.8667	1.7123	9	0	0.0374	6	122.8287	79.4725	305.5655	1.0747	1418.7567	3916.2859
88_6_FITC.tif	f180bb6f-7f3a-4c8e-a0fb-39232a46ab82	Cell		Positive	Annotation	Polygon	309.89	1290.8	1.8638	6.3421	0.5823	2.9059	0.599	NaN	1	9	1.5	4	0	4	77.8889	701	2.7588	82	75	7	0.8889	8	1.3642	4	0	4	38.9324	30.1702	0.5375	13.9029	3.7763	NaN	0.6032	1.4052	11	0	60.2751	14.15	85	23	0.619	1.4265	10	0	0.5833	1.4018	11	0	59.3944	13.9129	85	23	0.6056	1.4319	10	0	0.0318	5	122.4377	55.559	260.7166	6.4418	1052.5665	3873.7668
88_6_FITC.tif	c83d4755-04ff-4b13-8d61-7ce4dc09ba8f	Cell		Positive	Annotation	Polygon	310.9	1302.2	2.8992	10.3117	0.3426	4.9971	1.009	NaN	1.6471	28	2.0899	6	0	6	77.8235	1323	5.6151	87	68	19	1.6471	28	2.0899	6	0	6	52.8073	38.4053	0.4499	18.0408	4.4965	NaN	0.7578	1.6674	11	0	58.457	13.7112	89	24	0.6484	1.5446	11	0	0.6946	1.6201	11	0	57.0795	13.0618	89	24	0.5774	1.4786	11	0	0.0492	4	33.101	32.2588	61.4445	6.4418	117.0903	368.3767
88_6_FITC.tif	6c6769a9-fd01-44bc-94eb-c4f8097fbc63	Cell		Positive	Annotation	Polygon	224.35	1320.1	3.7276	11.1356	0.3778	5.3204	0.8525	NaN	2.85	57	3.0136	10	0	10	67.1	1342	7.9928	83	55	28	3.35	67	3.7455	12	0	12	73.516	46.1746	0.4333	22.0052	4.3437	NaN	0.9466	2.5968	19	0	36.1461	18.2438	93	2	0.9298	2.7163	20	0	0.8333	2.5302	19	0	34.3036	16.9845	93	2	0.7857	2.5792	20	0	0.0447	6	139.1297	106.5577	344.6169	64.8786	3556.4116	9128.9111
88_6_FITC.tif	a9e60003-9e9b-4531-b296-4ff6f4f12f43	Cell		Positive	Annotation	Polygon	315.16	1323.7	4.9701	13.5803	0.3387	6.3304	1.4363	NaN	3.6	108	4.2312	16	0	16	88.0667	2642	10.3722	109	68	41	3.9	117	4.3339	17	0	17	56.7419	38.5499	0.4798	17.0166	4.5618	NaN	1.3525	2.6173	16	0	52.759	22.6406	109	8	1.0719	2.5396	17	0	1.0806	2.2118	12	0	48.4879	19.8115	106	8	0.7298	1.9847	13	0	0.0982	4	89.9418	30.4298	288.7902	10.1174	271.1655	914.9167
88_6_FITC.tif	a1ec865a-80fc-4e55-a800-081f13176da9	Cell		Positive	Annotation	Polygon	316.29	1339.3	18.0166	25.377	0.3516	10.9717	2.6555	NaN	3.163	291	3.5028	12	0	12	86.1848	7929	15.1838	112	49	63	2.1739	200	2.971	12	0	12	101.2657	52.4211	0.4631	23.4566	6.1942	NaN	1.0835	2.2513	12	0	42.2729	27.0475	112	9	0.6029	1.6547	12	0	0.604	1.4848	8	0	32.1479	17.3049	98	9	0.2406	0.8065	6	0	0.1786	9	272.0258	298.8585	520.3444	10.1174	14043.002	63817.1953
88_6_FITC.tif	03dc8ecc-f856-4f44-be3f-0af32269e5ac	Cell		Positive	Annotation	Polygon	242.59	1382.3	8.9048	18.613	0.323	8.9637	1.3193	NaN	3.0222	136	3.0932	13	0	13	66.6	2997	13.1086	90	41	49	2.7556	124	3.3382	13	0	13	96.5027	54.2204	0.4125	26.0036	4.9141	NaN	1.2784	2.1509	13	0	29.8565	18.6392	90	2	0.561	1.6411	13	0	1.0924	1.9393	10	0	25.9384	14.384	79	2	0.327	1.1166	9	0	0.0937	6	118.7417	130.0468	186.015	24.3086	2024.8079	4379.3945
88_6_FITC.tif	ffd7bf29-418c-47ad-99ab-9c4d33235686	Cell		Positive	Annotation	Polygon	231.82	1401.4	3.7276	12.4084	0.3042	5.9019	0.858	NaN	1.1905	25	2.4621	10	0	10	67.2381	1412	5.3563	79	55	24	1.1905	25	2.4621	10	0	10	42.2458	38.9409	0.3501	18.6153	3.0277	NaN	1.177	2.1444	14	0	34.6124	20.1167	83	1	0.5837	1.7552	14	0	1.1755	2.1134	14	0	30.9681	17.7248	83	1	0.516	1.653	14	0	0.0906	4	52.1881	54.1454	96.0785	4.3833	326.4074	615.4512
88_6_FITC.tif	c2a7d15f-a59e-4f8f-86ca-7c8744edc442	Cell		Positive	Annotation	Polygon	229.59	1409.3	9.3189	22.0971	0.2398	10.5632	1.4366	NaN	2.3269	121	2.4473	9	0	9	64.1538	3336	11.8394	82	34	48	2.5962	135	3.0115	11	0	11	82.835	58.1139	0.3082	28.0007	4.4957	NaN	0.8433	1.6691	9	0	26.204	20.384	82	1	0.6393	1.6522	11	0	0.6229	1.3961	8	0	20.5657	14.5076	72	1	0.3486	1.0752	8	0	0.1199	4	57.4534	66.7281	91.974	4.3833	615.7206	1202.5327
88_6_FITC.tif	d7f4ff22-ff6a-458c-922f-8df905903ce7	Cell		Positive	Annotation	Polygon	206.88	1447.6	24.8505	31.6666	0.3114	14.3305	3.0287	NaN	3.9683	500	3.9109	16	0	16	107.7936	13582	26.0867	154	56	98	3.9286	495	3.9561	16	0	16	152.0021	65.4604	0.4458	31.0009	6.661	NaN	1.2779	2.4648	16	0	45.5695	33.9052	154	4	0.8379	2.2283	16	0	0.7204	1.5405	10	0	32.6743	16.6667	103	4	0.1974	0.616	4	0	0.1661	5	122.1992	128.1849	233.9702	45.3681	4890.5259	10391.0928
88_6_FITC.tif	41ed26c8-db45-4939-b6e3-89d27168bc94	Cell		Positive	Annotation	Polygon	417.18	458.04	19.8804	24.6906	0.4098	9.5541	2.7332	NaN	3.8969	378	4.8164	21	0	21	132.7216	12874	15.0421	159	94	65	4.0309	391	4.3528	20	0	20	97.9523	50.6866	0.4791	21.0224	6.0055	NaN	2.2474	3.5718	21	0	70.4549	39.0463	159	16	1.4256	2.9707	20	0	1.8263	3.0452	18	0	54.5605	24.7366	139	16	0.7605	2.0257	15	0	0.2055	7	457.808	555.379	1210.6294	10.3258	4749.2549	19472.1387
88_6_FITC.tif	bf646eb2-8cad-4a90-a35a-9f80b2e95985	Cell		Positive	Annotation	Polygon	418.36	474.78	14.0819	25.2988	0.2765	9.7842	2.3151	NaN	3	225	3.499	15	0	15	133.0133	9976	12.8531	155	100	55	1.96	147	2.3506	9	0	9	87.805	52.5499	0.3996	23.4701	5.7082	NaN	1.8267	2.8815	15	0	88.5035	32.1322	155	32	0.7494	1.698	10	0	1.5767	2.672	15	0	79.0199	26.5471	136	32	0.4915	1.398	10	0	0.1648	4	158.017	38.2809	545.1803	10.3258	728.0321	2413.0056
88_6_FITC.tif	4b139490-b68f-4fde-9a22-559db6ca53a6	Cell		Positive	Annotation	Polygon	417.95	504.86	6.8339	14.0433	0.4355	6.4504	1.5014	NaN	3.3243	123	3.6897	13	0	13	135.5405	5015	12.3841	158	111	47	3.1892	118	3.7031	13	0	13	54.2569	40.4285	0.4171	19.0897	3.677	NaN	1.6367	2.9069	14	0	96.2547	22.3681	158	52	1.0187	2.321	13	0	1.3652	2.6723	14	0	89.9348	16.3579	130	52	0.6696	1.7938	11	0	0.1198	4	140.1627	22.8021	510.3249	4.7217	783.403	2413.0056
88_6_FITC.tif	8b848792-caf9-4792-ab98-9fdcc9022eab	Cell		Positive	Annotation	Polygon	414.97	510.69	8.9048	19.8906	0.2828	9.7762	1.218	NaN	5.5217	254	4.4509	17	0	17	133	6118	10.8689	153	111	42	2.6739	123	3.0482	10	0	10	45.9734	41.106	0.3419	19.8434	3.0834	NaN	7.1937	5.5538	21	0	89.036	31.3031	153	41	0.9775	2.2661	16	0	7.6307	5.7386	21	0	77.5455	23.7955	134	41	0.5341	1.7725	16	0	0.1872	6	28.6792	26.7825	57.7174	4.7217	130.4211	550.7465
88_6_FITC.tif	4ffb0d5f-a98e-42a9-b81e-c4015edc517e	Cell		Positive	Annotation	Polygon	417.68	518.41	7.041	17.6649	0.2835	8.617	1.1858	NaN	2.1026	82	2.8451	9	0	9	126.9487	4951	5.577	137	113	24	0.8205	32	1.4845	6	0	6	25.4717	27.2621	0.4307	12.7232	3.2634	NaN	1.3071	2.3214	11	0	110.4173	15.8747	137	78	0.6772	1.3795	7	0	0.9545	1.9647	11	0	103.0909	13.2132	129	78	0.6136	1.3342	7	0	0.2673	4	130.9883	8.7585	501.1492	5.2872	351.0407	704.2708
88_6_FITC.tif	afc92131-47fd-4def-a827-600d515b2800	Cell		Positive	Annotation	Polygon	415.95	528.34	7.041	15.0455	0.3909	7.1389	1.6721	NaN	1.8205	71	2.5739	9	0	9	122.4872	4777	9.4225	139	103	36	1.9487	76	2.6051	9	0	9	62.3333	37.5087	0.5568	17.164	5.1293	NaN	1.0656	2.0267	10	0	95.0098	20.2493	139	45	0.7377	1.7349	10	0	0.9549	1.9146	10	0	90.9812	18.1726	127	45	0.5602	1.4941	10	0	0.1153	7	152.8301	90.1588	493.7216	7.949	4232.439	24883.3477
88_6_FITC.tif	1c13cd92-cada-48b8-a1ea-d6b06a4f30db	Cell		Positive	Annotation	Polygon	392.25	564.62	9.3189	18.7046	0.3347	8.1932	1.6293	NaN	2.3333	112	3.0271	10	0	10	80.25	3852	10.6221	97	52	45	2.125	102	2.9652	10	0	10	100.8516	52.8455	0.4538	25.0004	4.9701	NaN	2.0389	3.3435	22	0	44.3074	19.6461	97	11	0.9242	2.737	22	0	2.0068	3.3779	22	0	40.3864	16.1069	96	11	0.7932	2.6822	22	0	0.0905	7	293.4179	57.7174	1104.4784	43.6978	5653.0723	32530.9551
88_6_FITC.tif	ac57dac8-860c-46c3-89e9-f13b41e35acf	Cell		Positive	Annotation	Polygon	387.4	610.92	29.6135	41.7201	0.2138	17.0902	3.1966	NaN	2.1448	311	3.4661	15	0	15	112.3586	16292	14.9781	145	66	79	2.2897	332	3.391	15	0	15	131.2934	70.9898	0.3274	34.0205	5.4553	NaN	0.9545	2.2545	15	0	73.9859	27.5012	145	15	0.8652	2.1674	15	0	0.6045	1.5887	13	0	62.6998	18.7606	109	15	0.4462	1.3938	13	0	0.2261	4	42.6717	38.6294	90.1588	3.2693	227.6935	434.4634
88_6_FITC.tif	2396bc71-ff33-4ab5-bf39-8bcfb58a5ef8	Cell		Positive	Annotation	Polygon	384.04	607.04	9.526	24.3203	0.2024	11.8013	1.1765	NaN	3.5745	168	4.4122	16	0	16	98.383	4624	12.1969	117	71	46	3.5319	166	3.8945	15	0	15	63.99	57.3863	0.2442	27.9632	3.0813	NaN	1.3891	2.6542	16	0	53.537	30.8244	117	8	0.9839	2.2909	15	0	1	1.9732	11	0	45.553	25.8946	115	8	0.5303	1.4719	11	0	0.1381	6	191.9916	42.3858	605.7163	3.2693	2288.4263	11909.3115
88_6_FITC.tif	253c893c-69d7-47d0-8c97-801c585a2e37	Cell		Positive	Annotation	Polygon	385.96	639.67	4.5559	10.5005	0.5192	4.8205	1.212	NaN	1.1667	28	2.1803	7	0	7	116.25	2790	5.9436	128	107	21	1.1667	28	2.1602	7	0	7	35.619	36.07	0.344	17.3813	3.0877	NaN	1.764	2.7433	13	0	87.6404	22.4108	128	39	0.9101	1.7764	10	0	1.8571	2.8155	13	0	83.1818	20.6716	117	39	0.8701	1.7138	10	0	0.1169	6	63.2674	32.609	180.274	5.9385	598.2944	3047.5964
88_6_FITC.tif	10edb0fb-b853-4e86-b950-ed23f96bde84	Cell		Positive	Annotation	Polygon	382.29	650.93	14.9103	24.1537	0.3212	11.396	1.9344	NaN	2.3333	182	2.4636	10	0	10	135.1923	10545	14.6554	157	94	63	2.8333	221	2.5299	10	0	10	79.1074	54.2177	0.3382	25.9954	4.5338	NaN	0.9141	1.7584	10	0	74.612	40.1505	157	11	0.9688	1.835	10	0	0.5523	1.3053	7	0	59.1699	28.148	137	11	0.4935	1.2234	6	0	0.1924	5	120.8452	41.0738	383.4893	2.0403	1396.5172	5945.4683
88_6_FITC.tif	e342eff3-8550-4074-a9fd-14957bcbd9f7	Cell		Positive	Annotation	Polygon	385.25	649.7	3.5205	11.4137	0.3396	5.4673	1.0213	NaN	0.35	7	0.8127	3	0	3	117.4	2348	7.8365	126	102	24	0.7	14	1.3018	5	0	5	17.8095	24.4725	0.3737	11.7293	2.3914	NaN	0.5778	1.3573	7	0	94.3333	17.6489	126	55	0.6444	1.4712	8	0	0.6429	1.4748	7	0	87.7429	13.6591	125	55	0.6286	1.5244	8	0	0.2043	4	88.4275	88.636	174.3976	2.0403	91.3964	147.7787
88_6_FITC.tif	fe532582-db81-43bc-b184-e7db958d1777	Cell		Positive	Annotation	Polygon	387.06	818.12	19.052	30.4165	0.2588	13.6822	2.3687	NaN	4.3776	429	4.6207	17	0	17	127.3061	12476	30.4829	174	59	115	4.6429	455	4.7673	17	0	17	106.4429	64.5524	0.321	31	4.8617	NaN	1.8039	3.0683	17	0	57.6058	40.8403	174	11	1.2524	2.9763	17	0	1.199	2.1742	11	0	41.2254	20.7549	143	11	0.4556	1.5171	10	0	0.1864	6	167.1903	194.9002	220.6276	3.5089	1142.599	5945.4683
88_6_FITC.tif	2e70b800-a062-4ae8-b198-c1730817a5c9	Cell		Positive	Annotation	Polygon	390.07	823.27	7.8693	16.7692	0.3517	7.9586	1.3056	NaN	4.4773	197	5.8129	23	0	23	121	5324	22.7555	156	78	78	4.5	198	5.8727	23	0	23	55.2923	47.1671	0.3123	22.9413	3.1626	NaN	1.4022	3.1288	23	0	64.8044	30.8315	156	10	1.1218	3.0459	23	0	0.8062	1.7517	8	0	53.9119	17.4107	123	10	0.467	1.3673	8	0	0.1435	9	289.343	225.678	747.7396	3.5089	15949.541	63817.1953
88_6_FITC.tif	967b6fea-0fc7-4559-a6cb-0e30fc68ac6d	Cell		Positive	Annotation	Polygon	540.62	1002.8	8.2835	19.3394	0.2783	9.4346	1.3177	NaN	7.413	341	9.6967	33	0	33	83.8913	3859	22.5055	127	43	84	7.5652	348	9.6071	33	0	33	101.2657	56.3321	0.401	27.0356	5.0757	NaN	1.449	3.8999	33	0	41.449	19.8713	127	11	0.951	3.7106	33	0	0.8311	1.7779	9	0	37.0518	13.3415	80	11	0.2658	0.8998	9	0	0.0876	13	424.3981	493.7216	555.379	89.6619	9407.9229	42569.3008
88_6_FITC.tif	ad3e9033-b16a-411e-86ce-0d6cc6d6af2a	Cell		Positive	Annotation	Polygon	621.77	1037.9	17.3953	24.4394	0.366	10.1523	2.5656	NaN	3.0337	270	3.9613	16	0	16	125.0225	11127	20.9268	156	72	84	4.2584	379	4.3026	16	0	16	86.1483	45.1488	0.5311	19.3339	5.8363	NaN	1.4033	2.8607	16	0	67.5752	37.3877	156	17	1.3079	2.8693	16	0	0.9636	2.2994	16	0	52.0818	22.9198	134	17	0.5121	1.5868	12	0	0.2009	5	152.9585	41.5939	615.2642	7.1196	4581.8252	19472.1387
88_6_FITC.tif	816ab23a-1d89-4783-8e37-8fb9f7a17f66	Cell		Positive	Annotation	Polygon	619.21	1049.5	11.5969	22.4788	0.2884	10.7447	1.7633	NaN	4.0517	235	4.8284	18	0	18	124.2241	7205	20.1912	155	70	85	4.2241	245	4.7537	18	0	18	55.9136	49.8964	0.2822	24.4962	3.8287	NaN	1.685	3.3392	18	0	62.2491	39.6068	155	20	1.1722	2.8652	18	0	1.0465	2.4567	14	0	45.5302	23.737	138	20	0.3488	1.0998	6	0	0.1913	5	121.3363	91.786	374.1513	4.4575	3842.822	15442.5049
88_6_FITC.tif	24de0c55-1bd8-4434-bd0e-b8facae82556	Cell		Positive	Annotation	Polygon	622.21	1056.6	6.8339	17.4667	0.2815	8.4212	1.275	NaN	3.525	141	3.9157	15	0	15	108.65	4346	13.8037	125	79	46	3.375	135	3.841	15	0	15	46.8017	37.3531	0.4215	17.0104	3.3376	NaN	1.1255	2.5651	15	0	56.987	28.9113	125	15	0.9913	2.3256	15	0	0.623	1.8308	11	0	46.1675	17.1213	118	15	0.4921	1.4396	9	0	0.1535	4	43.2772	21.8635	124.9245	4.4575	379.7898	1303.6797
88_6_FITC.tif	e7b12c69-b749-4095-a71d-922c1148f877	Cell		Positive	Annotation	Polygon	644.07	1076.4	67.3034	62.4349	0.217	23.8607	5.1917	NaN	3.497	1161	4.5502	23	0	23	163.2741	54207	32.1953	210	81	129	4.4096	1464	5.2168	29	0	29	254.3033	87.2698	0.4196	41.1071	8.6977	NaN	1.4744	3.0128	23	0	86.9601	54.6505	210	10	1.4215	3.3808	29	0	0.7258	1.6477	11	0	58.7146	27.4552	156	10	0.3155	1.0382	11	0	0.2711	5	221.7892	102.0719	655.7711	32.5742	2310.3035	4816.9717
88_6_FITC.tif	3c67615a-823b-4f99-9bdc-08fcd16129e8	Cell		Positive	Annotation	Polygon	628.92	1177.7	11.3898	17.7082	0.4564	8.2335	1.9131	NaN	17.4667	1048	13.7106	46	0	46	121.2167	7273	31.4325	170	59	111	18.1333	1088	13.3727	45	0	45	103.7508	53.1774	0.461	25.0099	5.3843	NaN	3.0359	7.4423	46	0	31.8307	36.4975	170	3	2.4422	7.4322	45	0	1.0769	2.3654	15	0	19.6968	12.1038	79	3	0.3122	0.8844	6	0	0.1112	5	157.4707	129.1672	246.9026	102.0719	4230.457	11576.4541
88_6_FITC.tif	fb1c3a6d-378d-4bb5-9478-fbd48168393e	Cell		Positive	Annotation	Polygon	698.87	1348.5	54.8782	63.7535	0.1697	31.2031	2.7461	NaN	4.7426	1290	4.9848	24	0	24	115.5441	31428	27.0692	177	48	129	3.4596	941	4.3046	23	0	23	230.0741	98.8212	0.2961	48.026	6.1895	NaN	3.1286	4.0082	24	0	54.8687	39.8239	177	5	1.0135	2.6556	23	0	2.606	3.4827	17	0	35.2214	16.8349	102	5	0.2214	0.8861	11	0	0.2412	5	275.2921	276.935	433.8276	128.7743	12645.5654	20271.5254
88_6_FITC.tif	cb6b2419-1243-4154-aabf-f06c1e1e423a	Cell		Positive	Annotation	Polygon	593.38	1421.3	19.052	28.9161	0.2863	13.607	2.2491	NaN	4.5464	441	5.2222	24	0	24	80.1443	7774	22.052	120	38	82	4.5361	440	5.1398	24	0	24	143.5116	65.127	0.4252	31.0176	6.1742	NaN	1.5296	3.1367	25	0	34.1732	25.1073	120	4	1.0144	2.9055	25	0	1.0386	2.306	25	0	26.6913	15.9399	86	4	0.4413	1.7902	25	0	0.1332	6	268.7226	302.2802	422.4284	82.4213	11808.2305	20271.5254
88_6_FITC.tif	6c39a13b-d8ae-4210-a584-395109e0946f	Cell		Positive	Annotation	Polygon	535.23	1538.4	24.0221	40.9491	0.18	15.7748	2.4751	NaN	2.5678	303	3.2012	12	0	12	115.8729	13673	20.5753	151	73	78	2.8136	332	3.2211	12	0	12	121.1461	54.5192	0.5122	24.2956	6.0067	NaN	1.1652	2.3291	15	0	65.414	37.6307	151	7	0.9029	2.1247	15	0	0.8124	1.9	15	0	52.7186	29.3903	146	7	0.4222	1.3809	15	0	0.1968	6	109.5734	24.0691	537.8876	10.5227	635.8375	3000.7114
88_6_FITC.tif	505bc5c4-d448-4908-9b24-98db3e57bcf1	Cell		Positive	Annotation	Polygon	237.36	1499.5	3.7276	9.7662	0.4911	4.5993	1.1491	NaN	1.9474	37	3.4233	14	0	14	73.6842	1400	6.2008	88	65	23	1.8947	36	3.1954	13	0	13	73.7231	44.4228	0.4695	21.0172	4.5559	NaN	1.056	2.1469	14	0	51.2185	15.4644	88	10	0.8487	1.9342	13	0	1.0059	2.0484	13	0	49.9556	14.85	84	10	0.7899	1.828	13	0	0.0466	8	116.9369	94.0263	332.3466	60.8097	2078.2695	6346.082
88_6_FITC.tif	61902c96-aeed-46f8-bd87-66294607a6ca	Cell		Positive	Annotation	Polygon	307.77	1549.6	6.2126	15.8104	0.3123	7.5345	1.2109	NaN	10.7429	376	12.5167	41	0	41	70.6	2471	24.1676	113	27	86	10.9714	384	12.6711	41	0	41	92.1539	50.8953	0.4471	24.0084	5.057	NaN	2.2556	4.943	41	0	23.8004	16.9411	113	3	1.1076	4.6002	41	0	1.5328	2.6181	14	0	19.8151	7.7573	58	3	0.2676	0.8002	7	0	0.0676	7	211.9243	245.2323	306.5045	52.4571	9418.8584	25313.332
88_6_FITC.tif	3c2560df-4c2d-47e5-95c5-a01f52bb4f85	Cell		Positive	Annotation	Polygon	255.91	1555.7	4.5559	8.8986	0.723	3.8582	1.5175	NaN	4.8333	116	5.608	20	0	20	70.9167	1702	19.4577	109	38	71	4.7083	113	5.7292	21	0	21	49.4939	30.3706	0.6743	13.1524	4.8797	NaN	1.9794	3.2568	20	0	28.0988	19.4039	109	7	0.8066	2.5373	21	0	1.6667	2.7316	13	0	23.4064	12.412	69	7	0.379	1.3504	12	0	0.0855	5	123.6937	62.2082	314.8739	11.7753	2802.2444	7984.8677
88_6_FITC.tif	a53b6347-bc4b-4e12-a4e3-1da78dcd5988	Cell		Positive	Annotation	Polygon	257.15	1573.5	32.3056	40.9914	0.2416	19.7129	3.0502	NaN	3.2013	509	4.078	18	0	18	102.6855	16327	17.78	134	55	79	3.4465	548	4.2152	19	0	19	146.6179	68.4431	0.3933	31.2453	6.9989	NaN	1.2429	2.548	18	0	50.0198	33.4953	134	7	0.9718	2.5036	19	0	0.6758	1.4651	11	0	34.7668	17.8455	96	7	0.255	0.8198	5	0	0.2203	6	151.4117	150.9123	274.9135	11.7753	3832.177	11608.1875
88_6_FITC.tif	53bca5f8-84b5-4d41-aaef-8a1b8d652695	Cell		Positive	Annotation	Polygon	189.89	1588.8	3.9347	11.506	0.3735	5.4913	1.2356	NaN	4.9167	118	4.7724	17	0	17	68.5833	1646	11.2942	87	43	44	4.9583	119	4.9737	18	0	18	79.3145	46.333	0.4643	22.007	4.763	NaN	0.9635	2.227	17	0	31.8854	17.0832	87	6	0.6849	2.1295	18	0	0.7	1.6485	14	0	29.4389	14.3923	76	6	0.4	1.3968	14	0	0.0588	6	155.3204	147.5987	241.9558	100.9277	5620.4917	10610.458
88_6_FITC.tif	aa5895ee-0a1e-4875-9ac3-20cdf513010b	Cell		Positive	Annotation	Polygon	40.48	1611.2	11.3898	22.0107	0.2954	10.7085	1.5777	NaN	21.9483	1273	19.5972	67	0	67	124.9655	7248	35.6242	189	56	133	22.0172	1277	19.5999	67	0	67	105.8216	56.8486	0.4115	27.0295	5.187	NaN	2.7598	9.5245	67	0	33.2754	37.8113	189	2	2.6602	9.5539	67	0	0.3084	0.9169	5	0	21.5617	15.4642	101	2	0.1872	0.7234	5	0	0.1032	11	472.4084	374.5339	1210.6294	151.1782	11575.4326	32530.9551
88_6_FITC.tif	83115bbd-c443-4dd2-a03f-53c023fbcc4f	Cell		Positive	Annotation	Polygon	168.74	1735.1	14.0819	25.9456	0.2629	11.0713	1.7524	NaN	1.5205	111	2.561	10	0	10	77.5479	5661	11.6034	98	54	44	1.6301	119	2.6221	10	0	10	87.3909	60.7791	0.2973	29.0252	4.1139	NaN	0.5059	1.47	10	0	42.1482	19.9505	98	11	0.4376	1.3827	10	0	0.2955	1.0032	8	0	34.8068	11.769	79	11	0.1903	0.7362	8	0	0.1629	5	142.8179	107.0898	355.55	1.9037	2481.6765	8217.2461
88_6_FITC.tif	a033c05e-0959-406e-94dc-3fc2ce5cc786	Cell		Positive	Annotation	Polygon	165.59	1733.9	12.6323	19.2719	0.4274	9.0789	1.6484	NaN	0.7419	46	1.4591	6	0	6	74.6129	4626	10.1293	93	52	41	1.0645	66	1.5668	5	0	5	67.3034	51.195	0.3227	24.7974	3.4814	NaN	0.6055	1.5006	13	0	39.7003	22.3162	93	3	0.5505	1.4642	13	0	0.5736	1.5111	13	0	31.5321	15.4285	76	3	0.4302	1.4155	13	0	0.1755	5	189.5856	175.8306	355.8505	1.9037	7240.4321	19871.6699
88_6_FITC.tif	bd5b4500-d2a0-492f-afc0-bf0f2b967f83	Cell		Positive	Annotation	Polygon	299.66	1794.9	17.1883	20.4464	0.5167	8.2707	2.8322	NaN	4.9101	437	7.2168	30	0	30	100.7528	8967	18.6841	142	61	81	4.7978	427	7.2991	30	0	30	134.6068	55.6925	0.5454	25.0431	6.9853	NaN	1.7938	3.6462	30	0	52.6292	27.1735	142	7	1.0662	3.3886	30	0	1.2995	2.3313	14	0	44.9947	19.3506	90	7	0.4742	1.5399	12	0	0.1343	7	285.3909	242.5155	589.2648	105.3659	21222.8984	60717.1133
88_6_FITC.tif	829d0d26-5665-4814-8ce6-5c6df347de9d	Cell		Positive	Annotation	Polygon	203.55	1827.8	6.4197	13.219	0.4617	5.9598	1.6303	NaN	3.3529	114	3.8916	14	0	14	72.3824	2461	7.8894	88	55	33	3.3235	113	3.8825	14	0	14	69.5814	41.9219	0.4975	17.3317	5.5728	NaN	1.3639	2.4893	14	0	32.3314	22.284	88	2	0.8698	2.2196	14	0	1.1414	2.1792	12	0	27.852	18.5848	75	2	0.5954	1.7569	12	0	0.0807	6	159.5068	171.8999	332.3466	5.5187	2486.7361	6346.082
88_6_FITC.tif	57db29a7-4a97-4ee0-bbd1-ce7af86ca4dc	Cell		Positive	Annotation	Polygon	203.1	1838.2	2.485	7.4449	0.5634	3.4705	0.8971	NaN	1.7692	23	2.619	8	0	8	65.9231	857	5.2195	76	57	19	1.8462	24	2.6092	8	0	8	15.9457	20.3677	0.483	9.3883	2.4334	NaN	0.5062	1.4502	8	0	40.7284	18.137	76	10	0.5432	1.4582	8	0	0.2647	0.956	7	0	35.9118	15.5302	65	10	0.2941	0.9629	7	0	0.115	5	129.5778	107.0898	267.3545	4.8835	1772.0632	8217.2461
88_6_FITC.tif	8a4756c1-4100-41fc-9e29-a10e9971aff7	Cell		Positive	Annotation	Polygon	205.01	1843.4	2.8992	9.5655	0.3982	4.6356	0.7253	NaN	1.6667	25	2.4689	8	0	8	66.9333	1004	5.3381	78	58	20	1.6	24	2.3543	8	0	8	42.0387	33.8065	0.4622	16.0467	3.6023	NaN	0.6293	1.4616	8	0	39.3268	16.1122	78	12	0.5805	1.4036	8	0	0.5474	1.3275	7	0	37.1474	14.5889	67	12	0.5	1.2755	7	0	0.056	7	153.7486	190.8983	274.9135	4.8835	4908.8574	11608.1875
88_6_FITC.tif	b98ce86c-ddc4-42ec-9f89-bd6fb10d161b	Cell		Positive	Annotation	Polygon	6.046	1984.5	25.2647	36.0995	0.2436	15.6686	2.6719	NaN	1.0315	131	1.8684	10	0	10	122.8346	15600	17.5267	158	79	79	1.0472	133	1.7944	9	0	9	115.3477	67.279	0.3202	32.0051	4.8456	NaN	0.9052	1.9083	10	0	68.1753	39.0714	158	4	0.5098	1.2768	9	0	0.8681	1.9204	10	0	52.1065	27.3394	131	4	0.3519	1.0292	6	0	0.2183	5	196.7605	298.2222	374.5339	3.7216	110.0802	280.2203
88_6_FITC.tif	558718c2-ebd9-41fb-ab64-f1b70a6bb37b	Cell		Positive	Annotation	Polygon	9.384	1979.4	3.1063	10.2349	0.3726	4.8291	0.7488	NaN	2.2353	38	2.8401	8	0	8	111	1887	11.8322	130	86	44	2.2941	39	2.9318	8	0	8	28.371	32.482	0.3379	15.7939	2.4259	NaN	0.7857	1.6217	8	0	57.85	31.2336	130	15	0.5429	1.4611	8	0	0.5854	1.267	7	0	50.5041	25.3983	110	15	0.3008	0.9048	5	0	0.095	4	105.8871	24.3487	371.1294	3.7216	2033.631	7707.6533
88_6_FITC.tif	82c63395-8d31-4b6e-9081-309d9e91da9a	Cell		Positive	Annotation	Polygon	110.04	1994.4	37.4828	55.1025	0.1551	26.7303	2.251	NaN	2.3967	441	3.2844	16	0	16	80.0435	14728	11.3844	103	47	56	2.25	414	3.0213	14	0	14	203.774	90.0259	0.316	43.0871	6.1849	NaN	0.9066	2.0609	16	0	40.4091	24.4849	103	2	0.7452	1.8271	14	0	0.5643	1.459	12	0	31.3046	16.2313	74	2	0.3995	1.1738	8	0	0.1863	6	193.3905	181.0798	389.8746	60.5121	8190.5933	19871.6699
88_6_FITC.tif	c69f4615-6cad-413e-b341-23db9e3a4b62	Cell		Positive	Annotation	Polygon	49.47	1990.3	19.2591	25.358	0.3764	11.6689	2.7038	NaN	4.1753	405	3.5737	14	0	14	96.1856	9330	18.1184	127	50	77	3.2268	313	3.4776	14	0	14	132.5359	61.1725	0.4451	29.0001	6.3906	NaN	2.2886	3.2843	15	0	45.7036	26.9595	127	11	0.8003	2.1037	14	0	1.9522	3.1156	15	0	36.7022	16.1923	93	11	0.3676	1.356	14	0	0.1471	6	97.3904	41.5706	378.6527	28.1741	3474.9668	11445.5801
88_6_FITC.tif	088cc60a-a6bb-42ad-9ae8-4e75a4598982	Cell		Positive	Annotation	Polygon	8.867	1991.3	3.1063	11.6761	0.2863	5.7324	0.7936	NaN	0.2778	5	0.5745	2	0	2	114	2052	6.2497	124	104	20	0.4444	8	0.7838	2	0	2	22.9867	26.5413	0.4101	12.7134	2.6418	NaN	0.5877	1.3225	9	0	81.4035	22.5097	124	42	0.5877	1.5674	13	0	0.6458	1.4141	9	0	75.2917	18.8846	119	42	0.6146	1.6756	13	0	0.1351	5	80.2843	41.2759	294.4263	3.8692	1326.0453	5806.3237
88_6_FITC.tif	94bc1bc3-82db-4ff9-8639-2fbb31a5704d	Cell		Positive	Annotation	Polygon	53.99	2015.8	11.804	19.5132	0.3896	9.3265	1.6454	NaN	6.6949	395	6.1986	22	0	22	93.2203	5500	17.3435	119	59	60	5.7458	339	5.6617	18	0	18	78.6932	49.9853	0.3958	23.9191	4.791	NaN	2.5666	4.0778	22	0	47.1749	26.6081	119	6	1.3316	3.4157	18	0	1.8148	3.0144	20	0	38.7901	18.0417	101	6	0.5278	1.9584	15	0	0.1456	4	86.9311	41.5959	259.0885	5.4441	1644.1085	5806.3237
88_6_FITC.tif	e416cdfb-a239-4a1d-9a0d-32878d23ccf4	Cell		Positive	Annotation	Polygon	56.82	2024.9	5.3843	12.4675	0.4353	5.9423	1.2444	NaN	10.5172	305	9.3412	31	0	31	97.7931	2836	19.7816	131	65	66	9.931	288	9.9496	32	0	32	55.0852	43.3687	0.368	20.8019	3.9558	NaN	3.1185	5.0463	31	0	41.5074	27.9726	131	2	1.4852	4.6255	32	0	2.2282	3.3094	16	0	34.7344	20.0621	78	2	0.4689	1.6659	16	0	0.093	6	144.7432	157.1843	258.1719	5.4441	1608.0963	7206.9009
88_6_FITC.tif	a4688f27-a2a5-4244-961a-862e8137221e	Cell		Positive	Annotation	Polygon	236.11	2028.9	5.1772	11.7192	0.4737	5.5836	1.195	NaN	19.1538	498	17.2341	57	0	57	83.2308	2164	25.0875	128	42	86	18.3077	476	17.9059	57	0	57	78.279	46.2596	0.4597	22.0015	4.5559	NaN	2.1873	6.6591	57	0	19.8839	20.7066	128	1	1.5435	6.5474	57	0	0.9377	1.9222	12	0	15.2181	9.8742	57	1	0.3088	0.9876	7	0	0.0581	6	125.6893	116.4128	242.5155	41.4659	3919.3889	9654.3848
88_6_FITC.tif	07db5d22-6f6a-4cf9-8c6f-5a641f646c84	Cell		Positive	Annotation	Polygon	218.91	2066.1	10.9756	23.5662	0.2483	11.6189	1.4558	NaN	3.8421	219	4.8506	18	0	18	92.5439	5275	21.34	128	51	77	3.5789	204	4.8068	18	0	18	65.4396	54.9452	0.2724	26.8798	3.2624	NaN	1.8386	3.5816	24	0	46.193	29.8075	128	9	1.2975	3.4531	24	0	1.3977	3.0778	24	0	35.9923	20.17	110	9	0.7954	2.8531	24	0	0.1721	6	74.8922	44.0726	226.8205	6.2658	2433.1531	10242.5283
88_6_FITC.tif	ecdf02d1-30ef-4940-aa86-4feb4e7db59e	Cell		Positive	Annotation	Polygon	221.95	2073.7	34.3765	43.9966	0.2232	21.2602	2.6786	NaN	2.7849	479	3.9611	19	0	19	103.3488	17776	19.8328	137	47	90	2.8081	483	4.0901	19	0	19	137.2989	75.8428	0.2999	36.0258	5.6064	NaN	1.5566	2.7288	19	0	52.6244	34.3172	137	6	0.8537	2.4522	19	0	1.1263	1.9672	9	0	34.8554	15.305	109	6	0.169	0.6895	7	0	0.2524	4	30.1165	33.8847	46.4307	6.2658	101.0425	273.5977
88_6_FITC.tif	a5209029-1ccb-4ce0-92f9-81de4ece20ff	Cell		Positive	Annotation	Polygon	129.76	2086.3	7.6622	17.5348	0.3132	8.1779	1.6085	NaN	68.0476	2858	6.7893	79	56	23	93.9286	3945	4.6191	104	81	23	0.6429	27	1.3402	5	0	5	68.3388	48.9065	0.359	23.638	4.722	NaN	45.997	16.9897	85	9	68.8705	18.639	104	24	0.4789	1.3178	9	0	42.8034	15.5936	85	9	65.2414	17.0413	98	24	0.4552	1.3152	9	0	0.1121	7	215.2496	233.1423	355.8505	4.7439	3294.7505	8217.2461
88_6_FITC.tif	7d5678f5-9da4-483f-bd96-3305be52bee2	Cell		Positive	Annotation	Polygon	131.36	2096.1	2.6921	10.8528	0.2872	5.0568	0.9921	NaN	57.2353	973	2.7279	62	54	8	91.8824	1562	6.5754	103	81	22	1.8235	31	2.5553	8	0	8	42.0387	37.4083	0.3775	18.027	3.2879	NaN	42.7184	11.167	63	14	67.0825	15.6357	103	21	0.6262	1.5683	9	0	41.4127	10.7039	63	14	64.8519	14.2227	98	21	0.5185	1.4089	9	0	0.0653	8	182.0503	227.8186	282.4895	4.7439	4532.1836	12068.9941
88_6_FITC.tif	3d1112ff-500b-4eb4-8d56-8e2f477f7b24	Cell		Positive	Annotation	Polygon	220.44	2099.2	21.1229	27.6225	0.3479	12.613	2.6391	NaN	7.0769	736	7.7443	32	0	32	94.7596	9855	14.2437	120	57	63	2.9904	311	4.6394	20	0	20	83.6633	45.3662	0.5108	20.2558	5.6065	NaN	5.0221	5.3787	32	0	49.5711	30.7411	120	11	0.9338	2.7263	20	0	4.3191	4.0655	21	0	34.1118	16.1168	99	11	0.2303	0.848	7	0	0.249	4	21.244	20.3795	35.5828	8.6345	20.2567	30.0126
88_6_FITC.tif	7ac0b68e-97d6-4c1c-a923-658207af9d90	Cell		Positive	Annotation	Polygon	218.61	2116	18.0166	23.5597	0.4079	10.76	2.5675	NaN	7.4839	696	5.8674	26	0	26	94.3656	8776	11.3	114	64	50	2.0645	192	3.2195	14	0	14	86.9767	52.6632	0.3941	25.108	5.1355	NaN	8.104	5.3488	26	0	53.8558	27.3016	114	17	0.7139	1.9229	14	0	8.2788	5.1895	23	0	42.4394	18.0487	101	17	0.3333	1.0878	11	0	0.2144	5	79.9061	46.6793	247.8417	3.195	2657.6753	10942.9619
88_6_FITC.tif	ff463e07-baf0-4259-afed-f060aefa3d50	Cell		Positive	Annotation	Polygon	222.02	2113	3.9347	11.9263	0.3476	5.7757	0.9235	NaN	2.0455	45	2.6273	9	0	9	84.4091	1857	6.8498	97	70	27	0.8636	19	1.6416	5	0	5	25.0576	26.9226	0.4344	12.3654	2.9912	NaN	6.3871	4.9857	17	0	55.4597	18.7792	97	23	0.4919	1.2526	6	0	7.3235	4.8831	17	0	49.2157	14.0639	86	23	0.4118	1.1463	6	0	0.1512	6	77.4416	59.4455	250.3553	3.195	1591.0205	6438.6831
88_6_FITC.tif	95be4ae8-237d-4aba-8fa6-899ea3a4fb00	Cell		Positive	Annotation	Polygon	272	2173.9	3.7276	10.6742	0.4111	4.6929	1.3249	NaN	1.3043	30	2.1413	7	0	7	72.0435	1657	4.8004	82	66	16	1.7826	41	2.044	7	0	7	79.7286	45.1174	0.4922	21.0185	4.763	NaN	1.0701	1.9506	10	0	44.5792	22.7708	82	2	0.9091	1.8915	10	0	1.0552	1.9402	10	0	42.8343	22.339	77	2	0.8536	1.8706	10	0	0.0572	6	207.5491	198.961	379.9589	80.718	10316.2051	26339.3711
88_6_FITC.tif	93146f0c-b137-4e14-be72-bea9bb8ef48a	Cell		Positive	Annotation	Polygon	66.83	2272.3	2.278	10.1367	0.2786	4.9256	0.733	NaN	1.6	24	1.8822	5	0	5	71.6	1074	13.1952	90	47	43	1.4667	22	1.9591	5	0	5	33.7552	28.4214	0.5251	13.0003	3.4335	NaN	3.4909	3.0316	11	0	36.5515	17.5636	90	12	0.2545	0.8529	5	0	3.68	3.0638	11	0	33.0467	13.6801	80	12	0.1333	0.5267	3	0	0.0736	7	160.1042	253.8564	298.2222	4.3421	845.9407	5806.3237
88_6_FITC.tif	e467ce9d-c6cb-45c6-8f35-513e505dd4b2	Cell		Positive	Annotation	Polygon	70.31	2280	16.1528	23.8313	0.3574	11.5398	2.3418	NaN	3.093	266	3.0005	12	0	12	92.1163	7922	15.3863	116	55	61	2.1395	184	2.6927	11	0	11	76.6223	60.5476	0.2626	29.0367	3.751	NaN	2.7926	3.2504	14	0	49.6144	28.7173	116	6	0.6702	1.7198	11	0	2.7034	3.3205	14	0	37.0103	17.4214	83	6	0.2345	0.9339	7	0	0.2138	3	3.0726	3.1778	4.3421	1.6979	3.7794	6.8892
88_6_FITC.tif	57072c63-493c-4c07-8efd-f2f8694bf21e	Cell		Positive	Annotation	Polygon	77.29	2280.2	10.5615	18.8852	0.3721	7.8105	2.1905	NaN	6.1273	337	6.4177	28	0	28	71.9455	3957	12.5822	98	42	56	3.8	209	5.7491	26	0	26	106.4429	52.8355	0.4792	25.0071	5.5914	NaN	4.0195	4.1885	28	0	33.3891	21.6842	98	1	0.7879	2.5293	26	0	3.7669	3.7678	19	0	28.7691	17.5525	78	1	0.427	1.4313	14	0	0.0937	7	124.5011	58.5826	286.9937	5.3306	2437.4412	7206.9009
88_6_FITC.tif	bad61d19-6a28-4582-aa76-0653d9915b81	Cell		Positive	Annotation	Polygon	72.81	2278.9	2.0709	7.9036	0.4166	3.6789	0.6127	NaN	3.5455	39	4.156	12	0	12	79.3636	873	6.6674	90	70	20	3.0909	34	4.2298	12	0	12	30.856	36.1067	0.2974	17.6223	2.278	NaN	1.8467	3.0184	14	0	54.2	14.233	90	19	0.9133	2.4134	14	0	1.7122	2.8874	14	0	52.2086	12.69	81	19	0.741	2.1412	14	0	0.0499	5	54.8313	5.3306	256.904	1.6979	213.8717	666.678
88_6_FITC.tif	94b2fa1d-5cce-450c-8534-3c024549a199	Cell		Positive	Annotation	Polygon	67.17	2284.4	9.9402	15.1263	0.5459	6.6396	2.1873	NaN	3.3585	178	4.1282	18	0	18	89.8113	4760	12.1181	108	63	45	3.566	189	4.0644	18	0	18	46.1805	40.6494	0.3512	17.2768	4.0942	NaN	2.3407	3.4453	18	0	51.4159	27.081	108	16	1.2389	2.7496	18	0	2.0289	3.1557	14	0	39.6532	17.9316	89	16	0.526	1.648	10	0	0.2175	6	64.954	7.3161	303.4554	3.1778	51.6087	238.4303
88_6_FITC.tif	a5f754a4-3275-4fd7-bd4f-2130b76ba049	Cell		Positive	Annotation	Polygon	115.79	2317.3	9.3189	17.818	0.3689	7.4333	2.1446	NaN	3	150	2.7994	10	0	10	80.3	4015	15.3067	103	36	67	2.74	137	2.694	10	0	10	69.1672	47.8136	0.3802	22.7851	4.413	NaN	1.2463	2.207	11	0	37.1306	23.5553	103	6	0.6528	1.6076	10	0	0.9408	1.936	11	0	29.6098	15.1376	98	6	0.2892	0.9479	6	0	0.136	5	92.7045	111.7754	227.1174	2.7003	2621.0449	12068.9941
88_6_FITC.tif	cc4fcb92-a48a-49fe-ad3f-a673fca407e1	Cell		Positive	Annotation	Polygon	111.94	2318.7	7.4551	16.9959	0.3243	8.2565	1.3191	NaN	5.3684	204	6.992	25	0	25	91.9474	3494	23.3075	129	43	86	5.2895	201	7.0439	26	0	26	52.6002	45.4256	0.3203	22.1425	3.4088	NaN	1.5759	3.4657	25	0	39.9844	27.3347	129	4	1.0739	3.3469	26	0	0.9178	1.6926	8	0	30.968	15.2608	108	4	0.3425	1.0477	8	0	0.1314	5	104.6872	53.9309	233.1423	2.7003	987.944	4485.4058
88_6_FITC.tif	2e524348-ecd9-4571-8bce-5a67c28f02d5	Cell		Positive	Annotation	Polygon	114.04	2330.8	10.1473	18.2319	0.3836	8.6912	1.5461	NaN	2.9608	151	4.0937	18	0	18	100.5294	5127	18.5012	124	52	72	2.9412	150	4.027	17	0	17	46.8017	36.0649	0.4522	16.9239	4.4274	NaN	1.6535	2.7508	18	0	49.0526	32.4513	124	12	0.8904	2.3147	17	0	1.2768	2.0882	9	0	34.2203	16.4894	84	12	0.2994	0.8566	5	0	0.2175	5	49.5789	58.5826	114.0889	5.1428	164.2552	350.1752
88_6_FITC.tif	53d558d8-e6fc-45ec-9637-834e1a631ae3	Cell		Positive	Annotation	Polygon	218.61	2358.4	6.4197	15.1271	0.3525	7.2012	1.4319	NaN	7.7222	278	7.2333	22	0	22	103.0833	3711	19.8082	134	64	70	7.6389	275	7.3218	22	0	22	60.6766	41.62	0.4402	18.7418	4.7435	NaN	5.0439	6.5464	24	0	47.3007	30.2019	134	4	1.2365	3.6105	22	0	4.6731	6.3724	24	0	39.5769	22.2153	109	4	0.35	1.0566	7	0	0.1053	6	182.6331	221.4472	282.4895	8.2841	5064.25	12068.9941
88_6_FITC.tif	c8bbaba9-f28d-4c66-b7c3-e3551213be3f	Cell		Positive	Annotation	Polygon	219.69	2373	9.526	19.4869	0.3152	9.4192	1.3094	NaN	5.6	280	4.2714	15	0	15	81.22	4061	12.5654	105	55	50	2.72	136	3.8335	15	0	15	68.1317	43.7872	0.4465	19.8567	4.9369	NaN	7.3263	6.799	26	0	41.0695	23.359	105	5	0.5861	1.888	15	0	7.6335	7.1177	26	0	33.9253	16.6239	89	5	0.2064	0.8195	9	0	0.139	5	123.5697	115.6364	202.8694	8.2841	4633.3867	17494.1387
88_6_FITC.tif	c47fe9d6-e48e-415e-98ab-8d4eb2090758	Cell		Positive	Annotation	Polygon	550.09	1491.3	7.2481	16.543	0.3328	7.3696	1.5469	NaN	1.2143	51	1.9821	9	0	9	99.3333	4172	9.9233	116	75	41	1.6905	71	2.332	8	0	8	77.4507	50.7353	0.3781	24.0391	4.1274	NaN	1.0952	2.1151	10	0	75.955	21.4695	116	4	0.9815	2.0348	12	0	1.0804	2.1335	10	0	73.0327	20.7266	108	4	0.8929	1.9806	12	0	0.1009	5	177.4977	82.4213	489.1287	3.7883	4398.9312	10988.8418
88_6_FITC.tif	789fdf7d-7ce6-4222-b0f3-8184a491a7fc	Cell		Positive	Annotation	Polygon	546.72	1492.4	7.8693	16.2442	0.3748	7.5745	1.6861	NaN	3.4048	143	3.5958	14	0	14	111.381	4678	9.7204	127	88	39	3.5	147	3.6106	14	0	14	56.7419	45.0814	0.3508	21.3785	4.1145	NaN	1.0866	2.4818	16	0	75.1877	25.5458	127	16	1.0036	2.4767	16	0	0.6723	1.9653	16	0	68.7191	21.818	114	16	0.5574	1.9059	16	0	0.1283	5	113.9033	14.9601	491.6423	3.7883	750.4277	3000.7114
88_6_FITC.tif	4b88ba94-71d6-400b-9cab-e92cc50bee0f	Cell		Positive	Annotation	Polygon	546.82	1507	9.1118	16.5389	0.4186	7.4427	1.6638	NaN	1.8333	88	2.5124	9	0	9	102.1875	4905	8.0653	115	81	34	1.7292	83	2.4298	9	0	9	46.8017	41.3738	0.3436	19.8103	3.4686	NaN	1.1726	2.0486	13	0	72.5708	22.126	115	19	0.6416	1.5549	9	0	0.9944	1.8731	13	0	64.5843	17.4079	102	19	0.3483	1.048	7	0	0.1977	5	72.2904	14.3989	285.4637	3.7162	901.8351	3374.4739
88_6_FITC.tif	bc7cdc9d-29fd-4ef5-a329-ee362af8f8cf	Cell		Positive	Annotation	Polygon	544.15	1511.3	7.041	15.6107	0.3631	7.5471	1.3232	NaN	3.8158	145	3.3277	13	0	13	98.4211	3740	15.8176	124	68	56	3.7105	141	3.479	13	0	13	65.2325	49.3755	0.3362	23.9087	3.897	NaN	1.1132	2.1268	13	0	56.3302	23.5621	124	16	0.6604	1.8349	13	0	0.7464	1.5941	9	0	50.6179	17.9879	108	16	0.2464	0.8839	9	0	0.1041	4	23.5811	23.8968	42.8147	3.7162	30.4457	62.3958
88_6_FITC.tif	21a0f091-86c0-483e-a400-b5ca2d4e5ca6	Cell		Positive	Annotation	Polygon	535.28	1555.8	15.3245	23.9486	0.3358	11.6019	2.1124	NaN	2.4286	187	2.8024	13	0	13	157	12089	15.035	181	123	58	2.6364	203	3.1494	15	0	15	36.4474	36.3125	0.3473	17.2833	3.6998	NaN	1.2889	2.2855	13	0	123.7056	34.0527	181	65	1.2778	2.4723	15	0	0.4369	1.2655	6	0	98.8155	20.1026	143	65	0.2621	0.9493	5	0	0.418	4	7.8932	7.7674	13.1966	2.8414	10.3232	13.507
88_6_FITC.tif	3bf202b6-081c-44cc-a981-d89298e08fec	Cell		Positive	Annotation	Polygon	537.03	1553.2	0.4142	3.5042	0.4238	1.6751	0.2701	NaN	0	0	0	0	0	0	113	339	7.2111	121	107	14	0	0	0	0	0	0	6.2126	14.2327	0.3854	6.7194	1.2167	NaN	0.2727	0.7613	4	0	75.2121	16.2438	121	57	0.1515	0.5658	3	0	0.3	0.7944	4	0	71.4333	11.184	98	57	0.1667	0.5921	3	0	0.0419	7	107.9926	42.8147	391.1298	3.0574	3233.3113	18562.6992
88_6_FITC.tif	deae7fd4-d274-44e9-9f1e-9342db8f6851	Cell		Positive	Annotation	Polygon	531.74	1553.8	3.7276	12.8766	0.2825	6.3309	0.7916	NaN	4.2	84	3.9283	14	0	14	112.25	2245	9.7001	125	94	31	4.15	83	3.964	14	0	14	21.33	25.8267	0.4019	11.8728	2.6406	NaN	1.9811	2.9276	14	0	49.5	39.5359	125	12	0.8302	2.3522	14	0	1.4651	2.3897	9	0	34.907	27.711	118	12	0.0581	0.355	3	0	0.15	7	265.4242	220.7052	747.7396	2.8414	19117.6895	63817.1953
88_6_FITC.tif	e59ce3eb-42e9-4755-b01b-73167c72f44e	Cell		Positive	Annotation	Polygon	533.34	1569.2	18.845	25.3111	0.3696	12.0412	2.1583	NaN	2.7708	266	3.5614	16	0	16	120.8125	11598	14.6326	140	83	57	2.6667	256	3.411	16	0	16	92.1539	47.932	0.504	21.2331	5.5914	NaN	1.4811	2.7975	17	0	65.5167	38.1011	140	7	0.8953	2.0949	16	0	1.1303	2.4414	17	0	50.4788	27.0027	123	7	0.4136	1.1648	8	0	0.2081	5	124.9653	15.3564	376.0953	10.5541	1335.8457	5844.2275
88_6_FITC.tif	b69ee13c-84b1-43ff-919e-2ec8ea0ff582	Cell		Positive	Annotation	Polygon	711.12	1700.1	16.3599	26.2033	0.2994	12.7664	1.9172	NaN	13.5301	1123	13.7045	44	0	44	138.9879	11536	38.4018	202	56	146	14.0361	1165	14.7627	45	0	45	123.217	62.3289	0.3986	30.0347	5.5398	NaN	2.9531	7.0056	44	0	54.2546	40.3295	202	10	2.1541	7.3098	45	0	1.2451	2.4444	13	0	40.572	17.4553	118	10	0.2354	0.8429	9	0	0.1333	4	294.1163	314.4691	439.3654	108.1618	9513.9971	13917.3115
88_6_FITC.tif	a1565d0d-9a7b-4512-9688-7aa4c95c9e9c	Cell		Positive	Annotation	Polygon	507.76	1773	19.2591	29.5467	0.2772	14.1963	2.0741	NaN	2.3542	226	2.9522	13	0	13	119.9167	11512	10.007	139	90	49	1.0208	98	1.6221	9	0	9	111.8272	63.4945	0.3486	29.5149	5.7516	NaN	3.4244	4.1382	27	0	84.4668	26.0311	139	36	0.8137	2.6636	27	0	3.6547	4.3195	27	0	76.8363	21.7476	128	36	0.7691	2.8376	27	0	0.173	5	217.6515	210.3434	478.0215	8.2776	6754.4863	26499.9375
88_6_FITC.tif	d450f566-ac1d-4d99-a9c0-9625ac552f1f	Cell		Positive	Annotation	Polygon	634.89	1777	8.6977	18.356	0.3244	8.6908	1.5041	NaN	6.8085	320	6.7683	29	0	29	79.5532	3739	14.1603	110	50	60	3.5532	167	5.6446	24	0	24	98.3665	52.8511	0.4425	25.022	5.0875	NaN	3.0567	4.2643	29	0	46.3109	15.5067	110	17	0.687	2.2386	24	0	2.6457	3.68	19	0	42.669	10.52	77	17	0.373	1.066	8	0	0.0928	10	329.2302	291.6075	604.5255	108.1618	12240.833	30575.334
88_6_FITC.tif	d1472547-37ec-4ff4-a7a5-c10924defd01	Cell		Positive	Annotation	Polygon	506.08	1786.9	3.1063	10.4718	0.356	4.9625	1.0164	NaN	8.35	167	6.6116	19	0	19	118.8	2376	4.5259	127	111	16	1.1	22	1.7137	6	0	6	37.0686	31.3663	0.4735	14.1198	3.2765	NaN	6.7514	5.9019	24	0	95.9116	17.4105	127	52	0.9613	1.9759	10	0	6.5528	5.7997	24	0	93.0683	16.2777	119	52	0.9441	2.0101	10	0	0.0894	6	295.5909	256.8958	603.1985	8.2776	21473.5078	60717.1133
88_6_FITC.tif	871a8e0c-00bd-49f5-9b6c-ad2b6762629d	Cell		Positive	Annotation	Polygon	542.68	1942.3	10.5615	17.3413	0.4413	7.745	1.7974	NaN	14.8333	801	10.6536	33	0	33	110.6481	5975	27.4186	157	65	92	14.2778	771	11.0187	33	0	33	99.4019	51.4168	0.4725	24.0249	5.1772	NaN	3.8983	6.0812	33	0	33.3527	30.6519	157	6	1.7324	5.7928	33	0	2.5187	3.2466	14	0	23.6005	10.684	82	6	0.1495	0.5611	4	0	0.1053	7	314.9261	376.0953	458.0553	163.072	19234.9141	59351.8008
88_6_FITC.tif	3ed4d9ac-1713-4a55-bc39-1b84eadd9644	Cell		Positive	Annotation	Polygon	694.18	1975.8	11.5969	17.7309	0.4635	8.1871	1.9296	NaN	11.8	708	9.7716	38	0	38	93.95	5637	23.9968	130	41	89	11.7667	706	9.9479	38	0	38	103.3366	53.2877	0.4573	25.012	5.3843	NaN	2.3327	5.1129	38	0	22.1283	29.8382	130	1	1.6253	5.1392	38	0	1.0387	1.7044	7	0	12.3121	11.4679	63	1	0.2392	0.8274	5	0	0.1106	4	252.6813	242.0386	361.3139	165.3342	8269.4795	12541.584
88_6_FITC.tif	ebafe940-4f17-4a7e-a894-98b7ecb17c86	Cell		Positive	Annotation	Polygon	718.61	2139.7	8.2835	15.3822	0.4399	7.3609	1.4368	NaN	19.878	815	16.072	47	0	47	96.6341	3962	30.4227	144	48	96	19.6585	806	16.4569	47	0	47	90.2901	50.44	0.446	24.0205	4.9663	NaN	3.211	7.5321	47	0	18.2798	28.4907	144	0	2.0092	7.5949	47	0	1.481	2.1223	9	0	10.1468	9.8509	68	0	0.1772	0.6404	5	0	0.0847	4	263.1965	224.0432	439.3654	165.3342	3619.2568	5911.6519
88_6_FITC.tif	0f189dbf-de40-4cc4-904a-402aed81dd13	Cell		Positive	Annotation	Polygon	675.64	2336.6	10.3544	22.0212	0.2683	10.4533	1.5084	NaN	5.2857	296	5.5357	20	0	20	86.5536	4847	15.6018	114	57	57	5	280	4.9617	19	0	19	110.7917	57.4692	0.4215	27.0605	5.1449	NaN	2.7631	3.8454	20	0	43.9198	23.0457	114	9	1.1437	2.7676	19	0	2.4688	3.488	15	0	38.9458	18.1095	88	9	0.6938	1.946	15	0	0.0932	4	292.2429	281.6167	561.4572	44.2812	5411.0591	12541.584
88_6_FITC.tif	d560ed1e-68ee-422b-8b94-54c76b5ba390	Cell		Positive	Annotation	Polygon	396.23	2376	6.4197	14.9223	0.3623	7.0426	1.2363	NaN	14.2647	485	10.4745	37	0	37	78.3235	2663	14.1137	103	36	67	14.2647	485	10.5466	38	0	38	85.5271	48.8878	0.4497	23.018	4.5559	NaN	4.4771	5.7755	37	0	23.853	18.5243	103	1	1.5349	5.2423	38	0	3.6037	4.1805	22	0	18.9921	8.2093	90	1	0.399	2.1184	22	0	0.0747	6	389.4901	365.0317	603.1985	176.97	36678.1406	60717.1133
88_6_FITC.tif	15b5c0fd-f614-4d81-91f1-5314fad015c4	Cell		Positive	Annotation	Polygon	668.14	2380.4	5.5914	13.9334	0.3619	6.4871	1.3062	NaN	1.8788	62	2.9975	12	0	12	81.3939	2686	7.5289	99	64	35	1.7879	59	3.0079	12	0	12	89.2547	49.3373	0.4608	23.015	4.763	NaN	2.5718	3.9048	21	0	48.5903	21.8522	99	5	0.7894	2.0298	14	0	2.6291	3.9682	21	0	45.8772	20.3949	92	5	0.7068	1.9092	14	0	0.0711	5	324.629	272.0081	604.5255	44.2812	23279.5352	59351.8008
