Image	Object ID	Object type	Name	Classification	Parent	ROI	Centroid X µm	Centroid Y µm	Nucleus: Area	Nucleus: Perimeter	Nucleus: Circularity	Nucleus: Max caliper	Nucleus: Min caliper	Nucleus: Eccentricity	Nucleus: Red mean	Nucleus: Red sum	Nucleus: Red std dev	Nucleus: Red max	Nucleus: Red min	Nucleus: Red range	Nucleus: Green mean	Nucleus: Green sum	Nucleus: Green std dev	Nucleus: Green max	Nucleus: Green min	Nucleus: Green range	Nucleus: Blue mean	Nucleus: Blue sum	Nucleus: Blue std dev	Nucleus: Blue max	Nucleus: Blue min	Nucleus: Blue range	Cell: Area	Cell: Perimeter	Cell: Circularity	Cell: Max caliper	Cell: Min caliper	Cell: Eccentricity	Cell: Red mean	Cell: Red std dev	Cell: Red max	Cell: Red min	Cell: Green mean	Cell: Green std dev	Cell: Green max	Cell: Green min	Cell: Blue mean	Cell: Blue std dev	Cell: Blue max	Cell: Blue min	Cytoplasm: Red mean	Cytoplasm: Red std dev	Cytoplasm: Red max	Cytoplasm: Red min	Cytoplasm: Green mean	Cytoplasm: Green std dev	Cytoplasm: Green max	Cytoplasm: Green min	Cytoplasm: Blue mean	Cytoplasm: Blue std dev	Cytoplasm: Blue max	Cytoplasm: Blue min	Nucleus/Cell area ratio	Delaunay: Num neighbors	Delaunay: Mean distance	Delaunay: Median distance	Delaunay: Max distance	Delaunay: Min distance	Delaunay: Mean triangle area	Delaunay: Max triangle area
88_8_FITC.tif	d029cb5f-ff11-4242-93d0-a6d91216573a	Cell		Positive	Annotation	Polygon	330.38	485.83	3.5205	12.4892	0.2836	5.964	0.983	NaN	9.6364	212	11.2823	39	0	39	59.3636	1306	18.1069	94	33	61	9.5	209	11.1984	39	0	39	51.1506	43.1102	0.3459	20.7503	3.6663	NaN	0.8876	4.2781	39	0	13.3695	18.7969	94	0	0.8715	4.235	39	0	0.0396	0.2872	3	0	8.9119	11.4614	60	0	0.0352	0.28	3	0	0.0781	5	123.8293	139.4703	178.9814	6.6076	1505.4785	3162.0703
88_8_FITC.tif	46a518db-b41e-4258-89e0-f8baf2b27bb6	Cell		Positive	Annotation	Polygon	328.07	496.26	15.7386	23.1889	0.3678	10.3588	2.4538	NaN	2.2	165	3.2839	18	0	18	61.9333	4645	13.9675	92	30	62	2.2267	167	3.2532	17	0	17	90.4972	54.9216	0.377	26.4468	5.5227	NaN	0.451	1.6405	18	0	22.1276	22.7423	92	0	0.4601	1.6365	17	0	0.0907	0.5353	5	0	13.9258	13.7649	55	0	0.0962	0.5445	5	0	0.1637	4	117.6722	145.7212	172.6387	6.6076	3424.5293	8691.124
88_8_FITC.tif	44e4853d-3b2d-41a1-b26f-3bfd368c25f3	Cell		Positive	Annotation	Polygon	207.82	538.99	17.3953	19.4841	0.5758	8.6626	2.5883	NaN	11.2809	1004	9.7794	37	0	37	105.5393	9393	35.9539	164	31	133	11.236	1000	9.8362	37	0	37	123.217	54.506	0.5212	25.0863	6.4124	NaN	1.6817	5.5037	37	0	20.3099	40.0017	164	0	1.675	5.507	37	0	0	0	0	0	5.378	12.5738	71	0	0	0	0	0	0.1412	8	382.1203	257.6156	795.8938	128.7257	9461.2793	29589.084
88_8_FITC.tif	4f3a61e9-a474-4a43-919d-c8af5e687639	Cell		Positive	Annotation	Polygon	290.09	650.46	7.6622	16.5863	0.35	8.0066	1.3179	NaN	4.4545	196	6.6803	26	0	26	60.5227	2663	18.8019	99	27	72	4.4773	197	6.6279	26	0	26	71.2381	45.8939	0.425	21.8706	4.7218	NaN	0.5884	2.793	26	0	18.0058	22.581	99	0	0.5942	2.7803	26	0	0.0233	0.1901	2	0	11.7907	15.1701	60	0	0.0266	0.1806	2	0	0.113	6	111.2871	129.0248	179.453	12.3932	4487.6606	8691.124
88_8_FITC.tif	59826251-1923-431f-b90c-a67120e579e0	Cell		Positive	Annotation	Polygon	288.48	666.8	18.0166	27.8357	0.2922	10.9269	2.6714	NaN	1.5111	136	2.8492	14	0	14	68.0222	6122	19.5982	104	28	76	1.5222	137	2.8609	14	0	14	110.5847	53.6194	0.4833	24.8839	6.4004	NaN	0.3664	1.3943	14	0	26.0093	27.8559	104	0	0.3682	1.3972	14	0	0.1348	0.6259	6	0	17.5124	20.6421	82	0	0.1348	0.6186	6	0	0.1626	3	95.3981	106.0648	167.7362	12.3932	2084.4473	5678.5249
88_8_FITC.tif	e47a5c0d-fb58-4416-9e24-55a29fe5a206	Cell		Positive	Annotation	Polygon	244.26	761.1	4.763	9.5257	0.6596	4.0449	1.5501	NaN	15.68	392	16.0565	52	0	52	56.64	1416	26.4998	103	13	90	15.64	391	16.0932	52	0	52	80.1428	43.6817	0.5278	20.0294	4.9701	NaN	1.0103	5.554	52	0	5.1572	15.653	103	0	1.0077	5.5538	52	0	0	0	0	0	1.6116	4.4418	30	0	0	0	0	0	0.0545	5	125.4139	109.5289	225.2774	68.4098	4243.3325	7052.771
88_8_FITC.tif	43489dc0-4195-4bfc-8abd-3fbee737f806	Cell		Positive	Annotation	Polygon	331.7	827.15	6.0055	14.626	0.3528	7.0051	1.1616	NaN	10	310	8.9331	27	0	27	52.8387	1638	19.2425	86	21	65	9.9355	308	8.8804	27	0	27	82.6279	48.6935	0.4379	23.0224	4.5559	NaN	0.775	3.6287	27	0	6.24	15.3552	86	0	0.77	3.6062	27	0	0	0	0	0	2.3252	5.2126	37	0	0	0	0	0	0.0714	9	241.8256	160.9295	724.8322	102.1136	14239.0586	63426.1484
88_8_FITC.tif	4e1fdd67-0ff8-4317-a6e9-ee73101752da	Cell		Positive	Annotation	Polygon	229.59	827.96	3.9347	11.0783	0.4029	5.292	0.9113	NaN	17.2857	363	16.5986	54	0	54	63.381	1331	23.7602	106	27	79	17.2857	363	16.6588	54	0	54	73.9302	46.1281	0.4366	22.0077	4.3488	NaN	1.028	5.6622	54	0	6.1681	16.4452	106	0	1.028	5.6722	54	0	0.0119	0.1333	2	0	2.5923	5.9729	32	0	0.0119	0.1333	2	0	0.0436	5	299.1308	289.9538	709.3899	68.4098	15031.0127	36100.4766
88_8_FITC.tif	ffcdda08-8cb8-4d2c-a26d-bcb494358952	Cell		Positive	Annotation	Polygon	154.54	1145.1	6.0055	11.7783	0.544	5.5709	1.5358	NaN	18	576	18.3637	56	0	56	87.9062	2813	28.5616	136	40	96	18	576	18.383	56	0	56	84.6987	46.5962	0.4902	22.0039	5.1716	NaN	1.4453	6.9846	56	0	19.3309	23.7111	136	0	1.4428	6.9887	56	0	0.0475	0.3135	3	0	13.5409	10.545	52	0	0.0449	0.3096	3	0	0.066	6	371.3421	373.5902	608.4733	155.3312	15468.9424	29589.084
88_8_FITC.tif	705d1e44-16bf-454f-bcb8-04cf055db1dd	Cell		Positive	Annotation	Polygon	46.99	1257.2	4.5559	11.0369	0.47	5.0425	1.121	NaN	26.5	689	29.4201	83	0	83	96.7692	2516	31.551	149	48	101	26.5	689	29.5232	83	0	83	78.9003	46.5526	0.4575	22.0022	4.553	NaN	2.1785	10.312	83	0	10.5302	27.2168	149	0	2.1759	10.3307	83	0	0.3972	2.5284	30	0	4.2141	11.7737	78	0	0.3944	2.5238	30	0	0.0541	6	265.7057	179.7309	736.0424	60.4942	10094.0459	29589.084
88_8_FITC.tif	34c4c7c7-9982-42e8-9707-14d339721943	Cell		Positive	Annotation	Polygon	25.08	1313.7	26.3001	28.7901	0.3987	13.4759	2.6893	NaN	8.7744	1167	7.3851	31	0	31	129.4211	17213	39.6865	190	47	143	8.7368	1162	7.3049	31	0	31	143.0974	64.7712	0.4286	31.0001	6.2126	NaN	1.6864	4.7317	31	0	30.3179	53.1354	190	0	1.6792	4.697	31	0	0	0	0	0	6.7388	15.0274	96	0	0	0	0	0	0.1848	5	289.2371	120.4909	795.8938	60.4942	1666.1501	3365.9287
88_8_FITC.tif	f50b1bf9-831d-46f0-ba0d-825be1eacc65	Cell		Positive	Annotation	Polygon	33.85	1426.2	9.3189	16.8124	0.4143	7.9899	1.6029	NaN	5.14	257	5.5033	21	0	21	86	4300	20.6299	116	36	80	5.18	259	5.5427	21	0	21	64.4042	48.6926	0.3413	23.5512	4.0534	NaN	0.8726	2.8992	21	0	25.879	29.7187	116	0	0.879	2.9236	21	0	0.0644	0.4929	6	0	14.4924	12.4296	73	0	0.0644	0.5156	6	0	0.1439	4	77.3406	66.0167	172.0309	5.2983	543.145	1499.7029
88_8_FITC.tif	8d5c3721-01bc-4659-ad7b-fb5ddb01025e	Cell		Positive	Annotation	Polygon	31.69	1435.9	12.0111	19.0308	0.4168	9.0987	2.1528	NaN	3.3167	199	3.7121	13	0	13	69.7333	4184	19.5221	105	28	77	3.3333	200	3.7129	12	0	12	72.4806	48.5577	0.3863	23.2613	4.6999	NaN	0.5783	1.9796	13	0	20.3533	27.236	105	0	0.5783	1.9796	12	0	0.0137	0.2345	4	0	10.1718	14.4646	103	0	0.0103	0.1759	3	0	0.162	4	93.046	66.4562	233.9733	5.2983	663.9177	1706.8695
88_8_FITC.tif	a7cbfed7-5b8c-4688-b502-a1a126e14fdc	Cell		Positive	Annotation	Polygon	38.54	1444.5	6.2126	13.7257	0.4144	6.4799	1.3147	NaN	13.9375	446	11.1092	35	0	35	63.1562	2021	19.7975	93	32	61	14	448	11.0629	35	0	35	85.9413	48.6182	0.4569	23.0322	4.927	NaN	1.2217	4.9058	35	0	10.7253	19.0101	93	0	1.2265	4.9105	35	0	0.1593	1.1793	13	0	6.3446	10.5036	47	0	0.1593	1.1793	13	0	0.0655	6	129.9689	150.8303	225.214	12.4214	3663.3435	7464.1055
88_8_FITC.tif	f4c0b475-a362-4dab-a279-7e7877ff01dc	Cell		Positive	Annotation	Polygon	170.12	1501.8	4.1417	10.5597	0.4668	4.9667	1.0248	NaN	16.0909	354	4.0108	25	9	16	62.6364	1378	2.9527	69	58	11	0.1818	4	0.5011	2	0	2	74.1373	44.838	0.4634	21.0118	4.3488	NaN	4.8774	5.8698	25	0	40.3315	16.7595	69	4	0.2006	0.7541	6	0	4.1454	5.1898	21	0	38.8754	16.2489	68	4	0.2018	0.7682	6	0	0.0492	4	119.0964	50.8177	357.0436	17.7068	3155.1003	10788.751
88_8_FITC.tif	f2c04f6c-3308-4342-9480-fc5f12719407	Cell		Positive	Annotation	Polygon	374.99	619.96	9.9402	21.8536	0.2616	9.8994	1.7355	NaN	12.8679	682	17.4423	61	0	61	80.283	4255	36.3865	149	16	133	12.8113	679	17.3439	61	0	61	110.3776	57.2898	0.4226	27.0308	5.5249	NaN	1.3165	6.6704	61	0	15.6067	26.0999	149	0	1.309	6.6358	61	0	0.0437	0.3031	4	0	8.4802	10.0113	59	0	0.0416	0.2999	4	0	0.092	6	78.8352	75.5216	139.4703	38.4	1453.7878	3162.0703
88_8_FITC.tif	1c3fdff2-0573-4ab8-8793-a397a18dbc89	Cell		Positive	Annotation	Polygon	412.97	627.17	12.6323	18.7159	0.4532	8.4596	2.3896	NaN	9.3231	606	8.3687	26	0	26	112.8923	7338	23.6802	156	67	89	9.2308	600	8.3437	26	0	26	112.4484	54.4927	0.4759	26.0063	5.9879	NaN	1.3651	4.2531	26	0	46.967	31.8266	156	1	1.3523	4.2219	26	0	0.2875	1.1953	13	0	38.0396	20.1452	102	1	0.2854	1.1737	13	0	0.1082	7	158.4538	125.886	384.0018	38.4	2094.5698	3893.2632
88_8_FITC.tif	d530d519-dbee-4a79-9ec2-2b8a6ad6bef4	Cell		Positive	Annotation	Polygon	343.15	666.42	7.041	15.4889	0.3688	7.4535	1.3217	NaN	19.6216	726	19.9421	65	0	65	101.027	3738	31.3373	157	40	117	19.5135	722	19.8195	64	0	64	86.5625	50.3326	0.4294	24.0135	4.763	NaN	1.7399	8.0819	65	0	17.42	30.2446	157	0	1.7303	8.0347	64	0	0.0079	0.1535	3	0	9.322	12.8918	69	0	0.0079	0.1535	3	0	0.0771	6	114.2502	111.146	178.9814	55.11	2977.4814	4483.0693
88_8_FITC.tif	31f2cff8-39d3-4aeb-b096-8b7521667ada	Cell		Positive	Annotation	Polygon	392.88	686.95	4.3488	11.1624	0.4386	5.2913	1.1237	NaN	10.32	258	10.0113	34	0	34	79.8	1995	17.3518	112	52	60	10.28	257	10.0313	34	0	34	45.9734	40.7026	0.3487	19.5519	3.8829	NaN	1.2321	4.6423	34	0	31.8393	21.6927	112	8	1.2277	4.6382	34	0	0.0905	0.6211	7	0	25.8141	12.9064	69	8	0.0905	0.6211	7	0	0.0886	4	39.3993	38.8693	71.7614	8.0972	397.9707	1253.5895
88_8_FITC.tif	5297a8e0-fcbb-47be-aed5-e74a22d0c412	Cell		Positive	Annotation	Polygon	391.36	696.24	8.6977	21.1049	0.2454	10.3337	1.2017	NaN	11.7872	554	12.75	39	0	39	103.1277	4847	23.5728	146	63	83	11.7021	550	12.6799	39	0	39	37.897	38.8502	0.3155	18.944	2.8592	NaN	3.615	8.3022	39	0	57.5455	32.2816	146	8	3.5882	8.259	39	0	0.8714	2.876	18	0	42.2429	16.4976	76	8	0.8643	2.8869	18	0	0.2288	4	25.4327	8.5188	79.2818	5.4113	71.8046	134.54
88_8_FITC.tif	a34c8c6f-adb8-4951-8dbd-4533f4a8409d	Cell		Positive	Annotation	Polygon	395.83	701.96	15.5316	32.731	0.1822	14.2568	2.1014	NaN	9.679	784	12.1777	44	0	44	110.8642	8980	34.5727	171	49	122	9.7037	786	12.1021	43	0	43	122.8028	64.754	0.368	31.027	5.5767	NaN	1.4715	5.5837	44	0	47.7466	32.4116	171	15	1.4748	5.5671	43	0	0.1806	0.851	10	0	37.8194	17.4208	117	15	0.1806	0.8555	9	0	0.1305	7	74.8873	63.7393	250.0996	5.4113	1154.5709	3992.6443
88_8_FITC.tif	c51e1f90-55ad-4581-9f25-adeaaa8c74c5	Cell		Positive	Annotation	Polygon	389.56	707.17	15.9457	33.7608	0.1758	12.4243	2.649	NaN	8.4471	718	10.6217	38	0	38	90.2471	7671	23.4759	143	44	99	8.4235	716	10.562	38	0	38	107.4783	61.1755	0.3609	29.0373	5.8094	NaN	1.5854	5.459	38	0	34.7869	32.4525	143	0	1.5797	5.4241	38	0	0.2477	1.6865	21	0	23.9748	20.8409	91	0	0.2454	1.6405	20	0	0.1533	6	90.7924	74.4906	245.085	7.7777	2420.0012	7930.231
88_8_FITC.tif	f0d9eb60-d1bd-4134-bf7b-a5e14311bce4	Cell		Positive	Annotation	Polygon	435.57	750.57	3.3134	9.4424	0.467	4.3156	1.081	NaN	15.25	305	11.4058	35	0	35	59	1180	19.0788	89	23	66	15.4	308	11.2128	35	0	35	74.9656	44.7867	0.4696	21.0098	4.5559	NaN	0.8785	4.362	35	0	8.0635	14.5991	89	0	0.884	4.3628	35	0	0.038	0.2681	3	0	5.0848	6.6546	33	0	0.0351	0.2516	3	0	0.044	4	94.6958	94.8127	135.2947	53.8632	2051.6011	2963.5334
88_8_FITC.tif	5be65949-9db0-40a5-b926-21c94b0ec7ca	Cell		Positive	Annotation	Polygon	430.74	804.53	4.5559	10.6139	0.5082	4.9703	1.0979	NaN	16.5417	397	18.3326	60	0	60	64.7917	1555	25.8541	117	28	89	16.5417	397	18.3729	61	0	61	75.794	44.9029	0.4724	21.0243	4.5532	NaN	1.0924	6.1473	60	0	10.462	16.81	117	0	1.0924	6.1549	61	0	0.0145	0.1785	3	0	6.6715	6.0484	36	0	0.0145	0.1785	3	0	0.0546	5	133.9969	109.0953	260.8542	53.8632	3983.8477	10079.3242
88_8_FITC.tif	a86da2c7-a6d6-4762-9ad4-543b7da122d9	Cell		Positive	Annotation	Polygon	504.77	867.47	4.5559	11.1602	0.4597	4.9174	1.3667	NaN	15	405	14	43	0	43	67.1852	1814	24.5796	108	23	85	15.037	406	14.026	43	0	43	85.1129	46.8516	0.4873	22.0108	5.0895	NaN	1.0146	5.1195	43	0	12.1553	17.7726	108	0	1.0121	5.1306	43	0	0.0338	0.2529	3	0	8.2961	8.3251	53	0	0.0286	0.2321	3	0	0.0568	10	241.2094	195.3711	455.3442	96.9353	6723.7817	16711.7656
88_8_FITC.tif	06d37199-9ff2-4e84-832b-e49b6ab46a69	Cell		Positive	Annotation	Polygon	403.38	951.22	3.3134	9.575	0.4542	4.4558	1.103	NaN	17.75	355	15.7376	50	0	50	61.95	1239	22.4815	102	31	71	17.7	354	15.845	50	0	50	73.7231	44.4215	0.4695	21.0092	4.5559	NaN	0.9944	5.4706	50	0	6.2661	15.47	102	0	0.9916	5.4785	50	0	0	0	0	0	2.9614	5.4282	37	0	0	0	0	0	0.049	6	204.2395	197.1608	323.2683	114.5131	4600.1284	10912.9355
88_8_FITC.tif	fa0d13ea-d892-4634-8ca8-43c7a8774621	Cell		Positive	Annotation	Polygon	578	971.52	15.7386	18.621	0.5704	7.1059	2.9624	NaN	14.6375	1171	10.6358	36	0	36	205.925	16474	15.007	231	170	61	14.4375	1155	10.5385	36	0	36	99.1949	52.8914	0.4456	22.25	6.7691	NaN	3.8257	7.4025	36	0	137.2407	63.6763	231	5	3.7573	7.3307	36	0	1.6741	3.9347	27	0	123.5721	60.7517	221	5	1.6318	3.911	27	0	0.1556	5	121.2093	76.4894	384.0018	6.8481	1088.668	3893.2632
88_8_FITC.tif	55bd257d-0780-4aa7-9f98-8b4fc17e75ca	Cell		Positive	Annotation	Polygon	576.73	986.25	6.2126	16.3499	0.292	7.8785	1.1962	NaN	9.8182	324	7.531	26	1	25	203.3636	6711	8.6307	220	192	28	9.7576	322	7.45	25	1	24	53.2215	38.5632	0.4497	18.0983	3.7458	NaN	2.112	4.5425	26	0	171.4749	26.4966	220	108	2.0772	4.5137	25	0	0.9867	2.3692	15	0	166.8186	24.9705	210	108	0.9558	2.3566	15	0	0.1196	4	48.2128	26.7424	136.6966	2.6697	549.4279	1792.0656
88_8_FITC.tif	2ef17dee-45d7-4f89-9088-922025d39de4	Cell		Positive	Annotation	Polygon	578.76	983.25	2.278	8.7643	0.3727	4.1974	0.759	NaN	13.8571	194	4.8335	22	4	18	208.2857	2916	5.1355	216	197	19	13.7857	193	4.6273	22	4	18	10.5615	20.0973	0.3286	9.7336	1.4871	NaN	4.1786	6.5923	22	0	169.2679	33.5144	216	113	4.125	6.5535	22	0	0.9524	2.8708	15	0	156.2619	28.3773	210	113	0.9048	2.8866	15	0	0.1812	4	31.5316	26.7616	69.9335	2.6697	189.809	666.8409
88_8_FITC.tif	b582876d-c6a1-4a49-b11c-a5cbb8cfe92a	Cell		Positive	Annotation	Polygon	573.57	1027.2	4.763	13.8067	0.314	6.674	0.9745	NaN	15.4815	418	16.9374	53	0	53	89.6667	2421	20.3054	129	55	74	15.3704	415	16.9346	53	0	53	80.557	48.5175	0.43	23.0123	4.5058	NaN	1.3197	5.9526	53	0	34.4118	19.9605	129	6	1.312	5.9334	53	0	0.2692	1.2237	12	0	30.3132	12.4334	78	6	0.2692	1.2215	12	0	0.0562	7	124.2289	46.6751	278.7082	33.3278	3578.2104	11546.1143
88_8_FITC.tif	5be67b0d-c762-40c2-a7e8-04814f22a182	Cell		Positive	Annotation	Polygon	600.17	1042.7	6.0055	14.6218	0.353	7.0696	1.2156	NaN	13.8788	458	14.4173	52	0	52	99.1515	3272	22.6124	140	60	80	13.9091	459	14.3948	52	0	52	47.8372	35.6093	0.4741	16.669	4.621	NaN	2.0944	7.232	52	0	26.3348	37.5011	140	0	2.0944	7.2314	52	0	0.15	0.8492	7	0	14.32	23.0862	92	0	0.145	0.823	7	0	0.1183	7	40.5326	35.8126	76.4894	6.2213	127.1078	666.8409
88_8_FITC.tif	e3e26746-b5f7-4b9c-88f2-04d7aefc43c7	Cell		Positive	Annotation	Polygon	602.2	1056.4	8.9048	18.8312	0.3156	9.0589	1.5359	NaN	1.4255	67	1.8967	7	0	7	63.4681	2983	11.5191	84	38	46	1.4255	67	1.862	7	0	7	61.712	49.0535	0.3223	23.8134	3.5991	NaN	0.34	1.0431	7	0	23.3067	21.6514	84	0	0.34	1.0334	7	0	0.1383	0.6113	5	0	15.8458	13.2394	75	0	0.1383	0.6113	5	0	0.149	3	12.6261	7.5478	28.2969	2.0335	11.2343	17.393
88_8_FITC.tif	cb8296bc-9e15-486d-a38f-dff91517c56a	Cell		Positive	Annotation	Polygon	599.03	1054.6	4.3488	12.5699	0.3459	5.7848	1.332	NaN	2.6923	70	3.2344	10	0	10	69.2308	1800	16.3617	91	33	58	2.6154	68	3.2506	10	0	10	36.2403	32.4578	0.4323	15.4308	3.4423	NaN	0.4181	1.5722	10	0	25.3898	25.0529	91	0	0.4124	1.5611	10	0	0.0265	0.3255	4	0	17.8411	17.3582	81	0	0.0331	0.335	4	0	0.1327	5	65.4526	29.9421	252.0074	2.0335	793.1419	3401.3296
88_8_FITC.tif	1544e322-4f7a-4f02-a7a4-42722d66ae5a	Cell		Positive	Annotation	Polygon	416.6	1064.9	7.4551	14.1272	0.4694	6.4945	1.7533	NaN	26.1	1044	29.6361	91	0	91	106.975	4279	45.2936	182	29	153	25.95	1038	29.5565	90	0	90	95.2602	49.3628	0.4913	23.0986	5.3513	NaN	2.9566	11.9243	91	0	22.256	35.5352	182	0	2.9393	11.8784	90	0	0.7577	4.2799	48	0	14.2067	21.0716	113	0	0.753	4.2657	48	0	0.0812	5	198.6224	209.3455	260.8542	114.5131	5104.4629	10079.3242
88_8_FITC.tif	e76aa647-689c-40ba-8b7a-fb0a43d48b11	Cell		Positive	Annotation	Polygon	608.52	1078.8	23.4009	26.8543	0.4078	12.6877	2.5246	NaN	11.6525	1375	9.7878	40	0	40	169.4661	19997	41.6895	228	75	153	11.5508	1363	9.7714	40	0	40	91.5326	51.509	0.4335	24.0492	5.1807	NaN	3.3708	7.4899	40	0	62.3056	74.051	228	0	3.3461	7.4536	40	0	0.3823	2.87	33	0	23.6361	34.4696	227	0	0.3853	2.8701	33	0	0.2553	6	57.5172	29.1195	223.8649	8.594	289.3386	1213.9164
88_8_FITC.tif	c11d2ade-da4d-4bbb-917e-e0e5240bca25	Cell		Positive	Annotation	Polygon	611.25	1091.6	36.4474	38.3426	0.3115	15.9224	4.1091	NaN	7.1882	1337	8.1852	34	0	34	163.2688	30368	42.5643	229	42	187	7.1452	1329	8.1556	33	0	33	124.8737	65.0635	0.3707	29.9428	6.5285	NaN	2.2607	5.6426	34	0	70.066	71.1075	229	0	2.2475	5.618	33	0	0.0786	0.9171	15	0	28.7905	30.6105	131	0	0.0786	0.9171	15	0	0.3023	3	78.1195	10.0003	215.7642	8.594	236.3071	392.4793
88_8_FITC.tif	2f5495c6-f656-4285-a37d-e6d832e8b96d	Cell		Positive	Annotation	Polygon	614.66	1101.3	7.041	14.4811	0.4219	6.9768	1.2068	NaN	17.8	623	19.6181	62	0	62	99.8571	3495	28.4286	151	50	101	17.7429	621	19.6579	62	0	62	61.712	45.7199	0.371	21.8958	4.0735	NaN	2.0864	8.7326	62	0	25.0399	32.1073	151	0	2.0831	8.7302	62	0	0.0188	0.2207	3	0	15.1955	15.0584	73	0	0.0226	0.2287	3	0	0.099	6	169.78	130.4385	409.624	10.0003	1372.5457	4324.1924
88_8_FITC.tif	cbc93c36-c009-4c8a-8aef-441ee6d63852	Cell		Positive	Annotation	Polygon	430.07	1256.3	9.3189	17.9637	0.3629	8.7099	1.5687	NaN	12.1875	585	12.1246	40	0	40	67.7917	3254	29.5649	114	12	102	12.1458	583	12.083	40	0	40	103.9579	52.9431	0.4661	25.0967	5.5616	NaN	1.1653	5.1635	40	0	9.8685	22.4194	114	0	1.1614	5.1458	40	0	0	0	0	0	3.7445	8.4916	55	0	0	0	0	0	0.0867	5	188.2922	191.8074	396.2575	24.0079	7486.709	16711.7656
88_8_FITC.tif	e967c5d4-98ad-4ee9-b612-a9d7445c7548	Cell		Positive	Annotation	Polygon	414.14	1274.4	7.041	16.9461	0.3081	8.1894	1.1842	NaN	14.5385	567	17.2518	63	0	63	78.359	3056	28.3646	136	36	100	14.4359	563	17.1015	62	0	62	90.4972	52.2362	0.4168	25.011	4.7545	NaN	1.3196	6.5645	63	0	11.6667	24.3091	136	0	1.3105	6.5117	62	0	0.0276	0.3198	4	0	5.1479	9.6733	54	0	0.0276	0.3198	4	0	0.0821	7	285.3779	323.2683	454.633	24.0079	19914.9395	63426.1484
88_8_FITC.tif	c4a460be-ca11-46cb-bf3e-25861b6a4120	Cell		Positive	Annotation	Polygon	538.31	1280.3	4.5559	11.9941	0.398	5.6702	0.9146	NaN	15.6957	361	19.0249	55	0	55	58.3913	1343	26.6505	107	25	82	15.8261	364	18.9968	55	0	55	75.5869	46.616	0.4371	22.0104	4.3488	NaN	0.9918	6.0303	55	0	5.2951	15.8091	107	0	1	6.045	55	0	0.0058	0.108	2	0	1.7347	4.3289	25	0	0.0058	0.108	2	0	0.0496	5	199.0456	208.9477	414.4214	54.9498	7241.8589	11546.1143
88_8_FITC.tif	9bd6cc4d-b957-4bd4-ac40-804050f5e2df	Cell		Positive	Annotation	Polygon	594.41	1305.5	5.5914	12.1939	0.4725	5.5542	1.5813	NaN	9.3333	308	12.077	42	0	42	65.7576	2170	23.6908	111	27	84	9.2727	306	12.0397	42	0	42	90.7043	48.7744	0.4791	23.0319	5.288	NaN	0.754	4.0935	42	0	19.205	17.0857	111	2	0.754	4.0762	42	0	0.0567	0.3359	4	0	15.4212	8.9681	56	2	0.0616	0.3495	4	0	0.0666	9	211.3893	215.7642	345.0468	61.3345	4059.3611	10195.7002
88_8_FITC.tif	d807c2bc-0a08-4d66-9fac-ddb117a3432c	Cell		Positive	Annotation	Polygon	503.17	1322.7	8.0764	18.11	0.3094	8.6833	1.3937	NaN	7.186	309	8.7729	35	0	35	54.4186	2340	20.264	97	22	75	7.2791	313	8.7704	35	0	35	96.5027	52.4891	0.4402	25.0129	4.9706	NaN	0.6974	3.3653	35	0	10.206	17.1081	97	0	0.7103	3.383	35	0	0.0378	0.3055	4	0	5.7116	7.8877	54	0	0.0426	0.3346	4	0	0.0823	5	187.9624	164.603	455.3442	54.9498	7679.8662	16711.7656
88_8_FITC.tif	39b91738-559b-457b-9bcd-954243bca51b	Cell		Positive	Annotation	Polygon	625.45	1418.8	5.3843	11.8474	0.4821	5.5727	1.1723	NaN	16.4074	443	17.0232	54	0	54	70.2593	1897	25.7527	116	35	81	16.2593	439	16.9878	54	0	54	77.8649	46.5414	0.4517	22.0113	4.5559	NaN	1.1883	6.163	54	0	8.0292	19.7191	116	0	1.1751	6.1295	54	0	0.0143	0.177	3	0	3.2286	6.8416	40	0	0.0114	0.1306	2	0	0.0617	7	270.5021	262.4091	577.804	91.3553	8724.6025	27974.498
88_8_FITC.tif	9fac98e0-a715-468f-a075-1600363799a2	Cell		Positive	Annotation	Polygon	465.14	1484.3	3.7276	11.1574	0.3763	5.3885	1.0987	NaN	12.9545	285	12.4038	37	0	37	62.0455	1365	18.3886	94	33	61	12.9545	285	12.4038	37	0	37	75.3798	46.1864	0.4441	22.0018	4.5559	NaN	0.8852	4.3052	37	0	12.2104	16.4406	94	0	0.8852	4.3052	37	0	0.1134	0.6027	6	0	9.0233	9.8714	41	0	0.1134	0.6027	6	0	0.0493	8	131.9817	115.6713	230.7138	43.3465	3538.0815	11332.6719
88_8_FITC.tif	31b65660-5d67-40a4-ad61-4f6b76af1ebb	Cell		Positive	Annotation	Polygon	508.45	1487.1	5.3843	12.7165	0.4184	6.0001	1.1843	NaN	18.3793	533	19.5072	63	0	63	78.2414	2269	28.544	130	36	94	18.4138	534	19.5549	63	0	63	82.0066	47.0232	0.4661	22.0206	4.7353	NaN	1.3501	7.0597	63	0	11.461	21.4069	130	0	1.3501	7.0747	63	0	0.0082	0.1564	3	0	6.1984	7.2206	50	0	0.0054	0.1043	2	0	0.0626	6	139.4911	158.1351	208.9477	43.3465	3751.752	6334.042
88_8_FITC.tif	90a6fb06-0869-45bb-92db-7180de331499	Cell		Positive	Annotation	Polygon	646.17	1507.9	5.7984	13.6701	0.3899	6.5795	1.1486	NaN	15.4333	463	16.8291	54	0	54	64.4333	1933	28.4928	117	18	99	15.5	465	16.6955	54	0	54	83.6633	48.694	0.4434	23.0235	4.7457	NaN	1.1481	6.0581	54	0	7.5654	18.6991	117	0	1.1531	6.0433	54	0	0.0053	0.0729	1	0	3.016	5.8816	38	0	0.0053	0.0729	1	0	0.0642	4	238.2078	225.926	409.624	91.3553	1838.4167	2795.3245
88_8_FITC.tif	095e95c4-1eda-415a-833d-40672c672dd3	Cell		Positive	Annotation	Polygon	170.09	1521.3	4.9701	10.8494	0.5306	5.0159	1.2317	NaN	6.08	152	4.6719	16	0	16	54.92	1373	8.2912	67	36	31	0.88	22	1.3329	4	0	4	62.1262	36.9609	0.5715	16.1273	4.5559	NaN	2.8339	4.6618	23	0	28.3256	19.9473	70	0	0.2492	0.7923	5	0	2.5399	4.5561	23	0	25.9167	18.9195	70	0	0.192	0.7002	5	0	0.0715	4	73.5478	39.3762	197.7322	17.7068	1819.8463	5745.4331
88_8_FITC.tif	0496d1b6-6476-4561-adfb-79cce919263b	Cell		Positive	Annotation	Polygon	111.04	1532.7	4.9701	12.6666	0.3893	6.1264	1.1161	NaN	11.6	290	10.5554	33	0	33	53.6	1340	19.2743	87	24	63	11.6	290	10.5712	33	0	33	77.4507	47.907	0.4241	23.0004	4.547	NaN	0.7733	3.9427	33	0	5.9307	14.4256	87	0	0.7733	3.9454	33	0	0	0	0	0	2.5257	4.8013	30	0	0	0	0	0	0.0544	7	177.0316	134.7184	390.1367	60.5195	7725.6191	18398.4531
88_8_FITC.tif	e88eacb3-4a14-4cf3-a56e-11540d729ab7	Cell		Positive	Annotation	Polygon	178.6	1535.7	8.4906	18.716	0.3046	9.1581	1.2413	NaN	22.3409	983	18.3239	55	0	55	105.2727	4632	33.4792	160	41	119	22.2955	981	18.3526	55	0	55	92.9822	54.1923	0.3979	26.0076	4.7398	NaN	2.2428	8.7445	55	0	17.02	32.7655	160	0	2.2383	8.74	55	0	0.0593	0.5325	8	0	7.4321	11.4364	59	0	0.0593	0.5325	8	0	0.0847	10	355.272	339.8766	724.8322	18.2329	23707.7109	63426.1484
88_8_FITC.tif	829f60a0-3b84-4e3e-a41b-b6b2e07a7414	Cell		Positive	Annotation	Polygon	84.72	1664.9	4.1417	11.4658	0.3959	5.4803	0.9386	NaN	15.0455	331	14.9554	47	0	47	55.4545	1220	23.1778	97	25	72	15	330	14.8837	47	0	47	75.1727	46.2512	0.4416	22.0098	4.5182	NaN	0.9093	5.0822	47	0	4.6126	14.6331	97	0	0.9066	5.0624	47	0	0	0	0	0	1.3421	4.167	28	0	0	0	0	0	0.05	5	137.8824	134.7184	225.214	67.2473	6284.7632	7464.1055
88_8_FITC.tif	09627771-aa3a-40f1-ae3f-6e1e8d202809	Cell		Positive	Annotation	Polygon	17.49	1667.3	4.3488	10.4927	0.4964	4.8671	1.0354	NaN	19.6522	452	15.4879	52	0	52	71.3478	1641	23.3892	112	36	76	19.7391	454	15.419	52	0	52	74.5515	44.9561	0.4635	21.0199	4.3488	NaN	1.2521	6.145	52	0	6.8116	18.6659	112	0	1.2576	6.1511	52	0	0	0	0	0	2.4201	5.7346	34	0	0	0	0	0	0.0549	7	306.9508	233.9733	743.4525	67.2473	4364.686	8119.9893
88_8_FITC.tif	6ae1e0d7-e6a2-4e9a-98d5-430c122909b5	Cell		Positive	Annotation	Polygon	157.95	1716.9	5.7984	12.436	0.4712	5.8663	1.2055	NaN	10.6552	309	11.2735	34	0	34	54.7931	1589	20.9035	93	21	72	10.5517	306	11.2649	34	0	34	79.9357	46.8507	0.4576	22.0265	4.5559	NaN	0.7984	4.1364	34	0	5.9587	15.772	93	0	0.7907	4.1162	34	0	0	0	0	0	2.0028	5.0274	30	0	0	0	0	0	0.0645	7	158.9181	154.1934	197.7322	89.7978	4367.8623	7734.5776
88_8_FITC.tif	74aed87f-2957-48fa-9178-d35b048e1947	Cell		Positive	Annotation	Polygon	66.73	1836.4	6.2126	14.1669	0.389	6.7254	1.2111	NaN	13.1562	421	11.7009	39	0	39	62.75	2008	22.1563	103	32	71	13.25	424	11.5312	38	0	38	83.042	48.5637	0.4425	23.0136	4.5559	NaN	1.0499	4.8324	39	0	6.6908	18.3053	103	0	1.0574	4.8197	38	0	0	0	0	0	1.8293	5.0889	34	0	0	0	0	0	0.067	7	238.0028	176.0381	529.7366	108.8158	10226.7227	15991.9004
88_8_FITC.tif	d60ae0be-2b2f-4c35-b4d6-c92705cedece	Cell		Positive	Annotation	Polygon	177.4	1863.5	4.3488	10.0518	0.5409	4.7209	1.1272	NaN	20.3182	447	17.532	54	0	54	68.6364	1510	24.5581	112	27	85	20.0909	442	17.5198	54	0	54	73.516	44.5345	0.4658	21.0122	4.5509	NaN	1.2556	6.495	54	0	5.6096	17.8492	112	0	1.2416	6.4518	54	0	0	0	0	0	1.4581	4.6779	29	0	0	0	0	0	0.0509	4	173.8497	178.6359	327.9069	10.22	3085.7551	7539.2817
88_8_FITC.tif	78adf470-cbff-4686-a966-d91f35055f92	Cell		Positive	Annotation	Polygon	170.02	1870.5	5.5914	14.2017	0.3484	6.9135	1.1909	NaN	21.8065	676	20.5238	64	0	64	79.4516	2463	31.8735	135	27	108	21.7742	675	20.4592	64	0	64	83.8704	48.6811	0.4447	23.0303	4.5559	NaN	1.665	8.0511	64	0	7.8547	23.0709	135	0	1.6626	8.0328	64	0	0	0	0	0	1.936	5.9058	45	0	0	0	0	0	0.0687	6	180.817	179.2072	306.0316	10.22	6057.2158	15991.9004
88_8_FITC.tif	dea5d0a1-c487-4bfd-b2c1-fcf96660b0d4	Cell		Positive	Annotation	Polygon	23.32	2017.4	4.3488	10.2297	0.5222	4.7797	0.9936	NaN	15.1429	318	12.8425	39	0	39	54.5714	1146	20.1459	90	24	66	15.2381	320	12.8293	39	0	39	72.6877	44.758	0.456	21.0176	4.3488	NaN	0.9008	4.7156	39	0	4.2125	13.9774	90	0	0.9065	4.7308	39	0	0	0	0	0	1.0271	3.4879	25	0	0	0	0	0	0.0466	6	348.9811	376.0124	410.6429	186.2042	7976.0986	15944.9922
88_8_FITC.tif	f96a987b-f03b-437c-8a98-9ded634adc0a	Cell		Positive	Annotation	Polygon	222.69	2067.8	4.9701	14.0277	0.3174	6.859	0.9852	NaN	14.4615	376	13.2037	43	0	43	63.0769	1640	20.7035	101	28	73	14.4615	376	13.1582	42	0	42	79.3145	49.9153	0.4	24	4.3488	NaN	1.094	5.0946	43	0	6.6893	17.5452	101	0	1.0966	5.0937	42	0	0.1204	1.2674	16	0	2.5826	7.1475	58	0	0.1232	1.2989	16	0	0.0592	9	278.0935	274.4911	534.0838	133.3905	17449.7188	57555.3555
88_8_FITC.tif	35ec2486-b070-4dc1-b31f-1e7077912576	Cell		Positive	Annotation	Polygon	144.52	2174.4	37.4828	50.8443	0.1822	23.9011	2.5445	NaN	5.0543	930	5.5266	23	0	23	145.25	26726	30.9345	202	68	134	5.0326	926	5.4861	23	0	23	137.506	82.2024	0.2557	39.7483	4.5454	NaN	1.5068	3.6969	23	0	68.7632	58.599	202	0	1.5008	3.676	23	0	0.1441	0.7276	7	0	39.382	35.6689	153	0	0.1441	0.739	7	0	0.2775	8	147.6529	160.3717	306.0316	5.5809	3283.2996	10611.5215
88_8_FITC.tif	c5f7790f-e9d5-4b40-8159-00b7614c7aad	Cell		Positive	Annotation	Polygon	140.34	2167.9	5.7984	15.672	0.2967	7.6015	1.1022	NaN	5.5938	179	6.7291	24	0	24	103.9688	3327	23.1412	134	56	78	5.5625	178	6.7343	24	0	24	44.1096	42.9499	0.3005	20.7015	3.0399	NaN	0.9814	3.2797	24	0	39.8326	35.5049	134	4	0.986	3.279	24	0	0.1749	0.7353	5	0	28.6175	23.2662	124	4	0.1858	0.7692	5	0	0.1283	5	171.5784	194.7524	342.3921	5.5809	5615.5186	15991.9004
88_8_FITC.tif	96545abc-22d3-42d2-8e01-d75d4b42f738	Cell		Positive	Annotation	Polygon	142.16	2188.6	23.1938	39.2477	0.1892	19.2017	1.4711	NaN	5.5565	639	4.8181	22	0	22	131.9739	15177	20.0208	158	85	73	5.2348	602	4.9988	22	0	22	87.598	58.7157	0.3193	28.0866	3.9451	NaN	2.1035	3.9176	22	0	66.4329	51.5134	158	0	1.6941	3.5899	22	0	0.8226	2.5322	21	0	42.1194	36.0775	135	0	0.3806	1.4381	12	0	0.2618	4	82.0276	68.9105	181.3467	8.9428	571.0374	1876.29
88_8_FITC.tif	19e70882-5d8c-4708-8990-ab7a317439ee	Cell		Positive	Annotation	Polygon	145.43	2308.3	9.1118	21.9106	0.2385	10.7811	1.4543	NaN	0.5652	26	1.0884	4	0	4	68.8913	3169	6.8968	81	55	26	0.5217	24	1.0053	4	0	4	100.8516	56.2963	0.3999	27.0118	4.9701	NaN	0.271	0.8318	5	0	42.4025	18.1866	81	5	0.2752	0.8304	5	0	0.2404	0.7956	5	0	39.6395	16.717	74	5	0.2494	0.807	5	0	0.092	6	89.4475	73.4523	132.8622	62.5324	843.0386	1876.29
88_8_FITC.tif	dd5e3cb8-b90c-46ec-9d83-168978862162	Cell		Positive	Annotation	Polygon	199.54	2354.1	3.9347	13.4747	0.2723	6.3399	0.8761	NaN	7.2	180	8.7655	28	0	28	52.44	1311	19.5961	85	19	66	7.24	181	8.866	29	0	29	81.1783	48.7396	0.4294	23.0122	4.3488	NaN	0.6777	3.1494	28	0	8.8985	16.2354	85	0	0.6802	3.1718	29	0	0.2358	1.5798	21	0	5.9485	10.9055	72	0	0.2358	1.5798	21	0	0.0533	6	156.4162	153.4653	287.423	16.6181	3978.4568	10046.9795
88_8_FITC.tif	c90b3c11-eeef-4abb-b3de-381df13782fe	Cell		Positive	Annotation	Polygon	116.52	2363.4	13.6678	22.9085	0.3273	11.0452	2.1085	NaN	1.1286	79	2.0706	10	0	10	50.5286	3537	12.8353	77	16	61	1.1429	80	2.0308	9	0	9	113.2768	58.6833	0.4134	28.0078	5.5882	NaN	0.2386	0.9626	10	0	17.7723	19.3602	77	0	0.2404	0.9535	9	0	0.1086	0.5571	5	0	12.9854	15.0278	55	0	0.1086	0.5571	5	0	0.1175	8	193.1025	143.0851	529.7366	34.374	5745.5356	15944.9922
88_8_FITC.tif	317f9156-a362-4dd2-b549-a951294749d8	Cell		Positive	Annotation	Polygon	214.73	2361.2	2.6921	7.9071	0.5411	3.7747	0.7803	NaN	11	143	9.0462	27	0	27	50.5385	657	19.1556	82	21	61	10.9231	142	8.9393	27	0	27	64.8184	42.2536	0.4562	20.0066	4.1417	NaN	1.1242	5.024	41	0	7.0287	16.7113	95	0	1.1083	4.9825	41	0	0.6977	4.3188	41	0	5.1495	13.8244	95	0	0.6844	4.2837	41	0	0.0312	5	190.5459	186.1894	293.3357	16.6181	13040.6543	23426.3398
88_8_FITC.tif	47624599-a7ff-448f-8f22-c8db87b0ef0b	Cell		Positive	Annotation	Polygon	164.69	2374.8	3.7276	13.2998	0.2648	6.4261	1.1806	NaN	0.5652	13	1.2368	5	0	5	54.6087	1256	3.7627	64	46	18	0.5652	13	1.2368	5	0	5	49.9081	42.6176	0.3453	20.6497	3.1729	NaN	0.291	0.9259	5	0	31.4549	15.1468	64	1	0.2992	0.9366	5	0	0.2624	0.8862	5	0	29.0452	13.7883	59	1	0.2715	0.8988	5	0	0.0877	5	76.9628	71.2306	202.3842	2.6882	597.1525	1270.0811
88_8_FITC.tif	507647a0-f65c-45bd-9ab1-644679cb3156	Cell		Positive	Annotation	Polygon	146.82	2378.1	9.526	19.3633	0.3193	9.3546	1.309	NaN	21.8542	1049	18.3894	56	0	56	107.1875	5145	35.531	162	35	127	21.7917	1046	18.3894	56	0	56	83.042	54.3397	0.3534	26.0234	4.4183	NaN	2.6114	9.4614	56	0	19.2946	36.378	162	0	2.604	9.4465	56	0	0.0169	0.1831	3	0	7.4438	12.2387	69	0	0.0169	0.1979	3	0	0.1109	4	45.7107	44.5936	87.8495	5.8062	423.7372	829.0848
88_8_FITC.tif	409538c0-3220-4b96-ac30-d47e4e39682d	Cell		Positive	Annotation	Polygon	167.47	2380.3	9.9402	20.1175	0.3086	8.1698	1.8365	NaN	0.4727	26	0.8132	3	0	3	55.5636	3056	10.2501	68	25	43	0.4909	27	0.8361	3	0	3	75.794	51.9274	0.3532	25.0009	4.1967	NaN	0.1698	0.6158	5	0	21.2049	21.9234	68	0	0.1725	0.6302	5	0	0.1171	0.5597	5	0	15.2247	17.4512	64	0	0.1171	0.5709	5	0	0.1307	4	83.9545	64.226	204.6779	2.6882	1277.6968	3595.488
88_8_FITC.tif	2670ef94-efc3-483e-80ae-9e577c9d6698	Cell		Positive	Annotation	Polygon	143.97	2385.2	4.1417	10.7447	0.4508	5.1122	1.0021	NaN	18.4762	388	17.8343	56	0	56	60.4762	1270	25.0771	106	26	80	18.381	386	17.7665	56	0	56	57.1561	43.1886	0.3851	20.7471	3.6245	NaN	1.4007	6.8595	56	0	6.0614	17.4669	106	0	1.3935	6.8287	56	0	0	0	0	0	1.5977	4.1291	29	0	0	0	0	0	0.0637	5	56.873	75.674	85.6928	5.8062	760.7249	1337.8923
88_8_FITC.tif	39602118-c885-4fc2-84d3-8dbfe5571858	Cell		Positive	Annotation	Polygon	15.9	2409.9	2.278	7.2521	0.5443	3.3981	0.7593	NaN	0.1667	2	0.5774	2	0	2	52.0833	625	4.6799	60	44	16	0.0833	1	0.2887	1	0	1	37.4828	39.074	0.3085	18.9794	2.6921	NaN	0.3169	0.8883	4	0	24.1038	17.0047	60	0	0.3115	0.881	4	0	0.3275	0.9064	4	0	22.1404	15.7802	57	0	0.3275	0.9064	4	0	0.0478	3	379.5525	393.4037	743.4525	1.8011	1266.1539	2323.5635
88_8_FITC.tif	5060bd07-8d0d-4c53-a143-10a60e19df93	Cell		Positive	Annotation	Polygon	18.26	2413.4	4.5559	13.4624	0.3159	6.5481	0.8868	NaN	3.68	92	5.4751	19	0	19	58.88	1472	12.9882	83	34	49	3.64	91	5.361	18	0	18	53.8427	47.641	0.2981	23.0032	3.1912	NaN	0.5932	2.2762	19	0	19.5513	19.5367	83	0	0.5894	2.2358	18	0	0.2689	1.2575	10	0	15.4202	14.9855	70	0	0.2689	1.2372	10	0	0.0759	4	187.6902	177.0496	394.8604	1.8011	5326.8643	9978.624
88_8_FITC.tif	d3497833-8829-4342-a040-82edbfbe5760	Cell		Positive	Annotation	Polygon	67.9	2425.3	32.7198	38.4339	0.2783	17.6201	2.7534	NaN	1.8447	297	3.0691	19	0	19	91.9627	14806	16.1066	118	39	79	1.8509	298	3.0826	19	0	19	171.2613	71.6466	0.4193	34.1337	6.4571	NaN	0.4885	1.6359	19	0	43.4148	30.9676	118	1	0.4885	1.6463	19	0	0.1607	0.7106	6	0	31.6787	20.4986	92	1	0.1592	0.7225	7	0	0.1907	6	190.369	168.4679	410.6429	52.104	5943.8984	11280.6797
88_8_FITC.tif	88b36cb5-b28a-4965-803c-75942620b3e7	Cell		Positive	Annotation	Polygon	156.46	2466	4.3488	11.1915	0.4363	5.3902	0.9269	NaN	13.619	286	11.7025	36	0	36	62.9048	1321	17.4783	93	38	55	13.4286	282	11.63	36	0	36	73.1018	46.038	0.4334	22.0038	4.3488	NaN	1.1186	4.5397	36	0	15.2627	19.1223	93	0	1.1045	4.4978	36	0	0.3303	1.7764	19	0	12.2583	14.7568	61	0	0.3273	1.7744	19	0	0.0453	9	116.2916	89.6347	202.1997	29.0135	1332.9215	4414.8184
88_8_FITC.tif	259bff7d-8fb6-4c00-9910-3fa385558c17	Cell		Positive	Annotation	Polygon	127.58	2468.2	4.5559	12.3501	0.3754	5.9212	0.8603	NaN	29.7826	685	7.6809	44	17	27	76.087	1750	5.0445	85	66	19	0.8261	19	1.435	4	0	4	77.4507	46.6327	0.4476	22.0164	4.4157	NaN	22.088	15.088	67	0	55.6027	14.9246	88	25	0.3867	1.0039	6	0	21.5852	15.321	67	0	54.2642	14.3684	88	25	0.358	0.9651	6	0	0.0478	5	98.9687	85.6928	202.2682	29.0135	2731.657	5327.2549
88_8_FITC.tif	3783fa8b-66b7-495e-b582-f47ea3fbe787	Cell		Positive	Annotation	Polygon	165.49	2638.7	18.0166	28.6891	0.2751	11.9732	2.3731	NaN	2.8571	260	2.7308	10	0	10	83.0659	7559	14.9308	109	50	59	1.9341	176	2.4622	10	0	10	107.0642	61.1235	0.3601	29.026	4.8519	NaN	1.7673	3.4953	23	0	45.6615	24.63	109	1	0.55	1.4993	10	0	1.5361	3.5973	23	0	37.7273	18.1155	86	1	0.2564	0.9785	9	0	0.1708	5	50.1632	29.9639	173.8568	2.5421	215.9061	911.0767
88_8_FITC.tif	f29de83c-a891-470e-a263-abf80ad16957	Cell		Positive	Annotation	Polygon	169.29	2638.1	4.1417	12.971	0.3093	6.3458	0.9422	NaN	2.7727	61	2.6355	9	0	9	67.6818	1489	8.2888	81	53	28	2.9091	64	2.671	9	0	9	41.6246	41.1628	0.3087	20.1179	3.0157	NaN	0.9951	2.4545	13	0	25.9363	24.445	81	0	1.0049	2.4705	13	0	0.7802	2.3496	13	0	20.8901	20.6105	78	0	0.7747	2.3502	13	0	0.0982	7	149.7341	173.9743	286.774	2.5421	4175.6455	23393.1758
88_8_FITC.tif	c448c658-094e-43a1-a700-007eeb480421	Cell		Positive	Annotation	Polygon	168.12	2646.9	1.8638	6.4782	0.5581	2.9725	0.7568	NaN	3.5455	39	3.4746	10	0	10	68.1818	750	5.4188	77	61	16	3.4545	38	3.2974	9	0	9	15.3245	24.7436	0.3145	11.9959	1.915	NaN	0.6447	2.0311	10	0	25.9868	23.495	77	1	0.6316	1.9721	9	0	0.1538	1.1213	9	0	18.8462	16.8673	65	1	0.1538	1.1213	9	0	0.0986	3	15.0234	3.4559	38.3945	3.2199	16.9717	45.0787
88_8_FITC.tif	39f9d422-d1dd-4c46-acc5-c4ffcc7aec72	Cell		Positive	Annotation	Polygon	156.9	2665.6	30.856	36.354	0.2934	17.7902	2.6955	NaN	30.5855	4649	15.6875	62	0	62	65.8224	10005	11.4378	81	28	53	1.8026	274	2.8634	14	0	14	121.5603	65.512	0.3559	31.6342	6.1587	NaN	9.9576	16.1488	62	0	25.4414	28.3294	81	0	0.5552	1.7081	14	0	2.7826	8.1562	58	0	11.3959	16.457	77	0	0.1213	0.6031	5	0	0.2528	5	140.8703	202.1997	258.3021	11.6175	1928.5869	5327.2549
88_8_FITC.tif	3b658e3e-7f01-4384-86e1-31b517b144fe	Cell		Positive	Annotation	Polygon	158.27	2683.1	14.289	26.6707	0.2524	13.1083	1.685	NaN	36.9315	2696	16.9733	61	0	61	70.3151	5133	12.2926	90	32	58	1.5068	110	2.4217	11	0	11	79.1074	51.9277	0.3687	25.1369	4.7788	NaN	12.3549	17.3456	61	0	32.8368	24.9987	90	0	0.5026	1.5479	11	0	6.623	11.4236	49	0	24.0958	18.1932	73	0	0.2684	1.1456	9	0	0.1795	8	167.8644	155.5495	345.762	11.6175	5135.3813	31663.4805
88_8_FITC.tif	4c713141-adfb-447e-a61f-e9f624279f43	Cell		Positive	Annotation	Polygon	474.85	1539.3	27.7497	27.7729	0.4521	12.103	3.8361	NaN	2.1481	290	2.9283	13	0	13	76.8074	10369	16.9703	108	35	73	2.1111	285	2.8928	13	0	13	124.0453	60.9451	0.4197	29.0003	6.4965	NaN	0.5714	1.7514	13	0	32.2143	29.7102	108	0	0.5648	1.7335	13	0	0.1156	0.7495	10	0	19.3233	17.6913	80	0	0.1178	0.7591	10	0	0.2231	4	121.2237	111.7663	257.1531	4.2093	2627.6829	7462.0195
88_8_FITC.tif	985f6b65-d16f-4ff6-9b6d-9b5cea28a685	Cell		Positive	Annotation	Polygon	477.66	1545.9	6.8339	12.895	0.5165	5.915	1.5014	NaN	1.3514	50	1.6868	6	0	6	56.9459	2107	8.2224	67	32	35	1.3243	49	1.7006	6	0	6	32.9269	42.8476	0.2254	20.7815	2.3151	NaN	0.3272	0.9896	6	0	22.0247	23.6974	67	0	0.321	0.9885	6	0	0.024	0.1994	2	0	11.688	15.4243	62	0	0.024	0.1994	2	0	0.2114	4	80.8415	32.6604	253.8358	4.2093	183.1442	330.9898
88_8_FITC.tif	6aa36517-e4f7-4506-a976-9257f88ce623	Cell		Positive	Annotation	Polygon	480.51	1549.3	9.7331	18.1355	0.3719	7.0844	2.2131	NaN	4.8039	245	5.2991	17	0	17	61.1765	3120	12.7604	85	31	54	4.7255	241	5.2615	17	0	17	78.0719	45.3113	0.4779	21.0436	4.6928	NaN	0.8153	2.6192	17	0	21.0158	22.6006	85	0	0.8047	2.592	17	0	0.1951	0.877	8	0	14.7713	16.5799	73	0	0.1951	0.8735	8	0	0.128	5	96.3102	67.1145	250.3509	4.2661	1608.2656	4231.9106
88_8_FITC.tif	2a2bc84f-877b-49bb-8804-e121b770e5fe	Cell		Positive	Annotation	Polygon	506.38	1638.8	4.9701	11.8598	0.444	5.6668	1.0337	NaN	21.6	540	20.1969	65	0	65	78.16	1954	27.2789	129	37	92	21.4	535	20.3039	65	0	65	76.0011	46.471	0.4422	22.0069	4.3488	NaN	1.4634	7.4934	65	0	8.0352	21.1497	129	0	1.4499	7.4759	65	0	0	0	0	0	2.939	6.5864	39	0	0	0	0	0	0.0547	7	223.863	199.6791	360.6002	94.7171	8903.8643	27974.498
88_8_FITC.tif	36b96254-eb60-4908-8508-035c0a8ceb86	Cell		Positive	Annotation	Polygon	647.39	1677.4	26.7143	37.5261	0.2384	14.2894	3.3857	NaN	3.7868	515	4.9387	25	0	25	118.5221	16119	25.5238	164	58	106	3.7353	508	4.8827	24	0	24	118.454	58.1634	0.44	23.8593	6.8339	NaN	0.9268	2.9054	25	0	52.1429	44.019	166	3	0.9129	2.8712	24	0	0.0388	0.4445	8	0	31.532	23.2894	166	3	0.0365	0.4421	8	0	0.2316	5	112.7665	107.2458	262.4091	9.5289	531.7164	1719.4318
88_8_FITC.tif	b134835f-cb11-4011-a32a-2d44feefcc2d	Cell		Positive	Annotation	Polygon	648.57	1694.4	15.7386	28.0596	0.2512	10.9796	2.4096	NaN	1.3253	110	2.3691	10	0	10	109.747	9109	31.0314	158	53	105	1.3976	116	2.4191	11	0	11	63.5758	43.969	0.4132	20.2668	4.2196	NaN	0.4951	1.5618	11	0	50.9612	43.1129	158	4	0.521	1.5945	11	0	0.1903	0.9726	11	0	29.3717	21.2244	132	4	0.1991	0.9799	11	0	0.2525	3	36.7863	9.5289	97.7376	3.0924	46.4169	98.3238
88_8_FITC.tif	6e2872e2-b6f9-4b76-bd5f-10f0efcb96b5	Cell		Positive	Annotation	Polygon	407.85	1692.7	4.9701	12.0314	0.4315	5.7263	1.1735	NaN	16.0769	418	14.7511	49	0	49	64	1664	23.8076	108	24	84	16.0769	418	14.8268	49	0	49	79.5216	46.92	0.4539	22.032	4.5559	NaN	1.0885	5.5282	49	0	6.099	17.5389	108	0	1.0885	5.5414	49	0	0	0	0	0	1.8939	5.3321	40	0	0	0	0	0	0.0588	8	275.3398	246.9809	418.4542	116.7102	21127.418	57555.3555
88_8_FITC.tif	fa0d3988-562e-4fd6-852a-88ffb8f231a8	Cell		Positive	Annotation	Polygon	645.45	1695	2.8992	9.2756	0.4235	4.3448	0.9826	NaN	2.8235	48	3.2641	9	0	9	80	1360	18.4797	110	47	63	2.7059	46	3.2165	9	0	9	29.4064	29.6405	0.4206	13.8086	2.8444	NaN	0.4266	1.5081	9	0	25.7413	28.6488	112	1	0.4056	1.4547	9	0	0.1032	0.5773	5	0	18.4206	20.8389	112	1	0.0952	0.5127	4	0	0.104	6	145.332	135.5492	311.2832	3.0924	3072.7678	13772.874
88_8_FITC.tif	2d775464-386e-491c-be42-a81c398c7ed0	Cell		Positive	Annotation	Polygon	659.96	1786.9	5.7984	12.0882	0.4987	5.6491	1.2408	NaN	17.1379	497	18.0648	58	0	58	71.2414	2066	27.7819	123	27	96	16.9655	492	18.1255	58	0	58	82.4208	46.7172	0.4746	22.0106	4.9487	NaN	1.2481	6.5422	58	0	9.5288	19.816	123	0	1.2356	6.5236	58	0	0.0027	0.052	1	0	4.6919	6.496	42	0	0.0027	0.052	1	0	0.0634	7	134.4037	106.9037	279.3548	83.9035	683.4056	1618.094
88_8_FITC.tif	1205d1d5-2936-4844-bd8a-7cc3f30680bf	Cell		Positive	Annotation	Polygon	459.62	1797.2	3.7276	11.1884	0.3742	5.3898	0.9269	NaN	17.5	350	16.3852	50	0	50	61	1220	23.6954	99	28	71	17.5	350	16.3852	50	0	50	72.8948	46.0454	0.432	22.0025	4.3386	NaN	0.9943	5.5591	50	0	5.8357	15.5304	99	0	0.9943	5.5591	50	0	0.003	0.0548	1	0	2.5225	5.4095	34	0	0.003	0.0548	1	0	0.0438	8	162.6817	141.038	257.1531	57.6035	2931.3333	7462.0195
88_8_FITC.tif	3cb1da88-480d-426b-9225-30ee7088b2ac	Cell		Positive	Annotation	Polygon	500.05	1838.2	8.4906	13.2625	0.6066	6.0282	1.7619	NaN	11.6136	511	11.2812	37	0	37	73.2045	3221	24.6186	114	30	84	11.5455	508	11.3002	37	0	37	91.1184	47.5171	0.5071	22.0313	5.1772	NaN	1.161	4.9574	37	0	10.5669	23.4609	114	0	1.1542	4.9473	37	0	0.0025	0.0502	1	0	3.6247	7.8424	42	0	0.0025	0.0502	1	0	0.0856	7	124.309	103.0388	199.6791	57.6035	2972.1235	7316.6689
88_8_FITC.tif	940e2a58-f983-40a4-be0d-254f7458b96e	Cell		Positive	Annotation	Polygon	638.39	1867.9	14.289	25.7607	0.2706	12.4153	1.6454	NaN	26.5342	1937	31.9209	123	0	123	144.3151	10535	50.853	225	49	176	26.4932	1934	31.8792	123	0	123	114.7264	59.9644	0.4009	28.5351	5.3129	NaN	3.5432	14.5718	123	0	36.3309	48.468	225	1	3.5414	14.5508	123	0	0.0683	0.3665	3	0	20.0104	16.9028	105	1	0.0725	0.3769	3	0	0.1214	4	106.8885	113.9368	175.6881	23.9924	2114.8494	5627.5332
88_8_FITC.tif	33951547-f6ad-4c5f-b15c-dc62a468b146	Cell		Positive	Annotation	Polygon	639.98	1892.2	5.3843	13.0621	0.3966	6.2617	1.1604	NaN	12.4333	373	13.8282	46	0	46	75.8	2274	22.7496	119	38	81	12.3	369	13.7794	46	0	46	81.5924	46.6605	0.4709	22.0045	4.7365	NaN	1.0635	5.0143	46	0	28.0685	17.0369	119	11	1.0558	4.9852	46	0	0.1264	0.617	6	0	24.1346	8.3122	53	11	0.1291	0.6533	7	0	0.0669	8	141.4343	115.6974	286.1786	23.9924	2231.2546	5424.0229
88_8_FITC.tif	6e8edb78-f17f-42a2-8385-0dc8da017087	Cell		Positive	Annotation	Polygon	467.52	1895.4	3.3134	9.256	0.486	4.3941	0.949	NaN	20.2222	364	18.5902	59	0	59	62.5	1125	24.3848	107	28	79	20.2778	365	18.4257	59	0	59	70.2026	44.1737	0.4521	21.0043	4.3488	NaN	1.0706	6.1559	59	0	4.6588	15.3272	107	0	1.0765	6.14	59	0	0	0	0	0	1.4255	4.3027	27	0	0.0031	0.0557	1	0	0.04	6	95.9106	76.3292	248.263	29.1398	1894.1409	3585.7603
88_8_FITC.tif	8359f95a-a8ad-4e6b-a390-0620cec5d49b	Cell		Positive	Annotation	Polygon	438.41	1897.3	3.9347	13.3153	0.2789	6.5471	0.8135	NaN	14.5714	306	15.5646	50	0	50	61.4762	1291	21.7523	104	33	71	14.6667	308	15.6312	50	0	50	76.2082	48.1751	0.4126	23.0015	4.1417	NaN	0.927	4.9707	50	0	14.3081	15.3957	104	0	0.9351	4.9982	50	0	0.106	0.6043	7	0	11.4699	9.0444	42	0	0.1089	0.6202	7	0	0.0438	6	181.2369	197.5843	314.9337	29.1398	5386.2485	9610.7217
88_8_FITC.tif	e58118b4-fd8d-4be0-a54f-3b122267ad4b	Cell		Positive	Annotation	Polygon	502.38	1924.6	3.5205	9.712	0.469	4.5927	0.9378	NaN	16.7222	301	15.165	45	1	44	61.7222	1111	20.3782	97	34	63	16.6667	300	15.0724	45	1	44	70.4097	44.5506	0.4458	21.0091	4.3488	NaN	0.8974	5.0519	45	0	8.7654	14.544	97	0	0.8915	5.0284	45	0	0.0155	0.1665	2	0	5.8142	5.9935	31	0	0.0124	0.1359	2	0	0.0429	5	74.5744	86.5252	102.5545	24.7394	788.5596	1583.8881
88_8_FITC.tif	0b182cfd-be2f-4f43-9d79-2b6999b28bea	Cell		Positive	Annotation	Polygon	482.79	1939.6	5.7984	14.9088	0.3278	6.425	1.5717	NaN	17.4848	577	22.3622	83	0	83	72.8182	2403	34.4904	142	18	124	17.3939	574	22.3788	83	0	83	90.2901	50.5421	0.4442	24.0148	4.9701	NaN	1.3204	7.622	83	0	10.2929	21.5537	142	0	1.3135	7.611	83	0	0	0	0	0	5.1856	7.8657	51	0	0	0	0	0	0.0698	4	53.8178	43.7465	103.0388	24.7394	666.4506	1159.2358
88_8_FITC.tif	1dc24ae4-00cc-41a8-82f6-a088ff4b7240	Cell		Positive	Annotation	Polygon	658.72	1954.5	25.0576	29.2957	0.3669	13.5098	3.0741	NaN	1.7143	216	2.6438	12	0	12	93.4841	11779	11.9745	116	57	59	1.7222	217	2.6642	12	0	12	108.928	56.5907	0.4274	26.9287	5.8538	NaN	0.6887	1.8424	12	0	44.5283	34.7329	116	0	0.683	1.8337	12	0	0.3688	1.3624	9	0	29.2599	23.5806	95	0	0.3589	1.3301	9	0	0.2325	4	98.0787	106.2122	170.2699	9.6206	602.3765	1618.094
88_8_FITC.tif	e9f64803-cb1d-4d8c-b5cd-e3a9ae29b295	Cell		Positive	Annotation	Polygon	656.6	1969.2	16.567	25.2648	0.3262	12.289	1.9799	NaN	1.3647	116	2.2085	9	0	9	70.8941	6026	13.937	94	37	57	1.3647	116	2.2138	9	0	9	91.7397	57.0792	0.3538	27.3886	5.1537	NaN	0.3146	1.1468	9	0	29.364	25.5163	94	0	0.3146	1.1488	9	0	0.0667	0.4033	4	0	19.5583	15.9689	85	0	0.0667	0.4033	4	0	0.1812	4	93.5085	105.8748	152.664	9.6206	557.3002	1740.2518
88_8_FITC.tif	cb09d17d-9a88-44e0-8400-efa3b1f286a7	Cell		Positive	Annotation	Polygon	486.92	1979.8	6.4197	13.9968	0.4118	6.4569	1.3738	NaN	6.7895	258	8.3283	23	0	23	61.7105	2345	18.842	96	33	63	6.7368	256	8.317	23	0	23	92.7751	52.4579	0.4237	25.0013	4.9561	NaN	0.6882	3.0838	23	0	16.9042	18.1033	96	0	0.6748	3.0686	23	0	0.1241	0.6022	5	0	12.7616	11.0811	47	0	0.1144	0.5709	5	0	0.0722	5	79.6558	57.4697	167.0542	40.4785	1043.1198	3148.6157
88_8_FITC.tif	31f69658-b848-4a1f-ad65-44b17cc7511c	Cell		Positive	Annotation	Polygon	568.47	1994	6.2126	15.5084	0.3246	7.5581	1.0976	NaN	19.2647	655	18.7654	62	0	62	85.8824	2920	32.8751	141	21	120	19.1471	651	18.8054	62	0	62	87.598	50.4179	0.433	24.0087	4.6346	NaN	1.559	7.4088	62	0	12.4858	25.0206	141	0	1.5472	7.3942	62	0	0.0154	0.1596	2	0	6.0872	8.7843	53	0	0.0128	0.1335	2	0	0.0722	9	217.6681	143.9702	577.804	57.329	7627.8403	27974.498
88_8_FITC.tif	7a49851f-5403-4ea2-9439-5a4fd418eea2	Cell		Positive	Annotation	Polygon	520.2	2024.8	6.0055	12.6437	0.4721	5.9272	1.2643	NaN	34.2903	1063	35.0953	108	0	108	119.5161	3705	40.3352	186	52	134	34.3226	1064	35.2263	108	0	108	82.835	47.0731	0.4698	22.0314	4.9329	NaN	2.6584	13.2825	108	0	15.015	34.0215	186	0	2.6608	13.3145	108	0	0.0081	0.0898	1	0	6.2595	11.3191	64	0	0.0081	0.0898	1	0	0.0694	7	118.6333	101.5831	222.2076	31.4251	2994.0791	6429.8423
88_8_FITC.tif	a72f0448-5536-48d0-bb39-0e9694123254	Cell		Positive	Annotation	Polygon	488.82	2026.3	4.9701	11.5783	0.4659	5.5259	0.9858	NaN	17.7083	425	19.3019	64	0	64	71.7917	1723	27.0394	123	32	91	17.7083	425	19.3019	64	0	64	75.794	46.3462	0.4434	22.0029	4.3488	NaN	1.1826	6.5271	64	0	11.5967	19.379	123	0	1.1798	6.527	64	0	0.0262	0.1774	2	0	7.3848	8.9813	43	0	0.0233	0.1511	1	0	0.0522	5	87.884	102.5545	136.1654	31.4251	1583.6732	2770.5437
88_8_FITC.tif	4da55073-20f5-4298-829c-e53f63d3911a	Cell		Positive	Annotation	Polygon	370.73	2072.8	5.3843	10.552	0.6077	4.6226	1.4395	NaN	17.1786	481	16.9772	51	0	51	73.2857	2052	27.0334	118	28	90	17.1071	479	16.9713	51	0	51	80.7641	45.088	0.4992	21.0252	4.9669	NaN	1.2532	6.2973	51	0	8.5371	20.6942	118	0	1.2455	6.2836	51	0	0.0248	0.3099	5	0	3.5427	7.5882	44	0	0.022	0.3057	5	0	0.0638	5	215.5838	188.4527	382.1173	136.7067	12473.7744	28246.082
88_8_FITC.tif	aa89f181-5d9b-48f2-b990-5d6cbfece260	Cell		Positive	Annotation	Polygon	575.93	2094.7	8.0764	16.7047	0.3637	8.1259	1.3127	NaN	32.093	1380	29.3435	99	0	99	137.2791	5903	41.3304	205	65	140	32	1376	29.316	99	0	99	90.2901	51.979	0.4199	25.0019	4.763	NaN	3.4247	13.2662	99	0	22.4543	42.5314	205	0	3.4132	13.2375	99	0	0.3038	1.9883	22	0	9.9544	15.1216	75	0	0.3013	1.961	22	0	0.085	7	168.8675	164.5653	308.5616	16.6403	3738.2966	6429.8423
88_8_FITC.tif	fa9779f2-e63f-472e-9e6f-e6e69ed59668	Cell		Positive	Annotation	Polygon	650.55	2101.7	6.0055	14.2817	0.37	6.9052	1.217	NaN	27.25	872	28.1872	86	0	86	101.0312	3233	38.3729	166	31	135	27.2188	871	28.2726	87	0	87	85.1129	48.6244	0.4524	23.0161	4.7353	NaN	2.1408	10.6387	86	0	15.4782	28.6726	166	0	2.1359	10.6507	87	0	0.0263	0.1904	2	0	8.2737	10.0528	68	0	0.0237	0.1975	2	0	0.0677	4	131.0054	139.8439	226.2328	18.1011	183.8183	299.9136
88_8_FITC.tif	eedc22f9-712d-4510-8c3a-2d0b8b5101c5	Cell		Positive	Annotation	Polygon	589.48	2104.4	6.8339	14.3933	0.4145	6.674	1.2911	NaN	9.5455	315	10.5626	34	0	34	68.8788	2273	20.1661	106	40	66	9.5152	314	10.6686	34	0	34	85.1129	48.6786	0.4514	23.0155	4.7463	NaN	1.1065	4.3793	34	0	19.5981	19.7927	106	1	1.1041	4.3923	34	0	0.3737	2.1653	21	0	15.3184	12.7161	71	1	0.3737	2.1604	21	0	0.0706	5	129.4987	112.4648	219.4227	16.6403	3118.4087	5424.0229
88_8_FITC.tif	bccba95d-4924-4b48-b482-23f1212f8959	Cell		Positive	Annotation	Polygon	645.2	2118.7	3.3134	8.9913	0.515	4.2172	0.8944	NaN	19.5294	332	15.637	50	0	50	71.9412	1223	19.7436	106	40	66	19.2941	328	15.5514	50	0	50	69.9955	44.1538	0.4512	21.0039	4.3488	NaN	1.0207	5.4655	50	0	15.3728	15.1698	106	2	1.0089	5.4132	50	0	0.0405	0.265	3	0	12.3769	6.6223	41	2	0.0405	0.2529	3	0	0.0348	5	133.7509	152.664	227.0426	18.1011	1196.366	2664.0005
88_8_FITC.tif	5a6136b3-d957-4f36-a9d5-71821e6fc70e	Cell		Positive	Annotation	Polygon	449.8	2143.1	5.1772	12.3669	0.4254	5.2918	1.4381	NaN	14.5556	393	15.8947	57	0	57	56.2222	1518	25.247	109	14	95	14.5556	393	15.8947	57	0	57	82.6279	46.7004	0.4761	22.0101	4.961	NaN	0.9825	5.4618	57	0	5.39	15.9321	109	0	0.9825	5.4618	57	0	0	0	0	0	1.7105	5.1564	37	0	0	0	0	0	0.0572	8	138.2359	116.0317	248.263	45.4179	2924.6843	7714.7876
88_8_FITC.tif	35062491-760c-4f60-9977-02f2b1eae838	Cell		Positive	Annotation	Polygon	490.77	2162.5	3.9347	9.9159	0.5029	4.7493	1.0058	NaN	14.9	298	15.6235	52	0	52	53.8	1076	22.7217	99	24	75	15	300	15.7112	52	0	52	72.6877	44.3724	0.4639	21.0064	4.5202	NaN	0.8466	5.0144	52	0	4.321	13.8295	99	0	0.8523	5.0452	52	0	0	0	0	0	1.3404	4.0423	26	0	0	0	0	0	0.0452	5	95.683	87.2487	140.8938	45.4179	2282.3098	2787.0374
88_8_FITC.tif	2c7b7480-ea91-437c-9f1a-274aa81ea71a	Cell		Positive	Annotation	Polygon	623.17	2177.6	4.3488	11.516	0.4121	5.3981	1.2072	NaN	12.4615	324	13.8628	43	0	43	68.0769	1770	21.5776	109	37	72	12.3462	321	13.8851	43	0	43	80.3499	46.6824	0.4633	22.0075	4.763	NaN	0.8846	4.6964	43	0	20.2462	15.7105	109	1	0.8718	4.6815	43	0	0.0577	0.3393	3	0	16.8297	7.5408	51	1	0.0522	0.3236	3	0	0.0515	4	144.0562	113.6595	286.1786	62.7272	3069.7148	5424.0229
88_8_FITC.tif	c290eccb-d818-4a09-bee3-aa02ea8b7ad2	Cell		Positive	Annotation	Polygon	390.08	2208.1	5.7984	12.3888	0.4748	5.8328	1.3114	NaN	6.871	213	7.1589	23	0	23	56.5484	1753	19.1935	90	27	63	6.9032	214	7.1571	23	0	23	82.2137	46.6915	0.4739	22.0159	4.7573	NaN	0.8216	3.2504	23	0	9.2085	18.656	90	0	0.8241	3.2548	23	0	0.3106	1.9743	19	0	5.2098	11.8944	81	0	0.3106	1.9743	19	0	0.0666	7	146.166	136.7067	314.9337	61.8228	3367.4285	7714.7876
88_8_FITC.tif	8de6f790-9cca-46bb-a143-89d2163cb529	Cell		Positive	Annotation	Polygon	455.13	2221.3	3.9347	9.9701	0.4974	4.6809	1.2241	NaN	19.1364	421	19.3742	59	0	59	63.8636	1405	27.3135	112	29	83	18.9091	416	19.4297	59	0	59	74.3444	44.564	0.4704	21.0076	4.5559	NaN	1.1694	6.5595	59	0	5.2639	16.9469	112	0	1.1556	6.5311	59	0	0	0	0	0	1.4497	4.549	36	0	0	0	0	0	0.0484	5	121.6601	68.6892	361.4939	36.1225	3761.394	10215.9043
88_8_FITC.tif	5f952957-ae90-42bf-a930-f0bdc9e8bc42	Cell		Positive	Annotation	Polygon	513.32	2246.9	14.289	19.2854	0.4828	8.4533	2.1819	NaN	33.6197	2387	42.439	156	0	156	164.507	11680	50.4941	238	70	168	33.5493	2382	42.4391	156	0	156	109.7563	53.7855	0.4768	25.033	5.5914	NaN	4.5226	19.1873	156	0	33.1635	56.9519	238	0	4.5132	19.1731	156	0	0.0412	0.31	3	0	12.9349	16.8345	118	0	0.0412	0.31	3	0	0.1277	7	188.4237	164.5653	337.1905	63.56	5574.3828	10215.9043
88_8_FITC.tif	aef6d950-9c70-436d-9abf-9771d9a1308b	Cell		Positive	Annotation	Polygon	434.81	2250.7	6.6268	13.7118	0.4429	6.0192	1.488	NaN	14.6944	529	16.3267	52	0	52	99.75	3591	26.8385	147	49	98	14.6944	529	16.4	52	0	52	88.8405	47.799	0.4886	22.0525	4.9701	NaN	1.3442	6.1903	52	0	35.5837	23.4	147	6	1.3488	6.2051	52	0	0.1244	0.5216	4	0	29.7208	11.043	69	6	0.1294	0.5203	4	0	0.0725	6	137.473	120.0523	333.6755	36.1225	3295.873	7110.5356
88_8_FITC.tif	a2ecbd15-ca78-4a7a-a5b0-f639fa610122	Cell		Positive	Annotation	Polygon	376.29	2295.4	3.5205	9.5183	0.4883	4.5575	0.937	NaN	16	288	16.3887	45	0	45	51.6111	929	22.4057	89	26	63	16	288	16.3887	45	0	45	70.4097	44.3566	0.4497	21.0014	4.3484	NaN	0.8446	5.1251	45	0	3.6334	12.7394	89	0	0.8446	5.1251	45	0	0	0	0	0	0.9598	3.0023	20	0	0	0	0	0	0.0396	7	164.7091	174.4301	274.4911	79.9856	8475.7637	23426.3398
88_8_FITC.tif	06db700d-2b0f-42e6-9de9-4b834fd2c9ec	Cell		Positive	Annotation	Polygon	605.19	2323.1	6.0055	12.813	0.4597	6.0165	1.1699	NaN	22.871	709	20.8387	63	0	63	95.3548	2956	29.1851	144	54	90	22.871	709	20.797	63	0	63	82.6279	47.1052	0.4679	22.0335	4.7552	NaN	1.775	8.3746	63	0	16.1625	25.8971	144	0	1.775	8.3669	63	0	0.0027	0.0521	1	0	9.5095	9.2213	57	0	0.0027	0.0521	1	0	0.0667	9	160.3491	146.7332	230.4268	86.191	1440.4265	4839.6514
88_8_FITC.tif	d1e39872-4791-4cb6-9cff-885938a91798	Cell		Positive	Annotation	Polygon	547.41	2364.6	10.3544	20.253	0.3172	9.8364	1.3926	NaN	23.6346	1229	21.813	70	0	70	119.25	6201	37.2879	183	49	134	23.6923	1232	21.7603	70	0	70	99.1949	56.0537	0.3967	27.0089	4.9701	NaN	2.6042	10.2335	70	0	20.4854	38.7283	183	0	2.6083	10.2345	70	0	0.0491	0.4934	7	0	8.486	13.5741	82	0	0.0467	0.4817	7	0	0.1022	6	159.5367	164.8068	271.4004	46.4137	3726.0891	6282.4946
88_8_FITC.tif	7c31576c-6fa2-4f3a-98cc-18edfe9707e5	Cell		Positive	Annotation	Polygon	394.37	2371.3	2.6921	7.9561	0.5344	3.8132	0.78	NaN	17.3077	225	15.0852	46	1	45	55.7692	725	21.1745	91	26	65	17.2308	224	15.1721	46	1	45	38.7253	38.4606	0.329	18.6088	2.7613	NaN	1.1842	5.8003	46	0	4.9632	15.4514	91	0	1.1789	5.8	46	0	0	0	0	0	1.2316	4.5984	30	0	0	0	0	0	0.0525	4	76.9383	69.7664	164.9615	3.259	614.5292	1348.837
88_8_FITC.tif	07dc2edf-dc93-4aab-91b6-1a6f2aa0ec45	Cell		Positive	Annotation	Polygon	396.64	2377.4	7.041	13.5001	0.4855	6.0296	1.2425	NaN	17.3611	625	9.4722	35	0	35	72.2222	2600	9.92	92	53	39	17.3056	623	9.4319	35	0	35	62.1262	46.4185	0.3623	22.0395	3.9669	NaN	2.0764	6.5047	35	0	9.505	23.5602	92	0	2.0698	6.4822	35	0	0	0	0	0	0.9849	2.9128	16	0	0	0	0	0	0.0952	5	77.8247	56.8222	168.0215	3.259	1153.7628	3619.2134
88_8_FITC.tif	7bbd9edd-6dde-4a34-a178-dd24be77734a	Cell		Positive	Annotation	Polygon	410.96	2401.6	21.33	39.6923	0.1701	18.3393	2.1206	NaN	7.0811	786	9.8941	38	0	38	79.5405	8829	26.3186	139	27	112	7.0631	784	9.8906	38	0	38	159.6644	72.7119	0.3795	35.0913	6.1288	NaN	1.0934	4.4958	38	0	27.0687	28.2721	139	0	1.0934	4.4912	38	0	0.0864	0.4708	5	0	18.2439	16.6305	87	0	0.0894	0.4767	5	0	0.1401	4	103.6059	96.4761	191.4191	30.0523	3124.1238	7110.5356
88_8_FITC.tif	654785eb-1c1b-47d5-8914-61770a017175	Cell		Positive	Annotation	Polygon	572.66	2400.4	8.4906	17.631	0.3432	8.5434	1.3684	NaN	11.1136	489	9.4481	32	0	32	127.6364	5616	17.6794	152	92	60	11.0227	485	9.3423	31	0	31	59.4341	42.6841	0.4099	20.0732	4.0536	NaN	1.8034	5.4104	32	0	39.7241	47.1563	152	1	1.7828	5.3576	31	0	0.1382	0.7151	8	0	24	30.5283	137	1	0.1301	0.6816	8	0	0.1382	6	85.2398	48.9943	308.5616	4.5468	1619.2831	4839.6514
88_8_FITC.tif	2df48109-4492-43d2-b211-eb0b208b2be5	Cell		Positive	Annotation	Polygon	575.73	2403.8	7.041	14.5434	0.4183	6.8061	1.5666	NaN	4.1026	160	4.5756	18	0	18	127.3846	4968	20.8637	157	95	62	4.1282	161	4.5548	18	0	18	32.0985	31.3797	0.4096	14.9187	3.2369	NaN	1.1709	2.9284	18	0	63.7785	53.1807	158	7	1.1772	2.927	18	0	0.2101	0.9467	7	0	42.9328	42.981	158	7	0.2101	0.9467	7	0	0.219	4	27.5059	8.178	89.121	4.5468	90.1282	182.5527
88_8_FITC.tif	dcad2ac0-4148-4b83-8dcc-9dd9114db191	Cell		Positive	Annotation	Polygon	574.51	2421.4	38.1041	41.6967	0.2754	17.4928	3.6692	NaN	2.629	489	3.3863	14	0	14	165.5806	30798	29.3977	207	90	117	2.5806	480	3.3846	14	0	14	119.0752	56.712	0.4652	26.5174	6.3549	NaN	0.948	2.3035	14	0	93.7712	62.5678	207	0	0.9376	2.2927	14	0	0.1483	0.6393	5	0	59.6113	41.7447	173	0	0.156	0.6553	5	0	0.3146	4	16.7351	12.1287	37.532	5.1512	28.8956	51.6013
88_8_FITC.tif	9f9385f7-ffe7-40a2-aff5-cd245e83a363	Cell		Positive	Annotation	Polygon	578.38	2413.1	11.3898	16.9156	0.5002	7.805	1.8122	NaN	5.193	296	5.6043	19	0	19	132.0175	7525	19.7434	162	89	73	5.1404	293	5.6202	19	0	19	61.0908	46.062	0.3618	22.4176	4.023	NaN	1.6633	3.6365	19	0	72.4343	43.7944	162	2	1.6465	3.6055	19	0	0.825	2.3112	15	0	58.2833	35.1604	139	2	0.8167	2.2574	14	0	0.1815	5	39.4395	41.9781	93.9296	5.1512	170.3117	561.8888
88_8_FITC.tif	846a0ad4-d241-4687-ae73-a5812fcbb155	Cell		Positive	Annotation	Polygon	384.18	2431.7	6.0055	12.699	0.468	5.9451	1.4745	NaN	14.4242	476	14.1643	48	0	48	71.7576	2368	26.6341	119	25	94	14.4545	477	14.1047	48	0	48	85.1129	48.2372	0.4597	23.0024	4.9701	NaN	1.1602	5.5661	48	0	11.0413	20.7737	119	0	1.1626	5.5601	48	0	0.0053	0.0725	1	0	5.7546	7.7015	46	0	0.0053	0.0725	1	0	0.0721	6	85.6654	58.1847	176.5833	39.8397	1634.325	3381.6697
88_8_FITC.tif	fd90de94-ce7c-4738-aef0-2dc5b49af962	Cell		Positive	Annotation	Polygon	573.18	2452.4	5.3843	11.5879	0.5039	5.5253	1.3278	NaN	1.7857	50	2.1834	6	0	6	50.9286	1426	8.4762	63	32	31	1.8571	52	2.1725	6	0	6	55.7065	39.2267	0.4549	18.4779	4.3936	NaN	0.6125	1.824	12	0	16.4649	19.6404	64	0	0.6236	1.8172	12	0	0.4774	1.7328	12	0	12.4938	16.4043	64	0	0.4815	1.7209	12	0	0.0855	6	60.825	46.7765	131.8061	8.1239	756.7933	3509.793
88_8_FITC.tif	b359541e-5aca-4c9d-8494-ca961b74b434	Cell		Positive	Annotation	Polygon	575.11	2464.8	9.9402	16.4155	0.4636	7.6342	2.0382	NaN	2.0192	105	3.1838	13	0	13	50.7692	2640	10.7496	70	22	48	2.0385	106	3.1496	13	0	13	76.6223	45.7303	0.4604	21.6272	5.3934	NaN	0.3978	1.4695	13	0	18.7903	18.7497	70	0	0.4032	1.4772	13	0	0.1344	0.6265	6	0	13.5938	14.0212	54	0	0.1375	0.6671	7	0	0.1278	4	81.3784	87.2625	142.8647	8.1239	282.9567	561.8888
88_8_FITC.tif	6a04b04e-c759-45bc-b47c-59d0723e2d2a	Cell		Positive	Annotation	Polygon	364.44	2471.6	5.1772	10.5454	0.585	4.8599	1.4739	NaN	22.3214	625	20.3616	61	0	61	75.6071	2117	29.33	124	33	91	22.3214	625	20.4596	61	0	61	80.7641	44.9607	0.5021	21.019	4.9701	NaN	1.5985	7.8685	61	0	6.8542	21.1832	124	0	1.5985	7.886	61	0	0	0	0	0	1.551	5.045	44	0	0	0	0	0	0.0584	7	190.4696	186.1894	293.0496	44.6199	11246.9365	31663.4805
88_8_FITC.tif	081a71e0-4b26-4713-866c-34222df0674f	Cell		Positive	Annotation	Polygon	511.35	2567	9.9402	18.2607	0.3746	8.8542	1.5038	NaN	27.98	1399	23.3452	79	0	79	129.32	6466	38.0496	192	62	130	27.9	1395	23.3939	79	0	79	84.0775	45.3606	0.5135	21.0127	5.1251	NaN	3.4373	12.2615	79	0	24.3563	44.1727	192	0	3.4275	12.253	79	0	0	0	0	0	9.6555	16.1832	94	0	0	0	0	0	0.114	6	113.0672	54.9106	321.6314	16.4204	2242.9683	5593.7349
88_8_FITC.tif	3cdac4e5-4be1-482c-ba40-3f98c0a36733	Cell		Positive	Annotation	Polygon	531.97	2580	6.6268	16.8576	0.293	8.2281	1.0655	NaN	11.4706	390	12.6736	43	0	43	60.2059	2047	24.2896	107	17	90	11.4118	388	12.5532	43	0	43	87.3909	52.4594	0.3991	25.0061	4.5381	NaN	0.922	4.7232	43	0	7.4752	17.9839	107	0	0.9173	4.6874	43	0	0	0	0	0	2.8663	6.0524	40	0	0	0	0	0	0.069	6	97.2364	96.224	215.8579	19.8277	1252.2834	3509.793
88_8_FITC.tif	6704a4a8-7546-4b62-aa87-ddf7e8257af3	Cell		Positive	Annotation	Polygon	476.88	2582	4.5559	11.8923	0.4048	5.7476	1.0035	NaN	20.3913	469	21.794	68	0	68	69.2174	1592	29.1235	122	26	96	20.3913	469	21.7856	68	0	68	76.6223	46.4232	0.4468	22.0084	4.5196	NaN	1.2676	7.2543	68	0	6.3838	18.5014	122	0	1.2676	7.2528	68	0	0	0	0	0	2.219	5.5935	38	0	0	0	0	0	0.0526	8	207.2952	184.0012	361.4939	37.1507	4586.4365	10215.9043
88_8_FITC.tif	54a39da8-cd41-4dbd-a2b1-35adb1c81ddf	Cell		Positive	Annotation	Polygon	512.94	2585.7	15.9457	20.9107	0.4583	7.9091	2.6946	NaN	2.3038	182	3.2437	14	0	14	72.5696	5733	13.0253	96	42	54	2.2152	175	3.2012	14	0	14	105.4075	50.6264	0.5168	23.3484	6.2126	NaN	0.5068	1.6208	14	0	33.1096	26.4327	96	0	0.4873	1.5877	14	0	0.1782	0.71	6	0	25.8935	21.4115	74	0	0.1713	0.6936	6	0	0.1449	3	30.9995	19.8277	56.7505	16.4204	265.128	505.8967
88_8_FITC.tif	e54c6ba3-919f-4689-a8ac-21604471cb48	Cell		Positive	Annotation	Polygon	501.51	2640.4	5.3843	10.5627	0.6064	4.873	1.3146	NaN	40.037	1081	37.5269	115	0	115	116.963	3158	41.082	181	53	128	39.963	1079	37.533	115	0	115	78.4861	44.9584	0.488	21.017	4.763	NaN	2.8974	14.2365	115	0	12.5789	32.3574	181	0	2.8921	14.2246	115	0	0.0567	0.5561	8	0	4.5949	10.1462	61	0	0.0567	0.5762	8	0	0.0557	6	137.2853	70.2413	345.762	56.7505	6032.2891	31663.4805
