Image	Object ID	Object type	Name	Classification	Parent	ROI	Centroid X µm	Centroid Y µm	Nucleus: Area	Nucleus: Perimeter	Nucleus: Circularity	Nucleus: Max caliper	Nucleus: Min caliper	Nucleus: Eccentricity	Nucleus: Red mean	Nucleus: Red sum	Nucleus: Red std dev	Nucleus: Red max	Nucleus: Red min	Nucleus: Red range	Nucleus: Green mean	Nucleus: Green sum	Nucleus: Green std dev	Nucleus: Green max	Nucleus: Green min	Nucleus: Green range	Nucleus: Blue mean	Nucleus: Blue sum	Nucleus: Blue std dev	Nucleus: Blue max	Nucleus: Blue min	Nucleus: Blue range	Cell: Area	Cell: Perimeter	Cell: Circularity	Cell: Max caliper	Cell: Min caliper	Cell: Eccentricity	Cell: Red mean	Cell: Red std dev	Cell: Red max	Cell: Red min	Cell: Green mean	Cell: Green std dev	Cell: Green max	Cell: Green min	Cell: Blue mean	Cell: Blue std dev	Cell: Blue max	Cell: Blue min	Cytoplasm: Red mean	Cytoplasm: Red std dev	Cytoplasm: Red max	Cytoplasm: Red min	Cytoplasm: Green mean	Cytoplasm: Green std dev	Cytoplasm: Green max	Cytoplasm: Green min	Cytoplasm: Blue mean	Cytoplasm: Blue std dev	Cytoplasm: Blue max	Cytoplasm: Blue min	Nucleus/Cell area ratio	Delaunay: Num neighbors	Delaunay: Mean distance	Delaunay: Median distance	Delaunay: Max distance	Delaunay: Min distance	Delaunay: Mean triangle area	Delaunay: Max triangle area
89_3_FITC.tif	2683092e-34c5-4904-8ce7-8aed356c4c69	Cell		Positive	Annotation	Polygon	184.65	773.77	3.9347	10.1726	0.4778	4.7043	1.0749	NaN	2.7727	61	3.6112	11	0	11	62.9545	1385	7.4991	78	48	30	2.7273	60	3.4803	11	0	11	75.5869	44.9031	0.4711	21.0185	4.5559	NaN	0.5233	1.8028	14	0	22.4767	18.8481	78	0	0.5342	1.7858	14	0	0.379	1.5206	14	0	19.8805	16.2016	72	0	0.3936	1.5236	14	0	0.0493	8	129.0816	125.4665	305.958	8.8836	2602.375	22428.6934
89_3_FITC.tif	8bdcbad2-8be7-4e4d-9f22-e144ca318129	Cell		Positive	Annotation	Polygon	176.29	781.92	14.7032	26.2399	0.2683	11.5486	2.4143	NaN	2.8947	220	2.6762	10	0	10	75.9211	5770	17.6414	107	41	66	2.8816	219	2.633	10	0	10	79.3145	55.9794	0.3181	26.8336	4.691	NaN	0.5699	1.6504	10	0	22.1166	33.3055	107	0	0.5674	1.6331	10	0	0	0	0	0	8.9258	20.4931	104	0	0	0	0	0	0.1831	8	80.2828	25.7384	205.7365	3.532	800.5733	5157.5527
89_3_FITC.tif	9ceba3eb-9f35-4d03-8be6-52a8a3e03af1	Cell		Positive	Annotation	Polygon	179.87	777.21	2.0709	7.7976	0.428	3.6714	0.7344	NaN	0.5833	7	1.2401	4	0	4	64.1667	770	2.8231	69	60	9	0.5	6	1	3	0	3	21.7442	26.4176	0.3915	12.6746	2.3146	NaN	0.945	3.0424	17	0	30.2752	25.2912	72	0	0.9174	2.988	17	0	0.9897	3.1967	17	0	26.0825	23.6082	72	0	0.9691	3.1473	17	0	0.0752	4	8.3775	8.2249	13.5282	3.532	13.5297	34.0358
89_3_FITC.tif	0f3fc801-bec0-4cbb-8f77-d51c2b7c27b6	Cell		Positive	Annotation	Polygon	179.19	788.76	16.7741	19.9711	0.5285	8.0604	3.0995	NaN	7.1744	617	7.2033	24	0	24	132.3605	11383	32.7841	185	55	130	7.1744	617	7.2423	25	0	25	52.6002	50.0129	0.2643	21.6467	5.3098	NaN	2.4667	5.3659	24	0	67.0627	57.435	185	0	2.4745	5.3806	25	0	0.071	0.402	3	0	33.8343	33.9158	134	0	0.0828	0.4143	3	0	0.3229	3	6.3131	6.0549	7.5662	5.3181	5.6459	8.4386
89_3_FITC.tif	6e79c1f1-ae04-41b5-b267-d6668f85940d	Cell		Positive	Annotation	Polygon	179.3	798.46	7.2481	15.493	0.3795	7.3389	1.5397	NaN	2.975	119	4.3352	17	0	17	87.15	3486	19.6685	116	46	70	3	120	4.3442	17	0	17	49.701	33.6769	0.5507	15.1514	3.9205	NaN	0.5021	2.0638	17	0	29.535	31.3033	116	1	0.5021	2.0718	17	0	0.0148	0.1566	2	0	18.1823	17.6748	111	1	0.0099	0.1404	2	0	0.1464	5	16.0845	13.5282	28.0734	6.0549	30.4302	57.7885
89_3_FITC.tif	38d10485-1ad0-4482-b7cf-170303d39f35	Cell		Positive	Annotation	Polygon	177.17	822.97	43.2813	51.4277	0.2056	24.6191	2.8461	NaN	3.4393	736	4.0691	20	0	20	121.4953	26000	29.6606	163	48	115	3.4112	730	4.0973	20	0	20	200.4606	85.708	0.3429	41.0392	6.2126	NaN	0.875	2.478	20	0	48.5961	45.8303	163	0	0.8657	2.4761	20	0	0.1472	0.8961	10	0	27.9058	22.5728	108	0	0.1432	0.872	10	0	0.2205	6	91.032	92.1384	152.7164	28.0734	362.6451	1193.9749
89_3_FITC.tif	fca158f3-a487-4859-8465-f45c919613c1	Cell		Positive	Annotation	Polygon	85.14	949.99	57.5703	63.534	0.1792	23.7107	3.6084	NaN	5.8185	1635	9.5875	45	0	45	134.5302	37803	46.7741	225	53	172	5.8007	1630	9.584	45	0	45	210.4008	76.9724	0.4463	35.8504	7.1046	NaN	1.6415	5.6659	45	0	51.7721	60.9346	225	0	1.6415	5.6616	45	0	0.0488	0.4334	7	0	20.2185	26.2004	156	0	0.0556	0.4731	8	0	0.272	5	288.0167	54.4591	1122.8877	27.5579	1814.3051	5157.5527
89_3_FITC.tif	9dbf3dfe-7ad8-459c-aef4-ec869726d673	Cell		Positive	Annotation	Polygon	157.05	956.03	17.6024	31.6855	0.2203	15.504	1.7229	NaN	2.7303	243	3.5187	13	0	13	67.1348	5975	16.8356	99	33	66	2.6292	234	3.4588	13	0	13	131.9147	68.1379	0.357	33.0004	5.3749	NaN	0.5721	1.8986	13	0	22.8668	23.8545	99	0	0.5517	1.8566	13	0	0.2222	1.1501	13	0	15.6903	15.6868	65	0	0.2149	1.1275	13	0	0.1314	6	75.6211	43.5196	173.7138	18.6589	829.0433	2154.8457
89_3_FITC.tif	7f3cdf8f-d495-40af-8009-be24c67a2602	Cell		Positive	Annotation	Polygon	173.36	963.09	6.8339	13.6719	0.4594	6.5126	1.4051	NaN	15.7714	552	17.2662	54	0	54	78.7429	2756	28.3843	131	40	91	15.7429	551	17.1522	53	0	53	66.268	45.4777	0.4026	21.8949	4.5102	NaN	1.743	7.4541	54	0	13.9257	25.7	131	0	1.7368	7.4197	53	0	0.0382	0.3264	4	0	6.0486	8.425	45	0	0.0347	0.2871	3	0	0.0965	5	44.627	21.0026	142.0202	10.8829	320.1475	1193.9749
89_3_FITC.tif	448d9ea8-915b-49a6-a9b5-9884f87e5799	Cell		Positive	Annotation	Polygon	175.64	973.73	16.9812	29.8686	0.2392	14.5129	1.5493	NaN	7.4217	616	9.0218	38	0	38	86.9157	7214	21.4016	127	33	94	7.3976	614	9.031	38	0	38	75.3798	52.5983	0.3424	25.5435	4.2395	NaN	1.6932	5.294	38	0	29.189	36.6923	127	0	1.6849	5.2922	38	0	0.0071	0.0841	1	0	12.1986	18.3395	94	0	0.0035	0.0595	1	0	0.217	4	93.8467	81.7997	201.6382	10.1492	198.529	530.9197
89_3_FITC.tif	b96a415c-b9f1-40ca-8f43-7a5c1530d0c1	Cell		Positive	Annotation	Polygon	87.19	977.09	13.0465	33.183	0.1489	16.4288	1.1086	NaN	11.5303	761	9.9865	35	0	35	87.1667	5753	21.1373	127	39	88	11.5303	761	9.9216	35	0	35	78.0719	46.9328	0.4454	21.6685	4.6595	NaN	2.0317	6.0276	35	0	32.2137	31.4346	127	0	2.029	6.0094	35	0	0.0288	0.3614	6	0	20.6262	18.1817	77	0	0.0256	0.3481	6	0	0.1568	3	28.7009	27.5579	42.0795	16.4655	307.8571	569.4879
89_3_FITC.tif	8208bfeb-aeeb-4915-be3d-56ac20c53233	Cell		Positive	Annotation	Polygon	128.56	980.8	16.567	24.6767	0.3419	11.7174	2.1516	NaN	2.2169	184	2.6598	13	0	13	79.7831	6622	23.3646	118	32	86	2.2048	183	2.64	13	0	13	82.6279	54.1	0.3548	26.2008	4.8481	NaN	0.4652	1.5031	13	0	22.7985	34.3895	118	0	0.4602	1.493	13	0	0.0094	0.125	2	0	7.9718	16.8068	111	0	0.0063	0.112	2	0	0.1982	6	65.3171	42.5345	205.7365	7.3057	1346.7733	5157.5527
89_3_FITC.tif	622a2d19-8527-41b4-b98c-7cb7384d1448	Cell		Positive	Annotation	Polygon	176.67	984.6	8.2835	14.9097	0.4683	6.9727	1.5125	NaN	5.5814	240	7.0752	24	0	24	88.8372	3820	20.6777	123	47	76	5.5814	240	7.0076	23	0	23	34.9978	31.7578	0.4361	13.7241	4.4143	NaN	1.3931	4.2504	24	0	36.5838	36.0218	123	0	1.3931	4.2229	23	0	0.0077	0.0877	1	0	19.3	19.4859	77	0	0.0077	0.0877	1	0	0.2352	4	63.1225	15.5759	211.7319	9.6062	44.0799	109.5419
89_3_FITC.tif	cb73090f-380f-4d54-85fc-2e6cc28f044d	Cell		Positive	Annotation	Polygon	131.11	992.92	20.9158	27.9891	0.3355	12.7488	2.5178	NaN	2.6887	285	3.5223	15	0	15	100.1698	10618	24.0406	141	45	96	2.6698	283	3.5071	15	0	15	97.5382	58.0904	0.3632	27.8892	5.4772	NaN	0.6469	2.0127	15	0	37.6131	39.0061	141	0	0.6427	2.0046	15	0	0.0572	0.3298	3	0	19.545	18.3193	116	0	0.0572	0.3459	3	0	0.2152	6	417.4741	44.7562	1274.8186	7.3057	22009.5938	78766.8125
89_3_FITC.tif	bf29bbfc-36c9-4e0e-9730-4b9637eb29d0	Cell		Positive	Annotation	Polygon	87.35	997.21	20.9158	28.4969	0.3237	13.0122	2.787	NaN	8.875	923	7.3639	27	0	27	112.4231	11692	32.0511	165	43	122	8.7981	915	7.3397	28	0	28	118.2469	57.0895	0.4559	24.0205	6.351	NaN	1.8537	4.8286	27	0	41.507	42.8928	165	0	1.838	4.7993	28	0	0.3	1.7959	16	0	25.8149	25.6944	130	0	0.2979	1.7862	16	0	0.1727	6	384.7546	43.614	1082.7493	16.4655	3985.3213	23138.2871
89_3_FITC.tif	447e4ded-87a1-474d-b7c6-f4b32d6ad552	Cell		Positive	Annotation	Polygon	176.41	997.92	12.0111	20.4316	0.3616	9.643	1.6705	NaN	3.3333	210	4.5579	17	0	17	59.6667	3759	14.9774	88	29	59	3.3016	208	4.4816	17	0	17	79.3145	43.3486	0.5304	19.0833	5.2799	NaN	0.5938	2.2218	17	0	18.4167	22.7709	88	0	0.5859	2.1878	17	0	0.0561	0.34	3	0	10.3209	13.2813	60	0	0.053	0.3167	3	0	0.1499	9	408.866	221.327	1269.9718	9.6062	40598.6992	132693.875
89_3_FITC.tif	6c3765d9-96a2-41a4-8d26-5999ea4964c4	Cell		Positive	Annotation	Polygon	396.02	552.74	47.6301	54.0665	0.2048	21.622	4.05	NaN	3.7489	881	5.4835	29	0	29	145.5234	34198	41.5348	210	59	151	3.6766	864	5.4394	29	0	29	208.3299	79.532	0.4139	38.0073	7.6622	NaN	0.9613	3.1019	29	0	67.0258	51.8086	210	5	0.9424	3.066	29	0	0.1127	0.582	7	0	43.1308	22.9961	128	5	0.1101	0.5598	6	0	0.2288	6	368.0959	240.8683	943.1505	142.403	28907.3008	109349.2734
89_3_FITC.tif	a2772212-6869-4f14-8860-6f157f36107e	Cell		Positive	Annotation	Polygon	479.29	664.3	2.485	8.8466	0.399	4.2374	0.7152	NaN	1.4615	19	2.2955	7	0	7	68.9231	896	12.5131	87	48	39	1.4615	19	2.2955	7	0	7	25.4717	27.9903	0.4086	13.2452	2.4914	NaN	0.272	0.9191	7	0	31.056	19.0307	97	8	0.256	0.915	7	0	0.1339	0.4349	3	0	26.6607	14.1501	97	8	0.1161	0.419	3	0	0.0801	5	70.181	71.0783	142.403	6.4242	657.6068	1620.2587
89_3_FITC.tif	93309099-f6c6-46d9-ac8e-6184c47054c9	Cell		Positive	Annotation	Polygon	478.08	675.74	21.5371	29.3296	0.3146	13.579	2.7239	NaN	10.1389	1095	10.762	41	0	41	133.0926	14374	35.6907	192	61	131	10.1296	1094	10.7365	40	0	40	116.3831	70.9612	0.2904	30.0355	6.1835	NaN	2.0036	6.1702	41	0	44.4911	49.888	192	0	2.0018	6.1594	40	0	0.0683	0.508	8	0	23.4141	21.5522	119	0	0.0683	0.508	8	0	0.1839	3	61.5153	30.8536	147.2682	6.4242	426.0096	948.1775
89_3_FITC.tif	ee3bc8a9-de28-463d-a7b2-29b2099c2e88	Cell		Positive	Annotation	Polygon	483.16	705.08	7.6622	15.8511	0.3832	7.6955	1.2195	NaN	10.1842	387	11.6221	37	0	37	78.6579	2989	21.1574	118	46	72	10.2368	389	11.7022	38	0	38	89.2547	50.5856	0.4383	24.0166	4.7389	NaN	1.0647	4.5481	37	0	23.8199	21.2676	118	2	1.067	4.5773	38	0	0.1873	1.097	12	0	18.5443	11.6602	73	2	0.1848	1.1055	12	0	0.0753	5	214.0687	37.0893	792.5532	30.8536	7548.5938	39135.8984
89_3_FITC.tif	d8d7b3e7-d9cb-419f-b9f5-d81750c51dfc	Cell		Positive	Annotation	Polygon	490.3	738.38	6.4197	11.8847	0.5711	5.5328	1.407	NaN	1.75	56	2.0161	6	0	6	88.8438	2843	13.6503	109	68	41	1.8125	58	2.0547	6	0	6	82.0066	46.6353	0.4738	22.0166	4.763	NaN	0.4584	1.3186	10	0	51.3451	20.101	109	22	0.4635	1.3397	10	0	0.3452	1.1773	10	0	48.0575	17.0073	108	22	0.3452	1.1912	10	0	0.0684	7	307.4552	71.0783	759.9558	34.069	9682.1465	39362.3047
89_3_FITC.tif	62fe51aa-15a4-4a6e-801c-b364deb823de	Cell		Positive	Annotation	Polygon	537.12	742.14	13.0465	24.3263	0.277	9.5777	2.0214	NaN	1.1618	79	1.6627	6	0	6	65.8235	4476	12.5305	86	38	48	1.1471	78	1.6232	6	0	6	119.2823	55.9413	0.479	26.0171	5.6185	NaN	0.312	0.9946	8	0	33.7938	20.0707	86	0	0.312	0.9929	8	0	0.1984	0.8047	8	0	29.5147	16.7444	65	0	0.2004	0.8152	8	0	0.1148	3	53.7057	46.9044	93.91	20.3026	1019.6879	1620.2587
89_3_FITC.tif	5a4e8e62-a33a-4ec2-b5f0-e2ec39c3c123	Cell		Positive	Annotation	Polygon	545.46	760.11	13.2536	21.2843	0.3676	8.3527	2.3849	NaN	3.4848	230	4.0997	15	0	15	59.8333	3949	19.1356	95	20	75	3.4848	230	4.062	15	0	15	112.6555	53.5235	0.4942	25.0324	5.7984	NaN	0.4816	1.8725	15	0	18.0974	19.3211	95	0	0.4779	1.8626	15	0	0.0669	0.5297	7	0	12.3347	10.0381	58	0	0.0628	0.5263	7	0	0.1118	5	286.323	281.3193	538.7932	20.3026	11399.9385	26479.584
89_3_FITC.tif	def1bb44-8bd9-4756-b60a-b4de00e42a2d	Cell		Positive	Annotation	Polygon	657.61	1016.1	13.4607	31.1843	0.1739	15.3776	1.1767	NaN	6.2958	447	7.4573	24	0	24	77.5211	5504	25.7831	119	18	101	6.2958	447	7.4439	24	0	24	97.3311	63.527	0.3031	31.0117	4.6816	NaN	0.9767	3.6546	24	0	21.4894	29.6963	119	0	0.9767	3.6505	24	0	0.0349	0.2894	4	0	11.5686	16.3134	71	0	0.0349	0.2894	4	0	0.1369	6	163.4624	166.357	320.6559	11.6034	6253.7739	26479.584
89_3_FITC.tif	2962acd6-8157-49f0-8d46-a0271bddecfc	Cell		Positive	Annotation	Polygon	660.21	1028	13.4607	25.0309	0.27	12.1662	1.7528	NaN	1.8939	125	2.4123	11	0	11	73.3939	4844	11.3651	93	43	50	1.8333	121	2.331	11	0	11	57.1561	39.4788	0.4608	18.1118	4.515	NaN	0.5321	1.4439	11	0	35.1321	29.1599	93	0	0.5179	1.3988	11	0	0.1121	0.4509	3	0	23.3318	21.9279	73	0	0.1121	0.4509	3	0	0.2302	4	25.4719	25.2199	39.8444	11.6034	26.1236	48.2932
89_3_FITC.tif	2058ad37-19db-4564-ac82-1a1514db522a	Cell		Positive	Annotation	Polygon	660.1	1044.6	14.7032	25.9533	0.2743	12.4863	2.1152	NaN	3.52	264	4.0516	14	0	14	67.48	5061	22.324	100	18	82	3.44	258	3.9395	14	0	14	95.8815	51.0869	0.4617	23.5578	5.9006	NaN	0.7699	2.2554	14	0	23.3398	26.0913	100	0	0.7634	2.2089	14	0	0.241	1.0984	10	0	14.8513	16.4108	67	0	0.2487	1.1049	10	0	0.1579	5	79.9332	26.7884	298.2325	12.0177	745.7659	2482.8555
89_3_FITC.tif	19beb9f0-3005-453d-bf65-bbaa28ae0c68	Cell		Positive	Annotation	Polygon	668.91	1062	19.6733	36.4388	0.1862	17.4138	2.4594	NaN	3.604	364	4.1547	16	0	16	75.8416	7660	18.1426	101	27	74	3.5743	361	4.1602	16	0	16	81.5924	56.4697	0.3215	27.1066	4.8788	NaN	0.9338	2.6265	16	0	29.6387	35.6669	101	0	0.9262	2.621	16	0	0.0103	0.1756	3	0	13.6575	24.5632	88	0	0.0103	0.1756	3	0	0.2515	5	17.6817	12.9203	38.422	1.8135	31.2996	65.421
89_3_FITC.tif	7ea96799-d618-4d22-9366-33bd8b35e4f3	Cell		Positive	Annotation	Polygon	670.91	1066.2	5.1772	9.5381	0.7151	4.0325	1.5274	NaN	3.5385	92	5.7078	19	0	19	86.1923	2241	10.048	106	66	40	3.5385	92	5.7078	19	0	19	16.3599	23.9228	0.3592	11.5519	2.0279	NaN	1.6905	3.9999	19	0	50.1548	35.6453	106	0	1.6786	4.0035	19	0	0.8621	2.5986	11	0	34	30.7885	82	0	0.8448	2.601	11	0	0.2682	5	27.5062	37.3309	51.3946	1.8135	14.8603	25.1125
89_3_FITC.tif	f1d2932b-ddc7-4b88-a35f-66224d7e7869	Cell		Positive	Annotation	Polygon	671.93	1075.9	9.1118	17.3016	0.3825	8.0182	1.8911	NaN	3.0638	144	4.0882	13	0	13	68.766	3232	17.8121	95	23	72	3.0426	143	4.0538	13	0	13	48.6655	43.4759	0.3235	21.1125	3.795	NaN	0.6025	2.1724	13	0	20.8075	29.2596	95	0	0.5983	2.1552	13	0	0	0	0	0	9.0677	16.9075	77	0	0	0	0	0	0.185	5	18.3252	8.4642	40.3987	5.4185	27.8656	61.4617
89_3_FITC.tif	51751c1c-30a2-4d32-85e4-aaf625bb3fd0	Cell		Positive	Annotation	Polygon	667.66	1082.6	19.052	29.7698	0.2701	13.0629	2.9504	NaN	3.8485	381	5.0676	21	0	21	77.8586	7708	20.9299	118	25	93	3.8485	381	5.0717	21	0	21	99.4019	59.0337	0.3584	28.199	6.0278	NaN	1.0809	3.2803	21	0	27.2344	31.5253	118	0	1.0809	3.2822	21	0	0.3655	2.1126	20	0	14.1488	17.4116	78	0	0.3655	2.1138	20	0	0.1993	5	71.3738	36.0438	263.4297	5.4185	937.5179	2482.8555
89_3_FITC.tif	61b17a18-5e22-4b76-b317-3a52bef47ad7	Cell		Positive	Annotation	Polygon	675.68	1103.3	54.2569	46.8161	0.3111	21.9901	3.4282	NaN	1.8889	510	3.0196	19	0	19	93.2593	25180	19.726	128	41	87	1.8889	510	3.0122	19	0	19	178.9235	80.7101	0.3452	39.0022	6.8339	NaN	0.7578	2.0662	19	0	41.6863	39.9876	128	0	0.7589	2.0666	19	0	0.2462	1.1164	9	0	18.3618	19.9472	126	0	0.2479	1.1272	10	0	0.3089	5	264.9673	37.3309	688.5963	10.5902	278.8112	840.6369
89_3_FITC.tif	b29b0478-6377-400d-b354-fc052074cafe	Cell		Positive	Annotation	Polygon	673.04	1118	8.4906	14.4055	0.5142	6.7163	1.8626	NaN	10.5814	455	12.1992	45	0	45	97.5814	4196	27.3071	141	49	92	10.4884	451	12.1094	45	0	45	57.7774	43.0088	0.3925	20.5824	4.1186	NaN	1.6135	6.0634	45	0	23.5213	35.9141	141	0	1.5993	6.0153	45	0	0	0	0	0	10.1967	14.8999	64	0	0	0	0	0	0.1392	7	237.7329	231.4928	547.5611	10.5902	2845.3938	15747.4238
89_3_FITC.tif	b4ab7fe9-c138-4f58-be51-be81497925a3	Cell		Positive	Annotation	Polygon	558.9	1292.5	11.1827	19.6319	0.3646	8.6678	2.0934	NaN	5.15	309	5.8363	19	0	19	54.0333	3242	20.4467	87	17	70	5.1333	308	5.8381	19	0	19	110.5847	53.3701	0.4879	25.0077	5.7279	NaN	0.618	2.5427	19	0	10.1985	18.3321	87	0	0.6161	2.5399	19	0	0.0443	0.3188	4	0	4.6498	7.2079	38	0	0.0443	0.3188	4	0	0.1097	8	169.4309	47.6015	558.0262	17.1993	3450.3398	14483.2344
89_3_FITC.tif	a2cd6207-ed13-43ff-ba7f-081ae9251636	Cell		Positive	Annotation	Polygon	574.94	1298.3	6.6268	14.9789	0.3712	6.7142	1.3108	NaN	1.3243	49	1.2031	4	0	4	148.7297	5503	9.4623	161	128	33	1.2703	47	1.2168	4	0	4	89.4617	49.1981	0.4645	23.0194	4.9257	NaN	0.841	1.7736	11	0	104.924	34.056	161	10	0.8249	1.7792	11	0	0.796	1.8122	11	0	100.8413	32.6195	155	10	0.7834	1.8184	11	0	0.0743	8	133.876	45.4868	538.7932	17.1993	4434.0015	26479.584
89_3_FITC.tif	07ace647-4354-43ac-bf70-b67e9f59c376	Cell		Positive	Annotation	Polygon	591.12	1329.8	41.4175	39.9307	0.3264	19.2516	3.0493	NaN	2.8932	596	4.8948	23	0	23	115.9029	23876	21.7951	163	55	108	2.8883	595	4.9072	23	0	23	152.8305	70.358	0.388	33.6312	6.4197	NaN	0.8181	2.8833	23	0	48.2385	48.571	163	0	0.8167	2.8882	23	0	0.0205	0.1971	3	0	22.2332	25.3977	148	0	0.0205	0.1971	3	0	0.2722	7	170.5942	231.4928	320.6559	14.1639	1531.2939	3631.9136
89_3_FITC.tif	3a21a7e9-8ecd-45c1-a75e-bde4aa0e67c7	Cell		Positive	Annotation	Polygon	564.58	1328.2	7.041	14.0481	0.4483	6.0156	1.6561	NaN	2.0513	80	2.1758	7	0	7	103.0256	4018	8.7011	114	77	37	2.0769	81	2.2288	8	0	8	40.5891	33.0025	0.4683	15.2375	3.5244	NaN	0.84	2.0161	12	0	53.045	38.5714	114	1	0.835	2.017	12	0	0.5466	1.8673	12	0	40.9379	32.8026	109	1	0.5342	1.8474	12	0	0.1701	4	21.3884	20.82	40.0818	3.8318	103.4917	301.0159
89_3_FITC.tif	bd0a1f3b-6c29-4641-a0f0-1459e7e8a224	Cell		Positive	Annotation	Polygon	562.06	1332.7	11.3898	20.1797	0.3515	9.4182	1.7543	NaN	1	60	1.6051	8	0	8	111.1	6666	11.7382	131	91	40	1	60	1.6261	8	0	8	47.6301	51.0916	0.2293	24.744	2.877	NaN	0.6398	1.7288	11	0	70.9407	36.8534	131	2	0.661	1.7636	11	0	0.517	1.7565	11	0	57.25	32.1858	115	2	0.5455	1.7978	11	0	0.2208	4	13.7305	4.315	42.7657	3.5263	27.9711	56.5834
89_3_FITC.tif	43f483b8-9b1f-4dd3-8629-3a0c7e59c16d	Cell		Positive	Annotation	Polygon	560.48	1338.6	14.7032	23.1539	0.3446	10.8363	1.9438	NaN	1.2727	98	2.1923	11	0	11	116.1299	8942	14.2121	142	77	65	1.2338	95	2.133	10	0	10	44.7309	50.7018	0.2187	24.7982	2.4119	NaN	0.6136	1.6746	11	0	75.1227	40.8857	142	2	0.6091	1.6667	10	0	0.2587	1.1791	9	0	53.042	32.6673	118	2	0.2727	1.2344	10	0	0.3246	5	12.9645	5.0309	45.8374	3.5263	30.4783	85.2412
89_3_FITC.tif	1348b5f8-a013-4451-950e-4bc39afe8d85	Cell		Positive	Annotation	Polygon	556.28	1341.4	24.8505	28.9816	0.3718	13.4574	2.5973	NaN	2.3333	287	2.9103	11	0	11	123.9187	15242	19.0902	150	77	73	2.3252	286	2.8957	11	0	11	113.0697	63.1347	0.3565	30.0227	4.6632	NaN	0.8608	2.2599	18	0	65.1868	44.741	150	0	0.8535	2.2284	18	0	0.4326	1.8252	18	0	48.1087	34.3816	137	0	0.4255	1.7816	18	0	0.2215	7	30.0903	34	52.6165	3.0299	183.4168	472.9449
89_3_FITC.tif	50d1d4a9-2bae-407b-bd87-b699b80a1667	Cell		Positive	Annotation	Polygon	565.66	1340.6	6.4197	11.2834	0.6336	5.0171	1.5297	NaN	5.1515	170	4.4309	18	0	18	100.6061	3320	13.2687	119	73	46	5.1818	171	4.4049	18	0	18	52.3931	40.803	0.3955	19.1403	3.8421	NaN	0.8543	2.3937	18	0	39.3661	32.6457	119	1	0.8622	2.3958	18	0	0.2127	0.7416	5	0	30.2217	23.5254	105	1	0.2172	0.7495	5	0	0.1152	7	21.5463	7.9212	55.5564	4.7983	214.7261	696.1411
89_3_FITC.tif	7fea548c-5050-409b-b9c4-2333d9f0e48c	Cell		Positive	Annotation	Polygon	559.38	1348	8.2835	18.8982	0.2915	9.1836	1.3374	NaN	1.2273	54	1.6686	7	0	7	114.8409	5053	12.3551	134	85	49	1.1818	52	1.6463	7	0	7	33.134	39.4951	0.2669	19.0142	2.7304	NaN	0.5915	1.2474	7	0	75.9085	36.9297	134	5	0.5671	1.2241	7	0	0.3583	0.9597	4	0	61.6333	32.357	123	5	0.3417	0.9393	4	0	0.2467	4	16.7631	6.772	50.4785	3.0299	59.2421	160.7104
89_3_FITC.tif	fd7f9ecc-a6d6-45cb-87fe-86a1221d900a	Cell		Positive	Annotation	Polygon	589.69	1345.4	12.0111	21.9891	0.3122	10.7032	1.6977	NaN	4.9355	306	6.0972	23	0	23	141.0968	8748	25.6947	181	82	99	4.9355	306	6.0432	23	0	23	34.3765	31.8664	0.4254	14.9031	3.0996	NaN	1.807	4.358	23	0	85.3567	54.5629	181	0	1.807	4.3309	23	0	0.0275	0.2873	3	0	53.6514	38.9248	141	0	0.0275	0.2873	3	0	0.3438	4	22.3894	14.6335	49.8245	10.4662	64.7957	130.6056
89_3_FITC.tif	9e572129-8a1f-42db-92c4-e4f620c7fdf9	Cell		Positive	Annotation	Polygon	588.45	1358.2	24.2292	28.0384	0.3873	12.6745	2.5643	NaN	4.5702	553	6.0661	25	0	25	131.5455	15917	29.5641	182	59	123	4.5455	550	6.0111	25	0	25	83.4562	55.59	0.3394	27.0486	4.713	NaN	1.3812	3.9158	25	0	54.6163	57.462	182	0	1.3787	3.8839	25	0	0.0177	0.1566	2	0	21.7244	26.864	127	0	0.0247	0.1959	2	0	0.2874	6	43.8956	38.1971	111.6783	5.1443	487.5433	1405.6467
89_3_FITC.tif	501ff911-865c-41af-a723-4f3e5d3628a9	Cell		Positive	Annotation	Polygon	537.97	1356.7	18.0166	21.1586	0.5057	9.8936	2.6379	NaN	11.9479	1147	10.1436	36	0	36	159.2917	15292	39.5849	213	79	134	11.8854	1141	10.0649	36	0	36	86.1483	48.7235	0.456	23.0858	5.3942	NaN	2.7847	6.9759	36	0	49.7392	66.8855	213	0	2.7703	6.9296	36	0	0.0528	0.4105	4	0	17.0776	26.2382	180	0	0.0528	0.379	4	0	0.2134	6	156.4937	49.7971	622.8568	12.0402	8305.3184	39362.3047
89_3_FITC.tif	85273252-2137-4341-823b-cd6a0bbe9cd7	Cell		Positive	Annotation	Polygon	592.15	1362.7	9.9402	21.7133	0.2649	10.435	1.54	NaN	2.0769	108	4.1009	17	0	17	80.0962	4165	17.0009	105	40	65	2.0385	106	4.0823	17	0	17	68.9601	53.4623	0.3032	25.9011	3.4499	NaN	0.4595	1.8585	17	0	34.8649	29.6227	105	0	0.4505	1.8403	17	0	0.1601	0.6756	5	0	26.4947	23.1855	92	0	0.1566	0.6522	5	0	0.1426	7	116.7516	107.2767	293.1383	5.1443	2821.9592	15747.4238
89_3_FITC.tif	d070e910-7faf-471e-8a23-ee9c159f5b5f	Cell		Positive	Annotation	Polygon	540.58	1370.7	60.6766	39.3563	0.4923	18.0079	4.5123	NaN	2.1757	644	3.5381	18	0	18	110.0541	32576	25.673	161	43	118	2.1588	639	3.5028	18	0	18	135.4352	63.3423	0.4242	28.5847	7.9507	NaN	0.9848	2.61	18	0	56.5229	54.1059	161	0	0.9771	2.5849	18	0	0.0056	0.1054	2	0	12.5083	22.2302	119	0	0.0056	0.1054	2	0	0.4515	4	18.0567	14.6771	34	8.8727	62.8027	126.5014
89_3_FITC.tif	8a8e674a-d147-4eaa-be9e-bc4afe87a407	Cell		Positive	Annotation	Polygon	543.02	1380.5	1.4496	6.9752	0.3744	3.3984	0.5471	NaN	0.1111	1	0.3333	1	0	1	74	666	10.7005	88	59	29	0.1111	1	0.3333	1	0	1	6.8339	11.7088	0.6264	4.7808	2.0921	NaN	0.0278	0.1667	1	0	40	34.8982	97	0	0.0278	0.1667	1	0	0	0	0	0	28.6667	32.7214	97	0	0	0	0	0	0.1927	4	20.6176	16.4105	40.9509	8.6986	169.6652	472.9449
89_3_FITC.tif	4ced44fe-197f-4e57-878f-41aa1b053621	Cell		Positive	Annotation	Polygon	541.74	1392.5	36.6545	39.2953	0.2983	18.4234	3.1802	NaN	3.7418	681	5.3211	24	0	24	110.5604	20122	25.3328	148	35	113	3.7473	682	5.3157	24	0	24	127.7729	63.2085	0.4019	27.049	7.0155	NaN	1.1053	3.3517	24	0	40.2739	49.6565	148	0	1.107	3.3505	24	0	0.0023	0.0479	1	0	10.8667	17.137	115	0	0.0023	0.0479	1	0	0.2889	8	80.8692	56.2681	168.4922	8.6986	1790.6627	10879.3018
89_3_FITC.tif	a5f113a1-cb71-4abe-9111-423e1b5ecb3e	Cell		Positive	Annotation	Polygon	561.95	1393.8	14.7032	21.7937	0.389	9.3414	2.2109	NaN	1.6316	124	2.2381	11	0	11	58.6842	4460	13.0222	79	25	54	1.6184	123	2.2149	11	0	11	118.8682	56.2296	0.4724	26.0171	5.5914	NaN	0.338	1.104	11	0	21.8223	21.4796	79	0	0.3328	1.1001	11	0	0.1406	0.5954	6	0	16.1968	16.3352	62	0	0.1365	0.603	6	0	0.1233	8	50.439	51.5475	76.981	20.9873	581.8649	1405.6467
89_3_FITC.tif	f6ac6605-4311-4660-8ce0-658a50388865	Cell		Positive	Annotation	Polygon	582.27	1465.9	34.5836	34.6255	0.3625	15.2406	4.2694	NaN	5.28	924	6.0739	27	0	27	133.5543	23372	38.1132	197	44	153	5.2171	913	6.0855	27	0	27	131.7076	62.4948	0.4238	29.848	6.3213	NaN	1.4718	3.9592	27	0	51.4122	58.4233	197	0	1.4561	3.9499	27	0	0.0324	0.3851	7	0	20.365	25.2445	140	0	0.0346	0.425	8	0	0.2663	7	59.2626	76.981	111.6783	4.4088	562.3564	1405.6467
89_3_FITC.tif	f757b2dd-ff2b-4ceb-9cbd-cf3f907fcda3	Cell		Positive	Annotation	Polygon	587.68	1467.2	15.3245	28.7421	0.2331	13.4088	1.917	NaN	3.0625	245	3.9115	20	0	20	84.0625	6725	22.2758	121	36	85	3.0625	245	3.8065	19	0	19	81.1783	57.7227	0.3062	27.7171	3.7611	NaN	0.643	2.152	20	0	25.2911	34.9083	121	0	0.643	2.1139	19	0	0.0286	0.3026	5	0	10.3651	17.3406	102	0	0.0286	0.3026	5	0	0.1954	5	84.9907	108.7247	186.2668	4.4088	996.4656	2333.1992
89_3_FITC.tif	1609f49b-199e-404e-bdff-b9d721f29cc3	Cell		Positive	Annotation	Polygon	557.02	1470.1	8.4906	15.0526	0.4709	6.3546	1.6446	NaN	5	230	5.7465	19	0	19	59.1957	2723	18.342	91	24	67	4.9783	229	5.7096	19	0	19	97.3311	49.5368	0.4984	23.0498	5.4934	NaN	0.8623	2.9598	19	0	19.0636	20.3731	91	0	0.8623	2.954	19	0	0.4155	2.0393	19	0	14.73	15.2059	69	0	0.4178	2.0463	19	0	0.0844	6	68.9427	76.0778	83.2093	26.0469	597.805	989.8
89_3_FITC.tif	8736c5b7-2e0f-4404-bf89-36da86b76f49	Cell		Positive	Annotation	Polygon	585.54	1480.5	15.7386	20.8715	0.454	9.6411	2.4572	NaN	1	80	1.6688	7	0	7	94.05	7524	19.7644	131	47	84	0.9375	75	1.6097	7	0	7	54.6711	39.2019	0.447	18.1814	4.8256	NaN	0.3918	1.1609	7	0	42.8284	40.1896	131	0	0.3731	1.1362	7	0	0.133	0.7227	7	0	21.0319	23.2623	103	0	0.133	0.7446	7	0	0.2886	4	50.2914	40.8291	113.2876	6.2198	363.5859	1184.3158
89_3_FITC.tif	ae2fd3e6-68be-4eec-92b6-61b342d5ccc8	Cell		Positive	Annotation	Polygon	422.2	1495.5	7.2481	13.7443	0.4822	6.4883	1.7235	NaN	13.5526	515	13.0895	41	0	41	69.2105	2630	27.6788	114	15	99	13.6053	517	13.1139	41	0	41	90.7043	48.5457	0.4837	23.0011	5.3429	NaN	1.1731	5.3879	41	0	8.5467	21.3264	114	0	1.1777	5.4034	41	0	0	0	0	0	2.798	6.6646	44	0	0	0	0	0	0.0758	9	525.153	557.451	943.1505	148.6698	37639.7969	109349.2734
89_3_FITC.tif	a3f77f1d-28c3-4001-a4d7-7e6acaa7f37b	Cell		Positive	Annotation	Polygon	564.84	1545.6	60.8837	46.8793	0.3481	20.129	4.2521	NaN	1.2365	366	2.3051	11	0	11	99.2804	29387	25.6049	147	38	109	1.2162	360	2.2775	11	0	11	180.9944	77.3324	0.3803	36.1222	6.3504	NaN	0.46	1.4881	11	0	42.8433	45.6008	147	0	0.4485	1.4644	11	0	0.0623	0.4074	5	0	13.9412	18.4454	91	0	0.0554	0.3682	4	0	0.3317	6	48.7892	60.5788	80.3203	3.1338	453.9838	1184.3158
89_3_FITC.tif	fcd47ea1-ef3b-4a91-897d-47335fd782c1	Cell		Positive	Annotation	Polygon	560.69	1545.1	38.9324	37.4049	0.3497	17.8456	2.6901	NaN	1.7749	339	2.779	13	0	13	109.2094	20859	26.5667	161	53	108	1.7539	335	2.7333	12	0	12	84.9058	69.6475	0.22	34.0054	3.3327	NaN	0.8956	2.1196	13	0	62.7063	50.1829	161	0	0.8883	2.0863	12	0	0.1357	0.6873	6	0	22.5158	24.3937	107	0	0.1403	0.6831	6	0	0.4505	4	23.3139	7.2308	75.66	3.1338	71.3418	133.5545
89_3_FITC.tif	1e2c13e6-f976-4373-8dfb-a02046a9abb2	Cell		Positive	Annotation	Polygon	556.79	1543.6	14.4961	19.6601	0.4713	8.1139	2.6509	NaN	3.8052	293	4.5278	17	0	17	105.5584	8128	25.2579	146	41	105	3.8182	294	4.5269	17	0	17	64.8184	45.1476	0.3996	18.2447	4.9701	NaN	0.9243	2.7571	17	0	37.2461	46.9928	146	0	0.9274	2.7601	17	0	0	0	0	0	15.3292	27.039	144	0	0	0	0	0	0.225	4	62.0571	42.9819	158.7101	3.5544	195.6091	571.37
89_3_FITC.tif	e1310316-d1e6-4ca5-8c2e-0e989eb6507a	Cell		Positive	Annotation	Polygon	557.4	1559.8	23.4009	27.5173	0.3884	11.4682	3.3005	NaN	5.4545	660	5.9666	27	0	27	123.2975	14919	29.8713	169	61	108	5.3719	650	5.8724	26	0	26	89.0476	44.1334	0.5745	19.8587	5.9662	NaN	1.5602	4.0001	27	0	44.4282	56.563	169	0	1.537	3.9343	26	0	0.045	0.4931	8	0	13.7428	27.0218	138	0	0.045	0.4449	7	0	0.2651	8	160.3773	95.5246	649.0921	9.8098	11737.0391	47082.7773
89_3_FITC.tif	17418247-031d-4d1f-a116-8acf6babe49d	Cell		Positive	Annotation	Polygon	584.72	1588.9	4.9701	12.1705	0.4217	5.8177	0.9859	NaN	11.68	292	9.6165	30	0	30	51	1275	17.8092	82	23	59	11.68	292	9.49	30	0	30	76.8294	46.7049	0.4426	22.0211	4.3488	NaN	0.7828	3.8105	30	0	4.5335	13.7648	82	0	0.7828	3.79	30	0	0	0	0	0	1.1954	3.8015	25	0	0	0	0	0	0.0527	8	95.7277	82.4825	204.3084	42.3794	1109.7438	2454.6172
89_3_FITC.tif	1809fd45-130c-4372-91e8-7804dec46fe3	Cell		Positive	Annotation	Polygon	622.52	1647.8	12.6323	22.0647	0.3261	10.5077	2.0561	NaN	1.1935	74	1.6776	7	0	7	130.9516	8119	12.1944	147	101	46	1.1774	73	1.7417	7	0	7	54.2569	41.8544	0.3892	19.8491	4.3514	NaN	1.8195	5.6218	42	0	84.2481	42.7611	147	3	1.8083	5.6124	42	0	2.0098	6.3448	42	0	70.0539	38.388	143	3	2	6.3284	42	0	0.2236	6	184.5612	130.0943	539.3148	6.2675	3516.6187	15747.4238
89_3_FITC.tif	8529d1cd-33ff-4115-82f0-dc2eec653e33	Cell		Positive	Annotation	Polygon	36.76	2071.5	24.6434	26.3006	0.4477	11.963	3.0781	NaN	12.7541	1556	12.4856	43	0	43	139.4918	17018	48.1026	208	26	182	12.6803	1547	12.4888	43	0	43	119.4894	60.6162	0.4087	28.2154	6.6311	NaN	2.6879	7.7215	43	0	39.0034	59.8328	208	0	2.6724	7.7023	43	0	0.0066	0.0808	1	0	12.2358	22.5662	127	0	0.0066	0.0808	1	0	0.2086	4	553.1735	542.8894	1122.8877	4.0271	1109.6003	2409.8589
89_3_FITC.tif	8586353f-a029-4aaa-bfbb-644312fc2550	Cell		Positive	Annotation	Polygon	39.61	2078.1	2.6921	9.6676	0.362	3.9991	1.2409	NaN	0.9286	13	2.3027	8	0	8	64.1429	898	15.0887	86	39	47	0.9286	13	2.3027	8	0	8	26.9214	27.146	0.4591	12.8617	3.0902	NaN	0.1654	0.8455	8	0	24.2857	20.3799	93	1	0.1654	0.8455	8	0	0.0756	0.3719	3	0	19.5966	15.129	93	1	0.0756	0.3719	3	0	0.0948	5	481.6237	228.2077	1089.9911	3.1436	20623.6094	78766.8125
89_3_FITC.tif	93e809bb-2921-41b5-b8aa-9b178ea20aea	Cell		Positive	Annotation	Polygon	37.64	2084.3	0.8283	3.6806	0.7684	1.6452	0.4732	NaN	0	0	0	0	0	0	57.2	286	11.5845	69	43	26	0	0	0	0	0	0	18.4308	22.4472	0.4597	10.5325	2.4606	NaN	0.0109	0.1043	1	0	16.1087	18.6362	83	0	0.0109	0.1043	1	0	0.0115	0.1072	1	0	13.7471	16.0452	83	0	0.0115	0.1072	1	0	0.017	3	78.7497	6.6839	226.4216	3.1436	149.155	294.0086
89_3_FITC.tif	8de17e65-a901-4943-bb7f-af7da6de8b60	Cell		Positive	Annotation	Polygon	167.8	2265.8	17.8095	31.7391	0.2222	14.3628	1.9957	NaN	2.6222	236	3.5366	15	0	15	63.6889	5732	25.3549	107	12	95	2.6333	237	3.5234	15	0	15	136.4706	64.9838	0.4061	31.0045	5.6823	NaN	0.4379	1.64	15	0	18.247	24.3185	107	0	0.4348	1.6362	15	0	0.093	0.5337	6	0	11.0719	14.3592	63	0	0.0877	0.523	6	0	0.1311	6	605.0305	315.3816	1274.8186	226.4216	57503.125	132693.875
89_3_FITC.tif	ff567a57-0349-4e65-97af-b64260d1dec2	Cell		Positive	Annotation	Polygon	329.83	2491	36.4474	38.8946	0.3028	13.7991	4.6502	NaN	2.0452	362	2.6129	12	0	12	77.0565	13639	23.6525	122	28	94	2.0226	358	2.5914	13	0	13	189.2779	67.4412	0.5229	30.0669	8.2835	NaN	0.4393	1.4294	12	0	26.8284	30.4037	122	0	0.4317	1.4152	13	0	0.0542	0.368	5	0	14.7818	16.1733	76	0	0.0501	0.3555	5	0	0.1946	5	327.5172	282.2365	510.9151	274.9231	15656.2275	46735.8438
89_3_FITC.tif	19c9dd63-d6d9-4327-b260-bfbed59f08c0	Cell		Positive	Annotation	Polygon	619.82	1656.8	19.052	25.3112	0.3737	12.012	2.015	NaN	2.7204	253	3.1046	12	0	12	154.0215	14324	23.1836	187	98	89	2.6774	249	3.058	12	0	12	60.2624	44.2925	0.386	20.8638	4.1195	NaN	1.3741	2.8886	15	0	83.2823	61.3158	187	1	1.3605	2.8571	14	0	0.7512	2.5608	15	0	50.5522	43.0943	166	1	0.7512	2.5452	14	0	0.2973	5	21.3811	9.2137	78.2721	3.7942	73.682	171.5232
89_3_FITC.tif	56dc7185-d146-41a9-8de1-e88179a1b739	Cell		Positive	Annotation	Polygon	624.44	1661.3	12.0111	26.8374	0.2096	13.2102	1.4153	NaN	3.5625	228	3.8001	18	0	18	122.0781	7813	16.1671	149	83	66	3.4844	223	3.7543	18	0	18	62.3333	53.4079	0.2746	26.178	3.7232	NaN	1.0948	2.6527	18	0	55.0621	48.9313	149	0	1.0784	2.624	18	0	0.4421	1.7567	15	0	37.3388	38.1272	136	0	0.4421	1.7567	15	0	0.1906	6	209.2299	69.4801	558.122	3.7942	278.5056	840.6369
89_3_FITC.tif	8f833b1c-6a46-4bd8-ae90-753c649224be	Cell		Positive	Annotation	Polygon	622.19	1672.9	5.3843	15.5575	0.2795	7.5473	0.9073	NaN	7.5667	227	6.5426	21	0	21	149.9	4497	22.9773	177	99	78	7.6333	229	6.5941	21	0	21	25.6788	34.3906	0.2728	16.6703	2.5109	NaN	2.2381	4.6345	21	0	57.7698	64.2564	177	0	2.2698	4.6757	21	0	0.5729	1.851	11	0	28.9792	41.8752	157	0	0.5938	1.8895	12	0	0.2043	4	35.277	8.0779	123.6733	1.2788	43.4582	79.2239
89_3_FITC.tif	064c9c79-05ff-4e6f-9a7b-81cf04ab53f2	Cell		Positive	Annotation	Polygon	619.94	1671.2	4.1417	10.3194	0.4887	4.8342	1.0712	NaN	6.381	134	5.9956	19	0	19	127.9524	2687	15.9138	148	89	59	6.2381	131	5.9153	19	0	19	26.5072	27.0041	0.4568	12.5565	2.8944	NaN	1.0909	3.3234	19	0	39.0076	47.5415	148	0	1.0682	3.2602	19	0	0.0901	0.5143	4	0	22.1802	29.1476	145	0	0.0901	0.4777	3	0	0.1291	4	55.176	48.0254	123.3745	1.2788	676.3361	2454.6172
89_3_FITC.tif	6ce7b16d-2c5a-41a8-bdaf-4f8a3899e57b	Cell		Positive	Annotation	Polygon	614.53	1791.1	9.1118	16.6534	0.4129	7.9945	1.4173	NaN	12.413	571	9.9835	33	0	33	74.5	3427	24.5173	114	29	85	12.3261	567	9.9623	34	0	34	93.6035	51.0061	0.4521	24.0352	5.1084	NaN	1.2577	4.8951	33	0	9.8282	24.0894	114	0	1.2489	4.8707	34	0	0	0	0	0	2.5368	7.3088	51	0	0	0	0	0	0.0906	8	302.3756	222.9272	688.5963	123.3745	5788.9775	33351.5391
89_3_FITC.tif	a84da349-8b12-4fbb-a7e7-1a35bf6211d7	Cell		Positive	Annotation	Polygon	378.57	1982.1	3.7276	9.7194	0.4959	4.5778	1.1513	NaN	20.85	417	17.0704	51	0	51	69.2	1384	23.552	107	31	76	20.9	418	17.0198	51	0	51	72.8948	44.3267	0.4662	21.0084	4.5559	NaN	1.8697	7.0441	51	0	9.6119	20.5903	107	0	1.8867	7.0621	51	0	0.7297	3.5954	29	0	6.033	13.8206	77	0	0.7447	3.6352	29	0	0.0465	7	436.2084	352.864	1007.5502	215.7001	40507.3086	132693.875
89_3_FITC.tif	4615a2be-6e86-415c-9eeb-2e70930c49e9	Cell		Positive	Annotation	Polygon	427.44	2191.5	20.5016	22.7095	0.4996	10.5788	3.1562	NaN	8.9143	936	8.0049	35	0	35	139.4952	14647	31.4337	185	71	114	8.8476	929	7.9961	35	0	35	121.9745	57.3085	0.4667	26.9172	6.8122	NaN	1.6058	4.7851	35	0	52.2453	47.4044	185	0	1.5922	4.7648	35	0	0.0267	0.2255	3	0	33.3951	22.7521	117	0	0.0247	0.2211	3	0	0.1706	7	295.3331	215.7001	696.8655	14.5131	14317.8301	47082.7773
89_3_FITC.tif	ad5b3972-fbb0-4f9a-a956-0c8411826eb2	Cell		Positive	Annotation	Polygon	424.87	2205.5	10.5615	17.4495	0.4359	7.8376	2.4872	NaN	2.8182	155	4.8766	20	0	20	89	4895	17.3429	123	59	64	2.8182	155	4.827	20	0	20	71.2381	45.7778	0.4272	20.1217	5.9796	NaN	0.7168	2.3146	20	0	59.4855	19.284	123	21	0.6994	2.296	20	0	0.3196	0.9743	7	0	53.9072	13.7826	100	21	0.299	0.9595	7	0	0.1476	4	12.6262	13.6727	14.8946	8.2646	28.6402	58.3407
89_3_FITC.tif	d2b26b69-6608-4e53-9d6a-f86fc6e94525	Cell		Positive	Annotation	Polygon	423.83	2218.3	8.6977	16.4762	0.4026	7.8492	1.3519	NaN	3.1364	138	3.9626	17	0	17	84.2955	3709	14.2968	106	51	55	3.1364	138	3.8975	17	0	17	58.8128	37.0573	0.5382	16.8739	4.7142	NaN	0.6294	2.0111	17	0	38.3392	28.3789	106	0	0.6294	1.9865	17	0	0.1736	0.7908	8	0	29.9835	21.453	85	0	0.1736	0.7749	8	0	0.1385	6	135.4227	19.9498	464.4121	8.2646	416.9359	1474.9835
89_3_FITC.tif	722b5a73-de30-4fd5-acf1-6e21b0f262d5	Cell		Positive	Annotation	Polygon	415.19	2210.8	6.2126	13.5764	0.4236	6.4669	1.5153	NaN	3.9714	139	3.9667	14	0	14	101.8571	3565	19.2829	129	63	66	4	140	3.9926	14	0	14	32.7198	32.6766	0.3851	15.5094	3.04	NaN	0.8634	2.4584	14	0	42.913	41.2585	129	0	0.8696	2.4752	14	0	0	0	0	0	26.5397	28.8911	118	0	0	0	0	0	0.2016	6	49.9013	13.5294	235.9511	4.2617	366.6886	1801.9028
89_3_FITC.tif	48567326-86f6-4111-9e69-fc7748e03af7	Cell		Positive	Annotation	Polygon	418.01	2218	17.6024	24.763	0.3607	11.8801	2.5308	NaN	0.7386	65	1.7907	10	0	10	96.4886	8491	14.0778	123	59	64	0.7045	62	1.7364	10	0	10	74.7585	54.2267	0.3195	26.4002	4.4628	NaN	0.2698	1.0353	10	0	50.6131	33.4651	123	2	0.2561	1.0053	10	0	0.1219	0.5622	5	0	36.1434	23.1534	101	2	0.1147	0.5508	5	0	0.2297	4	9.479	9.3798	14.8946	4.2617	24.2451	32.5132
89_3_FITC.tif	3460a75a-50b2-44c9-80c0-3613d4c9d231	Cell		Positive	Annotation	Polygon	413.01	2219.8	12.0111	18.6771	0.4327	8.2745	2.241	NaN	6.629	411	7.2863	26	0	26	130	8060	21.7074	165	85	80	6.5806	408	7.1964	26	0	26	56.3278	42.3919	0.3939	20.0635	4.2865	NaN	1.6898	4.4634	26	0	65.4124	45.0194	165	1	1.6752	4.4186	26	0	0.2453	1.0781	10	0	46.5236	30.0302	123	1	0.2406	1.0726	10	0	0.2088	4	134.6349	124.9829	282.2365	6.3372	3911.3428	14835.0615
89_3_FITC.tif	8cfd23f9-6b55-450d-af8c-d3cdccdd2c33	Cell		Positive	Annotation	Polygon	415.33	2233.1	11.1827	20.2943	0.3412	6.5071	2.4157	NaN	4.2241	245	4.8596	18	0	18	88.5517	5136	18.4307	121	42	79	4.1379	240	4.8898	18	0	18	61.0908	36.5161	0.5757	16.4696	5.4929	NaN	0.8294	2.7049	18	0	28.7191	38.1646	121	0	0.8127	2.6945	18	0	0.0124	0.1438	2	0	14.3195	25.5831	109	0	0.0124	0.1438	2	0	0.172	5	64.9724	14.2264	274.9231	8.1709	221.6165	546.5079
