Image	Name	Class	Parent	ROI	Centroid X µm	Centroid Y µm	Nucleus: Area	Nucleus: Perimeter	Nucleus: Circularity	Nucleus: Max caliper	Nucleus: Min caliper	Nucleus: Eccentricity	Nucleus: Red mean	Nucleus: Red sum	Nucleus: Red std dev	Nucleus: Red max	Nucleus: Red min	Nucleus: Red range	Nucleus: Green mean	Nucleus: Green sum	Nucleus: Green std dev	Nucleus: Green max	Nucleus: Green min	Nucleus: Green range	Nucleus: Blue mean	Nucleus: Blue sum	Nucleus: Blue std dev	Nucleus: Blue max	Nucleus: Blue min	Nucleus: Blue range	Cell: Area	Cell: Perimeter	Cell: Circularity	Cell: Max caliper	Cell: Min caliper	Cell: Eccentricity	Cell: Red mean	Cell: Red std dev	Cell: Red max	Cell: Red min	Cell: Green mean	Cell: Green std dev	Cell: Green max	Cell: Green min	Cell: Blue mean	Cell: Blue std dev	Cell: Blue max	Cell: Blue min	Cytoplasm: Red mean	Cytoplasm: Red std dev	Cytoplasm: Red max	Cytoplasm: Red min	Cytoplasm: Green mean	Cytoplasm: Green std dev	Cytoplasm: Green max	Cytoplasm: Green min	Cytoplasm: Blue mean	Cytoplasm: Blue std dev	Cytoplasm: Blue max	Cytoplasm: Blue min	Nucleus/Cell area ratio	Delaunay: Num neighbors	Delaunay: Mean distance	Delaunay: Median distance	Delaunay: Max distance	Delaunay: Min distance	Delaunay: Mean triangle area	Delaunay: Max triangle area
90C_1_FITC.tif	Positive	Positive	PathAnnotationObject	Polygon	500.24	118.03	14.9015	16.493	0.6884	6.8493	3.4049	0.8523	3.4091	150	3.1499	14	0	14	68.2273	3002	15.5142	101	41	60	2.8409	125	2.9957	13	0	13	169.7981	47.0593	0.9635	16.4534	12.5243	0.6456	4.1875	2.6566	14	0	31.1597	15.318	101	13	0.3681	1.2983	13	0	4.2758	2.5847	13	0	26.9562	7.7873	52	13	0.0876	0.3256	2	0	0.0904	7	203.1925	162.8762	296.2636	121.3296	5753.8501	12996.0068
90C_1_FITC.tif	Positive	Positive	PathAnnotationObject	Polygon	203.5	141.65	2.745	5.9217	0.9837	2.1896	1.6195	0.3531	4.2222	38	1.5635	7	2	5	50.8889	458	5.036	57	43	14	1.6667	15	2.1213	5	0	5	46.6651	25.1458	0.9274	9.4549	6.9338	0.6442	5.1157	1.9459	11	1	28.595	12.2124	64	15	0.6612	1.8599	12	0	5.1875	1.9615	11	1	26.8036	10.7643	64	15	0.5804	1.824	12	0	0.0527	3	145.6106	138.0702	296.2636	2.4979	216.5655	301.0886
90C_1_FITC.tif	Positive	Positive	PathAnnotationObject	Polygon	207.49	146.28	7.4507	12.928	0.5602	5.8083	1.7105	0.9469	5.9583	143	4.4083	18	0	18	50.2083	1205	13.6126	81	35	46	3.9167	94	5.1661	18	0	18	110.1923	44.8107	0.6896	15.9294	9.757	0.8402	6.1028	2.1837	18	0	24.5816	9.9634	81	14	0.4858	1.9242	18	0	6.1163	1.8635	13	1	22.1977	4.9922	45	14	0.1667	0.6771	6	0	0.0669	4	126.163	103.6678	294.8186	2.4979	3096.0681	7932.501
90C_1_FITC.tif	Positive	Positive	PathAnnotationObject	Polygon	257.14	194.94	21.5679	20.0338	0.6753	8.1634	3.5523	0.9069	4.3729	258	4.4096	18	0	18	74.661	4405	20.544	118	34	84	4.5085	266	4.7466	18	0	18	193.7189	50.765	0.9446	18.6135	13.2542	0.6963	2.5172	2.1622	18	0	30.4384	18.6475	118	15	0.6343	2.1953	18	0	2.2661	1.4787	6	0	24.4541	6.1218	63	15	0.1101	0.3975	4	0	0.1109	7	138.5851	113.5387	254.4742	70.8587	5529.3823	12996.0068
90C_1_FITC.tif	Positive	Positive	PathAnnotationObject	Polygon	595.46	193.27	5.0979	9.4441	0.7183	3.9711	1.7447	0.887	11.625	186	4.6458	20	5	15	62.3125	997	6.5086	77	51	26	3.8125	61	4.1668	13	0	13	123.5252	39.8192	0.979	14.1262	11.4335	0.5644	9.788	2.3223	20	3	38.9557	11.345	77	17	0.4209	1.5927	13	0	9.69	2.0997	18	3	37.71	10.1352	62	17	0.24	1.0737	9	0	0.0422	4	87.759	92.8667	121.3296	43.9732	3112.1086	6521.6401
90C_1_FITC.tif	Positive	Positive	PathAnnotationObject	Polygon	637.56	205.46	3.5293	7.2818	0.8364	2.6601	1.867	0.6943	10.7273	118	10.1891	36	2	34	42.4545	467	16.7771	79	22	57	11	121	12.0416	39	0	39	108.2316	37.0431	0.9912	12.6939	11.202	0.4089	3.6245	3.2083	36	0	11.9639	8.037	79	4	0.5957	3.1489	39	0	3.3308	2.1499	9	0	10.703	4.0579	26	4	0.1654	0.4199	2	0	0.0326	5	85.1174	72.9	162.8762	43.9732	1346.3481	2564.407
90C_1_FITC.tif	Positive	Positive	PathAnnotationObject	Polygon	435.45	245.55	2.745	5.9217	0.9837	2.1896	1.6195	0.3531	16.5556	149	12.9336	43	5	38	60.1111	541	18.9963	94	42	52	12.6667	114	13.9104	40	0	40	102.3494	35.904	0.9977	11.8315	10.6456	0.3218	8.4313	4.4153	43	1	23.8282	10.3363	94	10	0.4924	3.3594	40	0	8.1423	3.527	15	1	22.5375	7.1071	38	10	0.0593	0.2528	2	0	0.024	5	149.1348	143.0553	227.3325	82.326	9208.0703	12996.0068
90C_1_FITC.tif	Positive	Positive	PathAnnotationObject	Polygon	695.26	249.97	4.3136	6.8808	1	2.4166	1.8289	0.6847	21.4545	236	23.2093	78	0	78	92.0909	1013	30.7651	154	51	103	22.0909	243	23.2269	78	0	78	81.1737	33.7345	0.8963	12.061	8.7514	0.6803	4.7725	6.6616	78	0	23.3554	19.7759	154	6	1.2133	7.0594	78	0	3.855	1.8793	9	0	19.575	9.4669	55	6	0.065	0.2471	1	0	0.0373	3	39.0256	37.5912	72.9	6.5856	181.2519	239.4062
90C_1_FITC.tif	Positive	Positive	PathAnnotationObject	Polygon	689.42	256.38	8.6272	11.6309	0.8014	4.5969	2.6849	0.8268	8.2	205	7.2457	26	1	25	78.24	1956	19.1709	120	48	72	6.64	166	7.7829	27	0	27	114.1137	39.5099	0.9186	14.0835	10.0403	0.7097	5.4793	2.8262	26	0	30.2034	19.3424	120	7	0.7724	3.0161	27	0	5.2226	1.79	12	0	25.6717	11.7054	59	7	0.2189	0.9401	9	0	0.0727	6	60.0987	74.7384	88.4846	6.5856	1435.5627	2564.407
90C_1_FITC.tif	Positive	Positive	PathAnnotationObject	Polygon	515.02	266.85	5.8822	8.4346	1	3.0112	2.414	0.4619	20.5625	329	17.0801	50	0	50	108.6875	1739	30.5979	155	67	88	19.4375	311	19.4832	53	0	53	115.6823	38.2463	0.9938	12.7979	11.2718	0.324	6.7331	5.521	50	0	31.6858	20.9208	155	18	1.1757	6.2134	53	0	5.9429	2.2249	10	0	27.2857	7.2792	67	18	0.1321	0.4404	3	0	0.0422	6	91.1434	91.0059	149.5304	24.0913	3536.7866	6521.6401
90C_1_FITC.tif	Positive	Positive	PathAnnotationObject	Polygon	602.79	269.81	13.3329	13.5707	0.9098	5.026	3.3518	0.7047	7.9211	301	7.0073	25	0	25	103.3158	3926	20.2779	140	70	70	7.7105	293	7.5298	25	0	25	150.5831	43.7788	0.9873	15.0117	12.8824	0.4755	3.8597	3.0799	25	0	37.7506	24.6875	140	11	0.8286	3.2782	25	0	3.415	1.8074	8	0	30.5706	10.4219	77	11	0.0749	0.3044	2	0	0.0855	7	80.6116	82.0442	100.9572	55.0166	2216.9202	3345.2153
90C_1_FITC.tif	Positive	Positive	PathAnnotationObject	Polygon	724.87	273.24	14.9015	16.615	0.6783	6.7118	3.1975	0.9008	13.7907	593	3.2113	21	7	14	58.814	2529	5.9452	66	42	24	0.5814	25	1.0962	4	0	4	168.2296	46.911	0.9606	16.1867	12.5243	0.6132	8.0395	4.976	22	0	33.9256	17.3827	66	4	0.2512	0.5851	4	0	7.4005	4.7226	22	0	31.1602	15.9781	60	4	0.2145	0.4861	2	0	0.0921	4	60.8397	49.6657	106.4364	37.5912	1172.4784	2236.4758
90C_1_FITC.tif	Positive	Positive	PathAnnotationObject	Polygon	182.24	279.87	9.0193	11.8173	0.8116	4.8299	2.4076	0.8564	8.2	205	5.1801	18	2	16	66.6	1665	17.7435	97	43	54	5.4	135	6.6521	17	0	17	135.6816	41.9005	0.9712	14.6714	11.2718	0.5977	5.9625	2.5975	18	1	29.7493	15.0917	97	9	0.7061	2.3618	17	0	5.7888	2.2014	13	1	26.8882	10.3917	61	9	0.3416	0.9246	6	0	0.0622	8	95.2105	101.742	138.0702	25.4811	1006.7119	4018.6401
90C_1_FITC.tif	Positive	Positive	PathAnnotationObject	Polygon	523.11	289.32	6.6664	9.7034	0.8897	3.6141	2.3681	0.7601	11.7778	212	12.7259	37	0	37	86.7778	1562	26.0171	134	49	85	10.9444	197	12.5673	37	0	37	125.0938	40	0.9825	13.5858	11.7711	0.4726	5.9906	3.9356	37	0	38.4344	13.9359	134	30	0.8625	3.8466	37	0	5.6457	2.2686	11	0	35.553	4.4163	60	30	0.2616	0.5657	3	0	0.0447	4	60.1489	67.2301	82.0442	24.0913	1446.6073	2200.6169
90C_1_FITC.tif	Positive	Positive	PathAnnotationObject	Polygon	204.06	292.6	9.0193	11.3238	0.8839	4.2829	2.9244	0.5791	2.2963	62	2.8798	9	0	9	48.8889	1320	10.9802	72	33	39	2.3704	64	3.0019	10	0	10	133.7209	41.3769	0.9815	14.1256	11.8981	0.5092	1.5959	1.4557	9	0	24.093	9.5428	72	12	0.4041	1.2108	10	0	1.5363	1.2539	8	0	21.9811	5.6495	45	12	0.2366	0.7009	7	0	0.0662	4	43.2145	24.8471	111.4485	11.7151	630.0103	1419.2096
90C_1_FITC.tif	Positive	Positive	PathAnnotationObject	Polygon	214.11	297.98	5.49	8.0504	1	2.7648	2.4128	0.1964	7.0714	99	7.5495	24	0	24	56.2857	788	15.5535	86	39	47	7	98	7.4006	23	0	23	89.8008	34.9738	0.9226	12.2972	9.3458	0.648	1.5628	2.5305	24	0	21.4069	11.3983	86	9	0.5455	2.44	23	0	1.2074	1.1379	4	0	19.1567	6.3123	37	9	0.129	0.4104	2	0	0.0448	5	33.9695	11.7256	112.6684	7.8355	260.0193	651.9246
90C_1_FITC.tif	Positive	Positive	PathAnnotationObject	Polygon	215.4	305.48	6.6664	9.5173	0.9249	3.4821	2.2483	0.7925	2.7895	53	3.8669	12	0	12	51.2105	973	8.7596	66	39	27	2.7895	53	3.8669	12	0	12	59.998	31.7013	0.7502	12.8796	5.9289	0.8713	1.2595	1.7994	12	0	29.943	12.2278	66	12	0.8608	1.7862	12	0	1.0504	1.1692	5	0	27.036	9.4504	47	12	0.5971	1.0476	5	0	0.0962	4	12.1651	10.3541	24.0568	3.8956	58.3074	123.546
90C_1_FITC.tif	Positive	Positive	PathAnnotationObject	Polygon	218.6	311.12	7.8429	10.1542	0.9559	3.5787	2.8665	0.2685	1.6957	39	2.4014	8	0	8	48.0435	1105	8.8958	66	34	32	1.6957	39	2.8514	9	0	9	79.6051	36.0461	0.7699	12.835	8.6428	0.7133	1.7353	1.5244	8	0	22.5	11.1269	66	12	0.2598	1.1036	9	0	1.7403	1.384	6	0	19.2541	5.9992	38	12	0.0773	0.2879	2	0	0.0853	7	125.9691	122.0527	253.5519	3.8956	6389.1421	19537.8164
90C_1_FITC.tif	Positive	Positive	PathAnnotationObject	Polygon	637.88	312.1	10.5879	13.5294	0.7269	5.1816	2.9969	0.8477	8.6897	252	2.4217	12	3	9	57.4828	1667	3.9062	65	49	16	0.2414	7	0.5766	2	0	2	147.8381	43.5887	0.9778	14.9959	12.8177	0.5097	7.6164	3.1854	14	0	43.3439	10.0116	67	23	0.209	0.5973	6	0	7.5272	3.2275	14	0	42.1691	9.4506	67	23	0.2063	0.5997	6	0	0.0684	5	70.1856	71.3933	109.6105	38.148	2122.092	2760.7805
90C_1_FITC.tif	Positive	Positive	PathAnnotationObject	Polygon	193.37	314.6	10.98	16.1299	0.5303	6.7142	2.8844	0.9243	4.9375	158	5.7245	22	0	22	51.1562	1637	15.7113	83	31	52	4.6562	149	5.9763	22	0	22	163.916	47.0137	0.9319	16.9442	12.5563	0.6742	1.4463	2.1652	22	0	21.9952	12.6025	83	5	0.537	2.1073	22	0	1.1576	1.1622	5	0	19.584	8.7086	51	5	0.1964	0.646	6	0	0.0724	6	30.8857	25.0581	55.4838	19.264	311.4535	678.4503
90C_1_FITC.tif	Positive	Positive	PathAnnotationObject	Polygon	212.04	318.92	5.0979	7.6628	1	2.6512	2.2855	0.5058	1.2143	17	1.1883	4	0	4	49.5	693	5.0038	56	42	14	1.0714	15	1.2688	4	0	4	103.1337	36.2861	0.9843	12.335	10.642	0.4708	1.3523	1.2879	6	0	22.0038	10.4883	56	6	0.2879	0.7803	5	0	1.36	1.295	6	0	20.464	8.3662	53	6	0.244	0.7229	5	0	0.0398	7	86.9509	62.2247	250.7816	9.9912	3095.6562	15585.5332
90C_1_FITC.tif	Positive	Positive	PathAnnotationObject	Polygon	706.91	331.2	3.1371	6.3716	0.9711	2.1881	1.7621	0.5809	16.4	164	21.2666	44	0	44	73.9	739	30.41	114	45	69	16.8	168	21.6117	46	0	46	105.4866	36.4053	1	11.8718	11.2718	0.2037	2.5351	4.9154	44	0	31.9188	10.5096	114	23	0.845	5.0646	46	0	2.0038	1.3258	6	0	30.3103	3.5082	47	23	0.2337	0.5503	3	0	0.0251	11	55.2157	60.4934	77.2075	35.0009	830.8486	2434.7173
90C_1_FITC.tif	Positive	Positive	PathAnnotationObject	Polygon	532.69	342.48	2.745	6.1863	0.9013	2.2331	1.753	0.3531	17.2222	155	20.117	47	0	47	61.4444	553	28.2405	100	30	70	17.3333	156	20.2114	47	0	47	102.3494	35.8998	0.998	11.8411	10.6456	0.3237	3.3855	4.8998	47	0	15.4542	11.7957	100	5	0.7061	4.7474	47	0	2.8933	2.2219	9	0	13.8182	6.3688	33	5	0.1146	0.3867	2	0	0.0264	7	95.4352	109.6105	115.3886	53.7575	2555.7822	4212.3169
90C_1_FITC.tif	Positive	Positive	PathAnnotationObject	Polygon	641.94	348.88	37.2536	28.9818	0.5573	12.5578	4.279	0.9551	8.0505	797	2.4718	13	2	11	60.7071	6010	5.9458	75	45	30	0.3838	38	0.8416	5	0	5	216.8553	55.2897	0.8914	19.5705	14.8187	0.6221	7.9225	3.0209	17	0	45.1333	12.2348	75	24	0.164	0.51	5	0	7.8947	3.1291	17	0	41.7522	10.5079	65	24	0.1162	0.389	2	0	0.1711	6	64.6713	72.6656	110.5123	13.097	1414.5155	4212.3169
90C_1_FITC.tif	Positive	Positive	PathAnnotationObject	Polygon	468.11	348.47	3.5293	6.7257	0.9805	2.4903	1.7194	0	25.9091	285	28.8772	95	0	95	95.6364	1052	38.1557	170	43	127	27.5455	303	28.3032	95	0	95	107.4473	36.7726	0.9985	12.1454	10.6456	0.4334	3.5564	7.3603	95	0	17.5527	18.5738	170	7	1.2545	7.6407	95	0	2.625	1.722	7	0	14.2992	6.1987	45	7	0.1591	0.4984	3	0	0.0287	7	131.2041	107.9057	253.5519	64.8942	7704.3584	19537.8164
90C_1_FITC.tif	Positive	Positive	PathAnnotationObject	Polygon	652.29	359.45	32.1558	27.685	0.5272	12.0951	3.2683	0.9673	8.0795	711	2.5199	16	3	13	62.7045	5518	5.4565	74	50	24	0.5	44	0.8165	3	0	3	158.426	48.4525	0.848	18.4563	12.3984	0.633	8.2938	3.639	18	1	44.3037	12.7082	74	26	0.1556	0.5522	6	0	8.3533	3.8943	18	1	39.1956	8.821	65	26	0.0599	0.4051	6	0	0.2093	5	36.7005	25.2233	74.5138	9.2324	449.0658	912.6623
90C_1_FITC.tif	Positive	Positive	PathAnnotationObject	Polygon	172.03	362.85	9.4114	12.3569	0.7745	4.9118	2.7218	0.8502	5.3077	138	3.5863	13	0	13	61.8846	1609	11.6665	82	38	44	3.3846	88	3.7955	12	0	12	87.8401	34.9999	0.9011	13.0622	9.0644	0.6826	3.9515	3.2373	13	0	30.0661	15.9243	82	8	0.5198	1.702	12	0	3.7761	3.1567	13	0	25.9502	10.9953	64	8	0.1493	0.5173	4	0	0.0951	5	45.0763	55.4838	85.9867	4.6213	337.0551	678.4503
90C_1_FITC.tif	Positive	Positive	PathAnnotationObject	Polygon	659.91	366.26	9.4114	12.1853	0.7965	4.4744	3.1396	0.7767	11.1786	313	2.6254	15	4	11	60.2857	1688	4.4627	69	50	19	0.4286	12	0.7418	2	0	2	86.2716	36.1541	0.8294	13.1381	8.9945	0.7423	10.2262	4.5029	19	1	44.7738	8.8889	69	29	0.1086	0.3896	2	0	10.0881	4.7023	19	1	42.5233	6.8959	61	29	0.0622	0.2819	2	0	0.1059	3	33.3668	16.9159	73.9521	9.2324	304.2208	529.8846
90C_1_FITC.tif	Positive	Positive	PathAnnotationObject	Polygon	687.86	366.26	24.705	20.803	0.7174	6.9818	4.9184	0.7864	8.1449	562	2.8402	13	2	11	64.2319	4432	7.1397	78	45	33	0.4348	30	0.8825	4	0	4	100.3887	41.8057	0.7218	15.9447	7.7559	0.8863	7.0846	3.5173	14	0	41.2308	16.2281	78	20	0.1962	0.5796	4	0	6.7016	3.6635	14	0	32.9215	8.9	57	20	0.1099	0.3886	2	0	0.2491	4	39.449	25.8839	96.1128	9.9157	259.8809	354.1736
90C_1_FITC.tif	Positive	Positive	PathAnnotationObject	Polygon	704.37	363.45	9.0193	11.2943	0.8885	4.1467	2.8461	0.7228	8	208	1.8111	12	6	6	68.5769	1783	7.3982	82	53	29	0.5	13	0.9487	4	0	4	32.5479	24.3872	0.6877	9.9318	4.5125	0.9026	5.6628	2.8967	12	0	46.6744	16.3113	82	26	0.1512	0.564	4	0	4.65	2.6923	12	0	37.1833	7.5565	58	26	0	0	0	0	0.2557	3	16.7747	7.9416	35.0009	7.3817	90.044	138.9456
90C_1_FITC.tif	Positive	Positive	PathAnnotationObject	Polygon	714.98	366.45	41.1751	31.7202	0.5142	13.1293	4.1837	0.9631	10.0364	1104	3.1794	16	2	14	65.0091	7151	8.5762	83	48	35	0.6091	67	1.1894	5	0	5	215.6789	57.1804	0.8289	20.3652	13.6338	0.7021	8.7862	3.5179	17	2	40.6467	15.8238	83	22	0.1812	0.6431	5	0	8.4751	3.5322	17	2	34.5837	10.4776	64	22	0.0747	0.3318	3	0	0.1923	5	47.0849	35.714	116.6588	7.9416	649.0297	1972.6088
90C_1_FITC.tif	Positive	Positive	PathAnnotationObject	Polygon	674.55	366.47	55.6844	37.7256	0.4917	16.5904	4.3835	0.9698	7.1081	1052	2.6653	14	2	12	65.027	9624	10.287	89	44	45	0.3243	48	0.7304	5	0	5	238.4232	59.9833	0.8327	21.4047	13.1505	0.7372	7.0556	3.6496	17	0	40.866	17.4312	89	13	0.1879	0.5538	5	0	7.0388	3.9141	17	0	33.1595	11.0117	55	13	0.1444	0.477	4	0	0.235	6	45.3846	36.0499	87.7128	11.4098	397.614	912.6623
90C_1_FITC.tif	Positive	Positive	PathAnnotationObject	Polygon	697.67	367.21	41.5672	27.2854	0.7016	11.4543	4.3835	0.9195	7.3364	807	2.8487	14	2	12	65.3091	7184	7.3357	80	49	31	0.5636	62	0.9436	4	0	4	144.7009	46.5834	0.838	17.0527	12.5427	0.6096	7.6944	3.7913	16	0	41.1957	17.7919	80	20	0.3378	0.7395	4	0	7.8441	4.1178	16	0	31.1103	8.991	73	20	0.2433	0.6129	4	0	0.2813	5	34.6323	15.3028	103.8912	7.3817	224.7016	464.0124
90C_1_FITC.tif	Positive	Positive	PathAnnotationObject	Polygon	167.24	369.45	11.7643	17.372	0.4899	6.8489	3.6816	0.8114	7.5556	272	3.9817	22	1	21	68.2222	2456	18.4486	111	37	74	3.5556	128	5.7094	22	0	22	127.4466	46.7226	0.7336	16.7295	11.1905	0.7906	5.5627	3.1294	22	0	32.737	17.4563	111	11	0.6177	2.256	22	0	5.3162	2.9225	14	0	28.3471	11.217	66	11	0.2543	0.7638	6	0	0.0925	4	38.687	30.0907	89.9453	4.6213	171.3628	386.1143
90C_1_FITC.tif	Positive	Positive	PathAnnotationObject	Polygon	772.67	368.48	2.745	5.7075	1	2.1211	1.5581	0.3531	27.7778	250	24.7375	60	0	60	87	783	36.1594	133	53	80	22.4444	202	27.2218	58	0	58	102.3494	35.8945	0.9983	11.9575	10.6456	0.3502	11.7023	8.508	60	0	29.0267	14.3052	133	15	0.7824	6.2834	58	0	11.1304	6.7814	25	0	26.9644	6.7925	51	15	0.0119	0.1085	1	0	0.0172	5	121.5073	106.4364	196.2291	59.8075	1397.4357	2236.4758
90C_1_FITC.tif	Positive	Positive	PathAnnotationObject	Polygon	170.73	382.02	6.6664	9.4402	0.94	3.4076	2.4213	0.642	2.2105	42	1.5484	5	0	5	48.2632	917	4.7357	56	38	18	0.7895	15	1.0842	3	0	3	122.3488	39.4992	0.9854	13.1394	11.2718	0.415	3.9201	2.2267	11	0	29.3674	8.4324	56	17	0.1949	0.6581	4	0	4.0306	2.2205	11	0	28.1463	7.049	53	17	0.1565	0.6038	4	0	0.0503	5	53.0889	35.4266	123.3245	13.8056	1232.4697	3848.5959
90C_1_FITC.tif	Positive	Positive	PathAnnotationObject	Polygon	151.96	412.14	9.4114	14.1314	0.5922	5.8921	2.3638	0.934	8.5	238	5.3576	23	1	22	56	1568	11.8228	83	37	46	4.7857	134	5.6788	19	0	19	151.3674	44.4998	0.9606	15.31	11.8871	0.6333	4.4109	2.6864	23	0	25.5271	12.0404	83	9	0.5426	2.0825	19	0	4.0919	2.051	13	0	23.1504	8.2143	64	9	0.2117	0.8521	10	0	0.0631	4	80.9993	76.3897	135.7912	35.4266	773.922	1766.1527
90C_1_FITC.tif	Positive	Positive	PathAnnotationObject	Polygon	614.87	420.81	7.4507	11.1718	0.7502	4.5711	2.1964	0.857	9.8636	217	8.6975	31	0	31	112.1818	2468	24.25	154	75	79	10.8182	238	9.5151	33	0	33	67.0565	32.0344	0.8211	12.2077	7.7487	0.7664	4.8908	4.0992	31	0	50.4023	26.1437	154	29	1.4828	4.8821	33	0	4.1711	2.1462	9	0	41.4605	8.0453	76	29	0.1316	0.4257	2	0	0.1073	6	53.4208	74.2329	84.1691	3.2568	366.2204	912.6623
90C_1_FITC.tif	Positive	Positive	PathAnnotationObject	Polygon	608.09	424.15	9.4114	10.9869	0.9798	3.8316	3.075	0.4134	7.96	199	5.4197	22	0	22	110	2750	22.0681	148	78	70	6.8	170	6.6081	23	0	23	67.0565	29.8738	0.9442	11.191	8.1408	0.6556	7.6257	3.4059	22	0	55.7193	28.1588	148	15	1.2105	3.4372	23	0	7.5685	2.9523	13	0	46.4247	15.9386	108	15	0.2534	0.5609	2	0	0.1262	5	46.0009	26.8336	112.9262	3.2568	1182.86	4212.3169
90C_1_FITC.tif	Positive	Positive	PathAnnotationObject	Polygon	615.26	430.57	9.0193	12.125	0.7709	4.3724	2.8927	0.6965	6.7037	181	2.7006	13	3	10	67.2222	1815	5.1838	78	57	21	1	27	2.0191	8	0	8	93.7223	36.237	0.8969	13.1991	8.8521	0.7381	7.0744	2.8827	15	1	47.3182	13.3147	78	14	0.4711	1.5991	13	0	7.1209	2.9073	15	1	44.8186	11.8373	78	14	0.4047	1.5313	13	0	0.0971	8	76.5952	91.9128	169.3969	5.8579	465.4594	1972.6088
90C_1_FITC.tif	Positive	Positive	PathAnnotationObject	Polygon	590.5	442.15	18.4307	18.7166	0.6611	8.095	2.9925	0.9406	5.42	271	3.4705	13	0	13	87	4350	24.2226	131	43	88	4.96	248	4.8275	15	0	15	185.0917	49.9823	0.931	18.2462	12.5243	0.7299	4.6047	2.0466	13	0	37.6998	21.6698	131	13	0.6575	2.1826	15	0	4.5083	1.7884	9	0	31.8723	11.6221	79	13	0.1489	0.412	3	0	0.0969	6	120.7238	134.8653	204.4665	26.8336	3542.4927	12384.5791
90C_1_FITC.tif	Positive	Positive	PathAnnotationObject	Polygon	392.63	492.84	1.5686	3.4554	1	1.2976	0.9579	0	26.5	106	1.291	28	25	3	66	264	0.8165	67	65	2	26.25	105	0.9574	27	25	2	87.448	33.2207	0.9957	10.9342	10.0194	0.1346	7.7991	3.3802	28	0	21.625	7.4209	67	13	0.4866	3.486	27	0	7.4591	2.2601	11	0	20.8182	4.4098	33	13	0.0182	0.1339	1	0	0.0069	5	209.3499	204.4665	253.2343	162.846	12182.0234	19537.8164
90C_1_FITC.tif	Positive	Positive	PathAnnotationObject	Polygon	217.28	496.24	3.9214	6.5036	1	2.4635	1.6233	0.7645	18.4	184	12.6509	44	4	40	57.9	579	18.2723	92	39	53	8.9	89	12.2061	35	0	35	103.918	36.2518	0.9937	12.2287	10.6456	0.369	10.9812	4.3891	44	2	29.4925	9.2733	92	13	0.3835	2.821	35	0	10.6914	3.4825	18	2	28.3828	6.6858	38	13	0.0508	0.2371	2	0	0.0278	4	145.7122	149.3728	177.6995	106.4036	7066.7607	15585.5332
