Image	Object ID	Object type	Name	Classification	Parent	ROI	Centroid X px	Centroid Y px	Nucleus: Area	Nucleus: Perimeter	Nucleus: Circularity	Nucleus: Max caliper	Nucleus: Min caliper	Nucleus: Eccentricity	Nucleus: Channel 1 mean	Nucleus: Channel 1 sum	Nucleus: Channel 1 std dev	Nucleus: Channel 1 max	Nucleus: Channel 1 min	Nucleus: Channel 1 range	Nucleus: Channel 2 mean	Nucleus: Channel 2 sum	Nucleus: Channel 2 std dev	Nucleus: Channel 2 max	Nucleus: Channel 2 min	Nucleus: Channel 2 range	Cell: Area	Cell: Perimeter	Cell: Circularity	Cell: Max caliper	Cell: Min caliper	Cell: Eccentricity	Cell: Channel 1 mean	Cell: Channel 1 std dev	Cell: Channel 1 max	Cell: Channel 1 min	Cell: Channel 2 mean	Cell: Channel 2 std dev	Cell: Channel 2 max	Cell: Channel 2 min	Cytoplasm: Channel 1 mean	Cytoplasm: Channel 1 std dev	Cytoplasm: Channel 1 max	Cytoplasm: Channel 1 min	Cytoplasm: Channel 2 mean	Cytoplasm: Channel 2 std dev	Cytoplasm: Channel 2 max	Cytoplasm: Channel 2 min	Nucleus/Cell area ratio	Delaunay: Num neighbors	Delaunay: Mean distance	Delaunay: Median distance	Delaunay: Max distance	Delaunay: Min distance	Delaunay: Mean triangle area	Delaunay: Max triangle area
71_14_merge.tif	6388866e-cc4f-4b8c-8676-c5b3ba589b4d	Cell		Positive	Annotation	Polygon	1615.6	513.51	230	62.4227	0.7417	24.7066	13.2803	0.8744	123.7304	28458	33.3105	181	62	119	22.1652	5098	7.9545	42	3	39	558	88.4743	0.8958	33.8199	22.156	0.7788	55.8674	63.129	181	0	24.6272	12.3502	83	3	8.2805	22.3745	90	0	26.3537	14.4308	83	3	0.4009	4	316.0479	315.8728	448.2382	184.2079	12046.457	29048.7363
71_14_merge.tif	7a861480-4534-4c05-ba0a-f87e7f10b339	Cell		Positive	Annotation	Polygon	1796	547.11	458	102.6989	0.5457	44.6401	14.6912	0.9369	117.8406	53971	35.1711	176	0	176	61.2402	28048	28.6862	147	12	135	940	128.3992	0.7165	53.4731	23.5609	0.8911	64.7362	61.2454	176	0	46.3968	30.0635	147	0	14.2759	30.1759	150	0	32.2925	23.9466	102	0	0.4903	4	535.4771	375.1163	1366.4934	25.1824	106652.5078	379620.6875
71_14_merge.tif	a6e641fd-f1a4-4e2a-86c1-3495ff53731f	Cell		Positive	Annotation	Polygon	1823	536.7	16	17.7717	0.6366	7.4636	3.1152	0.8618	93.8	1876	10.8074	110	75	35	31.95	639	6.5813	50	20	30	126	40.6353	0.9589	14.0031	11.7087	0.5493	69.3701	55.9021	177	0	26.7795	13.9852	68	1	64.8037	59.6664	177	0	25.8131	14.7898	68	1	0.1392	5	828.4455	1227.951	1360.8467	25.1824	173569.3438	427873.5625
71_14_merge.tif	37dd45ac-c97d-4cf0-b413-8f3bc60fc502	Cell		Positive	Annotation	Polygon	1244	764.74	360	83.9529	0.6419	31.7451	15.8169	0.8992	101.0111	36364	24.3606	163	61	102	64.3694	23173	27.9256	142	19	123	785	109.1605	0.8278	40.8196	24.4143	0.8167	49.9096	52.0164	163	0	58.1261	25.6568	142	9	6.6235	20.1307	87	0	52.8376	22.2658	123	9	0.4558	4	462.3893	248.3803	1317.6176	35.1789	6674.73	13298.6357
71_14_merge.tif	b7e4cafa-818b-45f4-b95b-eecfb6a82529	Cell		Positive	Annotation	Polygon	1278.7	773.42	200	54.125	0.8579	19.6811	14.8312	0.5581	76.3695	15503	10.157	107	61	46	56.2365	11416	20.8904	107	13	94	500	81.7483	0.9402	28.2598	23.4375	0.533	31.778	38.1095	107	0	55.77	28.5636	153	0	1.2997	9.0677	66	0	55.4512	32.823	153	0	0.4	5	531.5892	425.6244	1575.7637	35.1789	91682.2891	379620.6875
71_14_merge.tif	28fd079b-25f6-4f42-8583-b46d394b4f3f	Cell		Positive	Annotation	Polygon	1240.6	812.49	519	123.5787	0.4271	53.2452	14.032	0.9763	106.0829	55057	28.9116	171	0	171	53.1638	27592	25.8913	148	11	137	1127	147.325	0.6525	62.2417	22.6796	0.9413	57.4463	53.5761	171	0	51.142	26.0948	148	3	15.9293	29.3645	98	0	49.4161	26.165	145	3	0.4606	6	934.2971	1129.265	1657.5503	48.5224	208172.5156	708622.5
71_14_merge.tif	bd78bd4b-10e1-4047-90e5-61413e7af259	Cell		Positive	Annotation	Polygon	3035.1	719.18	55	26.8054	0.9619	9.1566	7.8191	0.4974	91.0508	5372	21.8106	133	61	72	10.661	629	8.7328	29	0	29	235	54.7286	0.9859	18.0444	16	0.4024	22.6667	40.9087	133	0	12.4937	10.4422	36	0	0	0	0	0	13.1011	10.9044	36	0	0.2317	5	796.6233	704.6672	1227.951	641.3819	167508.375	427873.5625
71_14_merge.tif	1ffca9d9-86b8-4cbf-817c-ed96b6bb608f	Cell		Positive	Annotation	Polygon	3603.2	1015.7	91	40.7274	0.6894	15.1676	9.7102	0.8014	72.957	6785	24.8211	113	0	113	79.129	7359	14.8179	114	54	60	330	67.2967	0.9157	23.782	18	0.6647	21.5485	35.7198	113	0	70.4636	19.9306	114	17	1.3755	9.4019	71	0	67.0633	20.6632	106	17	0.2795	7	265.1255	95.7781	765.2543	38.0762	39481.6289	204176.0469
71_14_merge.tif	771ac3a2-7ed5-48bf-a2e3-337c4477f61b	Cell		Positive	Annotation	Polygon	3629.5	1042.6	259	77.9837	0.5352	28.7251	16.7264	0.8617	97.8289	25729	24.5816	161	61	100	49.8061	13099	14.3632	92	21	71	564	96.0624	0.768	36.778	23.2595	0.7962	62.7496	48.7235	161	0	52.2928	16.4336	107	15	32.4013	43.8167	121	0	54.4441	17.7785	107	15	0.4603	4	27.9285	26.2316	38.0762	21.1744	278.938	400.068
71_14_merge.tif	9d160c7e-e822-40cb-af13-8ca569ea356a	Cell		Positive	Annotation	Polygon	3693.5	1049.2	72	32.4988	0.8567	11.8338	8.2358	0.7285	69.7105	5298	15.7097	85	0	85	1.2237	93	1.6541	5	0	5	281	60.568	0.9626	20.8081	17	0.5458	18.9214	32.1059	85	0	2.2643	2.8464	15	0	0	0	0	0	2.652	3.0932	15	0	0.2661	6	168.2393	54.8303	736.5366	31.3422	1055.1792	3749.2939
71_14_merge.tif	c4cf0da8-746b-4002-a9c2-168d4b25747a	Cell		Positive	Annotation	Polygon	3658.8	1050.6	131	47.8895	0.7178	17.3923	11.3942	0.7521	117.0657	16038	29.3341	157	62	95	65.1022	8919	12.9384	95	36	59	272	68.4154	0.7302	23.0991	17.7966	0.5991	73.5181	58.2261	157	0	57.9239	17.3253	95	17	30.5971	46.5807	157	0	50.8489	18.2101	87	17	0.4854	5	31.9726	29.3108	65.1815	11.8342	302.5961	752.6485
71_14_merge.tif	9c66cd27-2db7-462d-bb94-6cd463a7fa7d	Cell		Positive	Annotation	Polygon	3642.9	1064.4	416	83.8897	0.7428	27.96	22.0561	0.7063	119.0811	49895	31.2801	182	62	120	59.3747	24878	14.9183	96	27	69	661	100.1313	0.8285	35.0054	23.8958	0.7337	91.5626	52.2144	182	0	56.6139	15.0513	96	16	44.3074	46.8642	138	0	51.873	14.0933	93	16	0.6227	5	33.0711	23.1524	75.7512	17.4182	471.8285	1003.9295
71_14_merge.tif	3d5bea34-e2f5-4ce8-ad15-768608e41d5d	Cell		Positive	Annotation	Polygon	3613.7	1060.3	213	78.0427	0.4395	26.2404	15.606	0.8711	74.093	15930	24.2443	123	0	123	59.4605	12784	22.9926	107	22	85	515	91.4916	0.7731	34.5922	21.7373	0.7997	38.0661	40.4676	123	0	51.0623	20.1199	107	9	12.1605	28.0581	108	0	45.0234	15.1577	86	9	0.4092	5	68.6395	45.7844	162.0887	21.1744	1488.0239	4212.7583
71_14_merge.tif	b34ba74e-c88b-40b2-95a9-14d23ab22eda	Cell		Positive	Annotation	Polygon	3666.6	1062.8	137	45.3388	0.8375	17.6445	10.1484	0.8318	94.9286	13290	24.3046	159	61	98	49.7	6958	18.0753	85	12	73	297	65.0359	0.8824	24.5383	15.7645	0.7888	52.7592	49.202	159	0	43.8294	20.0299	85	6	15.6289	32.9114	125	0	38.6604	20.2937	82	6	0.4561	6	42.1876	35.5714	75.9619	11.8342	549.506	989.836
71_14_merge.tif	40e430de-12d5-427a-8eb4-29e84ed4505b	Cell		Positive	Annotation	Polygon	3694.8	1086.1	85	35.6458	0.8406	13.7475	8	0.7787	106.8667	9618	18.9951	143	67	76	8.0556	725	6.3941	30	1	29	254	57.8004	0.9554	20.2507	16	0.5293	56.051	49.6455	143	0	8.9647	7.9977	42	0	28.3333	37.8338	114	0	9.4606	8.7279	42	0	0.3334	4	40.6064	39.1347	51.4089	32.7472	504.902	989.836
71_14_merge.tif	404d7f98-568c-415d-8a01-72dad7fdff44	Cell		Positive	Annotation	Polygon	3698.4	1120.2	676	116.1465	0.6297	45.3255	23.6065	0.8597	148.5229	100550	15.1639	178	99	79	27.1196	18360	16.7742	78	0	78	1172	137.8453	0.7751	52.7186	31.4508	0.8029	122.0564	41.473	178	0	24.6755	17.3458	85	0	85.7854	38.5554	150	0	21.3259	17.5723	85	0	0.5773	5	56.3678	37.5224	111.4959	28.8816	403.3199	919.9634
71_14_merge.tif	e70cc0b3-601f-4588-b18a-050ce516b207	Cell		Positive	Annotation	Polygon	3672.7	1132.4	261	67.8886	0.7116	25.2639	16.4881	0.7742	169.3297	46227	17.6331	195	103	92	70.5678	19265	15.7726	108	32	76	496	90.1474	0.767	32.8602	22.9453	0.7134	137.509	51.1533	195	0	65.503	17.7509	108	27	99.0708	51.9906	180	0	59.385	18.1092	108	27	0.5319	5	37.449	28.8816	72.5348	16.4426	489.7087	989.836
71_14_merge.tif	040b58ae-4ec3-453d-9d5c-c0bfa0f6d818	Cell		Positive	Annotation	Polygon	3653.9	1137.5	85	36.9496	0.7824	13.7622	9.2466	0.7819	126.4615	11508	14.9438	158	95	63	70.6484	6429	14.5269	107	43	64	283	61.3754	0.9441	21.9239	16.7772	0.6109	93.5336	35.4579	158	0	69.1095	17.7734	109	31	77.9271	31.4584	131	0	68.3802	19.1127	109	31	0.3084	7	60.9311	75.7512	106.2044	17.9771	1191.0038	4212.7583
71_14_merge.tif	4a26b4f8-703f-415e-a584-d58e3eb79b81	Cell		Positive	Annotation	Polygon	3676.2	1151.7	118	44.1672	0.7601	15.4287	11.3488	0.5995	156.6364	18953	24.3197	205	111	94	91.8182	11110	11.8399	114	55	59	300	67.6669	0.8233	24.0612	16.5503	0.7113	123.8073	34.5718	205	63	84.9502	14.4735	114	37	101.7389	19.7072	172	63	80.3333	14.2754	107	37	0.3998	6	42.3535	37.3838	79.5281	16.4426	466.5447	919.9634
71_14_merge.tif	1d3f70d3-9a4f-4407-b7e3-1ad9bc76a119	Cell		Positive	Annotation	Polygon	3649.2	1176.6	36	21.2388	1	7.5787	5.923	0.5835	47.5526	1807	28.9031	71	0	71	101.3947	3853	11.3007	121	75	46	190	48.8498	1	16.4147	14.6135	0.3556	22.2812	31.3105	76	0	93.4948	17.14	123	49	16.0455	28.7064	76	0	91.5455	17.7915	123	49	0.1787	5	48.6645	39.6427	74.827	36.2702	842.6766	1431.024
71_14_merge.tif	6a237d65-8bd2-4a53-b95d-e965eba2ff98	Cell		Positive	Annotation	Polygon	3665.2	1207.8	196	53.7916	0.8512	18.431	13.1214	0.72	81.199	16321	13.8423	122	62	60	78.5075	15780	13.0423	109	45	64	442	77.3468	0.9284	26.6079	21	0.6174	43.0339	40.5673	122	0	78.9977	14.066	113	41	11.3347	25.2077	78	0	79.405	14.8774	113	41	0.4377	5	34.3539	35.2913	59.1706	17.2298	406.2281	645.2778
71_14_merge.tif	87516497-a9f6-4bd9-a9b4-749e5b3dcb76	Cell		Positive	Annotation	Polygon	3676.9	1229.8	504	107.7034	0.546	38.9295	22.0552	0.8634	94.4306	47593	24.2646	155	0	155	80.6131	40629	24.2488	137	30	107	944	131.9475	0.6814	47.9362	30.3645	0.8182	58.2927	47.9245	155	0	74.9035	23.6434	137	26	16.8041	32.179	108	0	68.3485	21.1285	116	26	0.5297	6	75.2501	58.985	186.6541	11.5728	862.9887	3250.2603
71_14_merge.tif	8805f8f7-e9d5-455d-8a9a-4ac5cdb03c41	Cell		Positive	Annotation	Polygon	3587.9	1219.6	44	24.048	0.9561	8.3572	6.7083	0.5406	82.4255	3874	26.1207	131	0	131	14.4468	679	4.9774	26	5	21	213	51.8647	0.9951	17.3566	15.5556	0.4103	18.0186	36.2299	131	0	17.3163	6.9761	34	3	0	0	0	0	18.119	7.2507	34	3	0.2034	9	309.1111	181.8988	675.2623	51.7352	21321.8652	65431.8672
71_14_merge.tif	8a6d1d9c-848b-4336-ae2b-e73bbe5906ca	Cell		Positive	Annotation	Polygon	3664.8	1225	17	16.2729	0.8067	5.6862	4.4562	0.774	68.3	1366	4.8352	80	61	19	91.4	1828	12.7378	116	69	47	66	31.5192	0.8348	11.6559	7.2866	0.7741	41.9855	33.095	80	0	85.1159	13.6883	116	55	31.2449	33.7062	75	0	82.551	13.3433	114	55	0.2408	3	18.9249	17.2298	27.9719	11.5728	137.2323	237.3669
71_14_merge.tif	e62f477b-5d79-48d2-8b43-c2af9afa8427	Cell		Positive	Annotation	Polygon	3638.2	1231.1	95	40.6275	0.7233	15.2688	8.9106	0.7955	57.09	5709	24.511	81	0	81	73.82	7382	18.9717	106	28	78	347	69.074	0.9139	25.1262	17.9292	0.6828	17.2486	29.451	81	0	63.8497	22.7886	107	10	1.0528	8.2071	66	0	59.7967	22.9953	107	10	0.2754	6	63.7799	45.0886	173.9015	27.9719	1505.2576	4498.2212
71_14_merge.tif	920dcb5b-e5d2-4109-920f-d045d07383f0	Cell		Positive	Annotation	Polygon	2933.4	1383.6	82	44.4263	0.5221	19.0421	6.9543	0.949	63.8409	5618	23.9856	88	0	88	114.6364	10088	41.0058	190	56	134	342	71.8183	0.8332	28.1059	15.7719	0.8516	16.4269	30.4619	88	0	91.655	42.4041	190	24	0	0	0	0	83.6929	39.9747	187	24	0.2436	6	399.1459	388.6666	765.2543	73.6819	57225.7383	204176.0469
71_14_merge.tif	d334d5a8-6d6e-4180-9840-67a7c5e168c2	Cell		Positive	Annotation	Polygon	2828.4	1392.8	57	26.9209	0.9883	9.4654	7.6267	0.5985	86.7241	5030	17.5107	119	61	58	20.6207	1196	8.8493	38	6	32	233	54.4793	0.9865	18.6854	16	0.4571	21.588	38.5688	119	0	24.7468	11.3038	75	5	0	0	0	0	26.1143	11.7115	75	5	0.2247	7	419.4399	177.2432	1322.1262	104.7534	106142.3984	427873.5625
71_14_merge.tif	d5766ad7-ef35-4968-9fc8-6fc80cab8fd9	Cell		Positive	Annotation	Polygon	3602.2	1401	35	21.6415	0.9391	7.2777	6.4835	0.5478	69.1579	2628	39.6236	120	0	120	77.1316	2931	14.2301	112	56	56	195	49.688	0.9925	16.2562	15.085	0.184	13.4082	32.3919	120	0	91.1582	31.9721	164	34	0	0	0	0	94.5316	34.1004	164	34	0.1816	7	392.4867	462.9107	602.2838	173.9015	31900.1758	65944.6797
71_14_merge.tif	0c605fad-b813-4d6b-a0a5-9f1222490ecf	Cell		Positive	Annotation	Polygon	2939.9	1457	59	28.1776	0.9338	10.2527	7.261	0.6276	77.4098	4722	26.3175	117	0	117	128.1311	7816	28.2344	177	80	97	245	56.5647	0.9622	19.4301	16.4449	0.4936	19.1174	35.8868	117	0	110.2591	27.0792	177	59	0	0	0	0	104.3979	24.0138	171	59	0.2313	7	81.0724	73.6819	128.6409	36.1798	2226.6733	6474.8677
71_14_merge.tif	1fccc186-78fc-4e77-8bc1-c5f7f0518289	Cell		Positive	Annotation	Polygon	2971.9	1479.3	202	53.5783	0.8843	18.8641	14.4037	0.6061	77.133	15658	8.3865	99	61	38	107.6502	21853	20.8858	170	58	112	435	76.6012	0.9316	27.7495	20.2705	0.6396	37.0732	38.8595	99	0	106.9817	34.9059	199	49	2.3205	12.3943	76	0	106.4017	43.6011	199	49	0.4653	5	181.0264	76.7364	669.6937	16.8962	12315.1982	34595.2227
71_14_merge.tif	142e48fd-45bb-48cf-b898-53dadb69ac44	Cell		Positive	Annotation	Polygon	2955.6	1490.2	160	49.5638	0.8185	16.3088	14.3991	0.2901	77.3067	12601	12.6273	106	0	106	114.8712	18724	28.1886	190	63	127	390	74.0066	0.8948	24.8493	21.2132	0.5006	35.2589	39.0474	106	0	108.5102	35.7862	200	50	5.5887	18.8629	89	0	104.0216	39.745	200	50	0.4078	5	48.8006	48.5033	79.5254	16.8962	934.2564	1725.8702
71_14_merge.tif	6d522996-db2d-4ad4-86d8-1f84607fd899	Cell		Positive	Annotation	Polygon	2838.4	1513.3	131	44.5653	0.8289	17.739	9.8039	0.8249	114.9559	15634	13.2329	141	84	57	71.1471	9676	41.6158	145	9	136	318	65.9261	0.9194	25.0212	16.8754	0.7217	76.2288	46.2797	141	0	74.2602	47.3145	162	5	47.4481	40.7283	111	0	76.5738	51.1297	162	5	0.4101	5	69.5704	60.2589	122.5257	18.5324	1914.0626	6474.8677
71_14_merge.tif	f388367d-3d53-4a70-8392-3573293215f7	Cell		Positive	Annotation	Polygon	2923.3	1523.7	575	100.5667	0.7144	38.4194	22.1422	0.8146	90.3316	52031	17.8829	136	61	75	94.8316	54623	38.6616	178	32	146	1078	128.2743	0.8233	48.1149	31.099	0.7622	51.0826	45.8871	136	0	96.5956	36.1904	178	32	6.0478	18.8721	75	0	98.6195	33.051	176	42	0.5373	5	53.1245	48.5033	68.8474	33.1116	1169.3434	2251.345
71_14_merge.tif	b31696e9-6c49-4ac5-9de6-56307201396c	Cell		Positive	Annotation	Polygon	2856.8	1521.5	194	69.1999	0.5091	24.2192	14.6346	0.8014	103.0408	20196	14.6104	135	62	73	106.2194	20819	40.4857	194	28	166	513	89.6781	0.8016	33.1612	22.9172	0.729	64.6673	44.4146	135	0	90.4027	39.8096	194	28	41.0157	39.8675	108	0	80.6541	36.1441	164	29	0.3793	7	62.1164	66.7697	105.1193	18.5324	1183.4186	2557.4673
71_14_merge.tif	487ef063-89c2-4f0e-b091-4af8ffa552bf	Cell		Positive	Annotation	Polygon	930.35	1747.9	168	58.621	0.6143	22.5851	11.8921	0.8853	66.1829	11582	16.537	86	0	86	27.8057	4866	18.8044	94	3	91	492	85.672	0.8424	32.1814	20.6844	0.7761	23.9152	33.289	86	0	33.5919	23.3404	94	0	0.8	7.1301	69	0	36.7562	24.9469	94	0	0.3436	6	805.1322	699.5206	1448.1243	377.4591	249863.2188	708622.5
71_14_merge.tif	aeda4bfc-074c-4aad-bfd7-a204f1a77b06	Cell		Positive	Annotation	Polygon	588.39	1907.1	65	29.7698	0.9217	11.6809	7.4825	0.7543	93.4265	6353	21.2837	130	62	68	20.0294	1362	7.7958	39	5	34	256	57.7764	0.9637	20.8825	16	0.6088	24.624	42.6483	130	0	21.6434	12.7278	60	0	0	0	0	0	22.2211	14.0522	60	0	0.2439	5	725.3912	377.4591	1317.6176	322.648	54259.6641	135315.6719
71_14_merge.tif	2bcb3ecb-7056-4094-9d5e-d47bfd20e1cc	Cell		Positive	Annotation	Polygon	421.63	2197	58	28.5632	0.8934	9.9033	7.1943	0.6272	73.5	4557	8.0567	93	61	32	46.0968	2858	22.0132	101	16	85	208	53.512	0.9128	18.327	14.9284	0.4792	24.1875	34.7173	93	0	36.6538	27.0122	101	3	3.2466	14.5614	75	0	32.6438	27.9906	99	3	0.2888	4	140.4582	104.5657	335.578	17.1234	6650.6201	18494.3906
71_14_merge.tif	f206a8b3-0354-4aab-813e-dc606bd128f1	Cell		Positive	Annotation	Polygon	413.7	2214.7	241	57.9814	0.9008	21.5231	15.1955	0.6907	94.4245	23134	18.9484	136	61	75	20.1265	4931	11.3919	60	1	59	505	81.0153	0.9669	27.7746	24	0.4368	47.4684	48.5006	136	0	21.0198	13.8222	75	0	3.3908	14.2821	71	0	21.8582	15.7429	75	0	0.475	4	216.7219	98.9602	651.8436	17.1234	2621.0913	6611.1123
71_14_merge.tif	06a10d8b-9d4d-4555-b1a6-0297363d175a	Cell		Positive	Annotation	Polygon	532.71	2224.8	40	23.0822	0.9434	8.5324	5.6545	0.6845	59.25	2607	26.9324	85	0	85	4.9773	219	3.084	15	1	14	206	51.2804	0.9844	17.866	14.1421	0.5724	12.6553	27.2891	85	0	7.8689	4.7961	21	0	0	0	0	0	8.6543	4.8829	21	0	0.186	7	313.4081	322.648	621.2919	24.1344	34964.5	166099.9688
71_14_merge.tif	d9bca1a4-b480-4c60-bd43-0976d5fb7ab6	Cell		Positive	Annotation	Polygon	508.75	2229.9	51	26.8189	0.891	9.1951	7.1635	0.5236	68.2778	3687	15.3296	87	0	87	3.7222	201	2.4373	9	0	9	192	50.4735	0.9471	17.9292	13.8636	0.6284	19.2031	31.8203	87	0	2.9479	2.8938	11	0	0	0	0	0	2.6449	3.008	11	0	0.2656	4	56.3074	59.1975	96.8895	9.9452	506.0399	805.3333
71_14_merge.tif	2cfbf097-e31e-4ea9-b47f-e46b1b052496	Cell		Positive	Annotation	Polygon	511.54	2241.9	46	26.1768	0.8436	10.3499	5.9184	0.8328	68.3265	3348	19.213	86	0	86	2.9184	143	3.5522	12	0	12	180	51.6991	0.8463	19.5643	12.0748	0.7726	18.4972	32.0197	86	0	4.6961	4.5633	20	0	0	0	0	0	5.3561	4.7295	20	0	0.2497	4	172.6941	63.7946	553.2419	9.9452	3468.4944	6696.1758
71_14_merge.tif	caa644f8-a134-4e5c-9ea6-825ab66b1598	Cell		Positive	Annotation	Polygon	1297.7	2274.6	52	25.7817	0.9831	8.6172	7.5659	0.4609	105.7593	5711	30.0716	157	63	94	17.0741	922	6.6555	28	4	24	222	53.2768	0.9828	17.4837	16	0.3442	25.4955	47.6494	157	0	15.4821	6.8782	31	3	0	0	0	0	14.9765	6.8896	31	3	0.2232	5	620.2413	623.7836	1074.751	375.7643	130369.6172	318660.375
71_14_merge.tif	532010c4-fe0a-4131-933d-0ec55179f2b3	Cell		Positive	Annotation	Polygon	1913.1	2376.2	40	22.4034	1	7.6525	6.5989	0.5187	57	2337	33.4455	88	0	88	18.9512	777	9.4232	44	5	39	198	50.113	0.9908	16.5342	15.085	0.285	11.7437	27.5707	88	0	20.6985	8.0246	47	5	0	0	0	0	21.1519	7.5883	47	6	0.1909	5	533.3967	545.7385	928.9999	273.3421	65387.0117	123587.7891
71_14_merge.tif	3434a0cb-36cf-423e-ab3b-defeacdee28b	Cell		Positive	Annotation	Polygon	998.38	2501.5	179	61.0966	0.6026	20.4866	15.3644	0.6969	70.8962	12974	14.0843	102	0	102	37.9672	6948	29.9005	111	2	109	463	87.1811	0.7655	29.6602	24	0.6441	29.2688	35.902	102	0	32.7849	26.9413	111	0	2.2553	11.7926	70	0	29.422	24.3029	108	0	0.3916	4	421.1061	458.6304	756.8953	10.2685	72587.6328	166099.9688
71_14_merge.tif	6048751e-79de-4f5b-bb52-663020155f11	Cell		Positive	Annotation	Polygon	993.12	2513.1	13	14.1215	0.8192	4.9186	3.9673	0.5058	50.8333	915	28.1284	72	0	72	33.1111	596	18.7832	76	7	69	86	33.6259	0.9558	11.9347	9.6638	0.5688	10.9663	24.5368	72	0	29.5506	20.8806	93	0	0.8592	7.2394	61	0	28.6479	21.409	93	0	0.1504	7	610.8488	553.2419	1203.9695	10.2685	26952.8984	88108.3828
71_14_merge.tif	b5ba9962-c278-4268-8be9-1bc53bdb4d26	Cell		Positive	Annotation	Polygon	2829.6	1545.2	401	102.6683	0.4781	39.8905	16.2957	0.9281	124.0887	50380	26.5661	171	64	107	35.0025	14211	24.7394	149	4	145	751	115.3346	0.7095	43.1385	25.4812	0.8458	83.3218	55.4037	171	0	41.4322	27.721	149	4	35.4855	40.0331	122	0	48.9769	29.1302	143	6	0.5324	4	31.124	30.5984	34.3054	28.9937	304.5525	437.8184
71_14_merge.tif	eedee1cb-e58e-4c08-a3f2-f4133c27a6eb	Cell		Positive	Annotation	Polygon	3015.7	1540.4	21	16.9533	0.9182	5.6629	4.7365	0.4042	47.6087	1095	32.5643	79	0	79	42.7826	984	10.6171	73	30	43	120	40.1793	0.9341	14.7602	10.2683	0.7213	12.8443	26.8824	79	0	62.8689	30.825	153	29	4.7677	17.4548	78	0	67.5354	32.1121	153	29	0.1765	7	215.7066	76.7364	655.8681	9.3804	12115.2139	54100.8203
71_14_merge.tif	baf9451e-19d6-428b-a6a9-b1de875fa253	Cell		Positive	Annotation	Polygon	2961.3	1552.3	400	104.4463	0.4608	33.9728	24.7787	0.6643	95.7679	38786	21.8001	146	61	85	131.0642	53081	27.2991	203	85	118	807	121.1977	0.6904	39.9501	33.5058	0.3182	54.1864	48.5837	146	0	127.2235	32.4908	210	50	12.6049	28.0135	127	0	123.3827	36.5937	210	50	0.4958	6	44.5579	41.7503	62.8985	32.4949	833.3242	1725.8702
71_14_merge.tif	efdb262c-0c21-4ecb-bd17-3e45df675fd1	Cell		Positive	Annotation	Polygon	2994.5	1563.8	883	147.7045	0.5086	43.6633	32.7329	0.6579	105.6161	93259	21.6079	169	61	108	99.4847	87845	32.3789	194	31	163	1437	158.3057	0.7206	50.1791	41.3368	0.498	71.6114	49.8244	169	0	96.8897	39.0238	213	28	17.8011	30.7363	97	0	92.7832	47.4271	213	28	0.6089	5	42.2963	33.3162	76.2676	29.5442	671.2003	1214.6722
71_14_merge.tif	4723f95a-7576-4e2e-86fc-134ad17c17c2	Cell		Positive	Annotation	Polygon	3022.8	1549.9	58	29.9054	0.815	11.5793	7.0256	0.7439	72.8125	4660	6.1046	84	61	23	96.3125	6164	17.8004	134	47	87	177	49.1658	0.9201	17.5494	13.4691	0.6644	28.6966	35.5624	84	0	89.2472	23.0476	145	39	3.9298	15.4626	73	0	85.2807	24.7234	145	39	0.3318	5	191.9865	94.2818	600.4497	9.3804	14803.5469	60841.0703
71_14_merge.tif	72448ec5-87f3-4ea9-a18a-0945a2f0d435	Cell		Positive	Annotation	Polygon	2929.5	1556.6	181	56.2083	0.7199	23.0482	11.9864	0.8734	73.5957	13836	10.9318	99	0	99	138.5585	26049	27.9232	189	79	110	456	80.5735	0.8827	29.0242	20.7779	0.724	30.6174	36.8944	99	0	131.0348	34.2733	191	59	0.9118	7.4798	65	0	125.8346	37.2172	191	59	0.3972	7	61.7658	75.6627	83.8754	32.4949	1265.3617	2557.4673
71_14_merge.tif	fee5ab31-9be6-4466-9ac0-feef57caf67d	Cell		Positive	Annotation	Polygon	2837.3	1572.2	748	127.8092	0.5754	39.3715	29.1789	0.6265	99.6538	75139	18.9894	157	61	96	127.0186	95772	47.2234	187	9	178	1182	134.9948	0.8151	46.97	32.5248	0.6994	76.3921	42.0031	157	0	117.7673	53.5312	201	3	35.7917	40.2723	116	0	101.6204	59.7624	201	3	0.6325	5	34.6594	30.0682	54.4154	25.1279	494.2979	890.0892
71_14_merge.tif	0d72e2d3-4bfe-449a-bafa-df9421440730	Cell		Positive	Annotation	Polygon	2811.5	1568.9	48	26.7893	0.8405	9.9347	6.8624	0.6869	76.549	3904	15.0071	113	62	51	17.8824	912	4.7818	29	9	20	167	47.9188	0.9139	17.6687	12.9351	0.5608	26.6647	36.7969	113	0	15.5145	7.0658	33	0	5.8115	18.5567	70	0	14.5246	7.6268	33	0	0.2857	6	98.7667	50.1291	258.7327	25.1279	4671.0884	20238.4883
71_14_merge.tif	18b2cc1e-35fe-4024-bfb7-362227b3518e	Cell		Positive	Annotation	Polygon	2866.4	1592.7	1092	134.7821	0.7554	47.1317	34.5211	0.632	76.337	82902	20.6615	121	0	121	121.9162	132401	30.3256	188	54	134	1483	148.5849	0.8441	52.2302	38.5856	0.6698	62.7221	34.5418	121	0	120.0525	31.3234	193	45	25.7575	37.4889	112	0	114.9925	33.4029	193	45	0.7286	7	43.5031	34.6918	75.6627	27.132	846.1389	2557.4673
71_14_merge.tif	05c693b6-0b90-48b2-8fbf-69d94ebb9d21	Cell		Positive	Annotation	Polygon	2960.5	1587.1	67	33.6459	0.7437	13.6019	6.519	0.8641	76.1644	5560	24.5979	118	0	118	50.6027	3694	15.2523	92	28	64	286	63.0485	0.9041	23.2677	15.3212	0.7409	20.7301	35.8134	118	0	60.4152	28.4395	154	17	1.9954	10.93	64	0	63.7315	31.0126	154	17	0.2313	6	52.4303	51.1124	69.0619	35.1099	1043.6683	2003.0938
71_14_merge.tif	8a4cb8e7-f18a-47ac-8327-c561d922c7ea	Cell		Positive	Annotation	Polygon	2834.8	1601.8	149	49.4442	0.7659	17.9877	12.7785	0.7208	101.0915	15467	18.8555	139	62	77	111.7255	17094	39.4417	192	31	161	329	69.2007	0.8633	25.3765	19.298	0.6536	68.8906	46.0195	139	0	95.6748	48.8854	192	10	40.8977	44.3387	116	0	81.7216	52.0279	191	10	0.4527	5	77.059	30.0682	270.1451	15.2366	1581.4976	5054.3267
71_14_merge.tif	69f081d8-535f-46ac-b879-e13d63731823	Cell		Positive	Annotation	Polygon	2845.6	1615.6	131	43.9629	0.8517	16.4473	11.8598	0.6391	97.5441	13266	16.7141	125	63	62	149.5074	20333	16.4348	189	114	75	255	59.7251	0.8983	21.6733	16.6331	0.5258	61.1031	47.6674	125	0	142.1298	27.3127	189	59	21.7698	37.9252	116	0	134.1667	33.8048	189	59	0.5175	5	87.7297	27.132	277.2139	15.2366	3263.5598	13368.1992
71_14_merge.tif	ef077136-d3b1-4582-ab90-7303fa4def73	Cell		Positive	Annotation	Polygon	2914	1634.8	1039	178.8068	0.4084	66.0337	34.5761	0.8777	104.2493	108315	22.0393	159	0	159	90.3908	93916	39.4758	185	9	176	1762	189.8735	0.6142	73.3459	39.5218	0.8667	67.5739	50.6721	159	0	92.9267	40.5811	192	9	14.7226	28.8879	104	0	96.5811	41.8812	192	18	0.5903	7	57.5797	64.5035	82.1615	32.4804	1064.5596	2003.0938
71_14_merge.tif	c5b8cb2f-e7a4-4d23-9977-d7d0a5e20e01	Cell		Positive	Annotation	Polygon	2881.5	1625.2	313	73.7358	0.7234	24.9975	19.8766	0.5503	79.3491	25233	10.8547	112	0	112	119.9151	38133	25.5592	178	75	103	576	93.3264	0.831	32.2108	26.1318	0.4493	49.3305	38.3526	112	0	120.883	30.9389	191	53	13.0342	26.4106	88	0	122.0532	36.4158	191	53	0.5502	5	44.9898	35.2568	83.8754	17.9653	789.6994	1333.7052
71_14_merge.tif	2969bc28-a1f7-4f05-9618-397c8b859be4	Cell		Positive	Annotation	Polygon	2862.6	1623.2	67	29.9174	0.9407	10.6722	8.2083	0.6717	68.6429	4805	3.7611	80	61	19	102.3	7161	20.0574	153	65	88	182	50.1828	0.9082	17.4041	14.1422	0.6293	34.4511	33.9268	80	0	109.4783	25.8216	162	64	13.4561	26.2014	72	0	113.886	27.9753	162	64	0.3662	6	49.1417	47.5842	84.4151	17.9653	445.5561	637.7565
71_14_merge.tif	923aa6c9-fd45-4560-839f-598659aedadf	Cell		Positive	Annotation	Polygon	2989.6	1638.1	59	32.4622	0.7036	13.6728	5.7773	0.9174	69	4416	14.6786	94	0	94	37.6719	2411	10.7187	73	23	50	235	56.8132	0.9149	20.2942	15.0805	0.6636	19.839	32.1658	94	0	45.1271	16.1124	124	23	1.5465	10.069	73	0	47.9012	16.9086	124	24	0.2639	6	82.8206	67.7417	197.7712	15.9165	2874.5654	9288.7646
71_14_merge.tif	a27de689-16b7-4529-a48f-d73d7e3eef3c	Cell		Positive	Annotation	Polygon	2978.4	1651.3	85	39.8318	0.6732	15.9876	7.5263	0.9216	72.8	6552	10.1231	93	0	93	80.8556	7277	17.2806	116	49	67	240	58.2883	0.8877	20.8778	16.4992	0.5174	27.938	35.9794	93	0	87.6157	22.3383	158	49	1.375	9.7904	81	0	91.6184	24.0218	158	56	0.3543	5	41.1848	40.3305	68.1885	14.6411	656.1324	2003.0938
71_14_merge.tif	d911562c-de16-48af-865f-18ea94da9d61	Cell		Positive	Annotation	Polygon	2971.1	1663.2	71	31.692	0.8883	11.2521	8.5512	0.6835	72.3513	5354	8.7686	96	61	35	92.8108	6868	26.8622	138	46	92	156	50.1141	0.7806	18.7706	11.2529	0.8413	36.6543	36.4099	96	0	95.5432	28.5594	162	45	6.6364	19.8356	75	0	97.8409	29.8706	162	45	0.4432	5	34.9673	29.4049	64.5035	14.6411	444.8002	1077.6423
71_14_merge.tif	20815125-df9e-48a7-bad0-a718b823c000	Cell		Positive	Annotation	Polygon	2960.7	1681.8	564	111.4725	0.5704	35.6234	25.6095	0.6996	68.394	38711	20.964	104	0	104	104.0848	58912	31.7446	182	34	148	922	124.7028	0.7451	41.9533	32.4499	0.628	48.0725	35.0941	104	0	105.6699	33.4711	185	27	15.9441	28.2632	80	0	108.176	35.9357	185	27	0.6129	5	25.3438	21.8067	31.377	20.8903	251.0087	328.0078
71_14_merge.tif	ad4fda09-da78-4552-917a-a61a64f974d9	Cell		Positive	Annotation	Polygon	2574.4	1670	34	20.8399	0.9838	7.0056	6.261	0.5119	69.6216	2576	45.9168	129	0	129	35.3243	1307	15.1016	67	10	57	192	48.9116	1	16.0356	15	0.2933	13.3471	33.9165	129	0	38.829	26.7394	106	9	0	0	0	0	39.6603	28.7937	106	9	0.1744	11	752.9481	438.9911	1585.8256	258.7327	109509.2031	379620.6875
71_14_merge.tif	c801f9ee-1e7b-4be6-86b4-ddb3c46be007	Cell		Positive	Annotation	Polygon	2906.1	1675.4	208	61.5759	0.6894	19.6771	14.8908	0.6894	108.8224	23288	16.533	150	75	75	105.9533	22674	53.7256	200	27	173	389	76.4254	0.8369	24.9494	22.3607	0.3532	82.7995	39.8391	150	0	98.9822	50.8679	200	27	51.8611	37.2458	105	0	90.6944	46.0344	178	27	0.5286	5	40.9092	39.1539	66.863	18.8683	461.1238	624.5394
71_14_merge.tif	5e5e20dd-21b2-44c0-9a2e-62a68f630823	Cell		Positive	Annotation	Polygon	2928.8	1679.9	422	110.0637	0.4378	36.3136	20.8747	0.7807	98.4554	41942	23.5926	147	0	147	111.7629	47611	36.5373	175	28	147	817	119.9294	0.7138	44.1054	27.5202	0.7849	73.2935	43.119	147	0	110.5603	38.5251	209	27	46.157	42.9685	117	0	109.2633	40.5666	209	27	0.5194	7	32.839	31.6645	47.5083	16.0945	412.1406	1077.6423
71_14_merge.tif	9a53dbf0-02da-40c1-8fe4-53af7abb23c1	Cell		Positive	Annotation	Polygon	2897.9	1691.6	235	72.206	0.5664	24.5506	17.1227	0.754	95.6302	22760	12.2835	126	61	65	106.5378	25356	44.1161	202	35	167	473	92.0813	0.701	33.334	20.2133	0.8411	73.3313	35.873	126	0	108.1479	54.2962	218	20	51.4008	37.8859	110	0	109.7314	62.773	218	20	0.4938	6	32.9168	26.322	77.1477	15.2984	348.4161	564.6111
71_14_merge.tif	d3e1ecb4-62fa-4ac0-bcf0-058fe4eaad58	Cell		Positive	Annotation	Polygon	2980.3	1692.7	86	43.1722	0.5798	17.671	6.9423	0.9086	59.7667	5379	20.4791	78	0	78	85.6444	7708	28.5768	146	40	106	279	64.5808	0.8406	24.3303	15.7821	0.7706	20.493	30.736	78	0	89.5493	31.8604	152	30	2.2732	11.7853	67	0	91.3608	33.188	152	30	0.3071	6	59.8961	34.8677	191.405	21.7605	1336.3948	5116.3662
71_14_merge.tif	df5a98a8-7b4d-43c4-9304-567426f3d84a	Cell		Positive	Annotation	Polygon	2940.1	1692.4	111	40.2645	0.8604	13.858	11.6771	0.4268	104.1282	12183	11.5993	123	76	47	113.7863	13313	47.4096	184	29	155	197	54.3606	0.8377	18.9429	14.4734	0.6616	94.3317	20.0794	123	0	104.7487	43.9258	184	29	80.3537	21.3648	107	0	91.8537	34.8035	180	29	0.5708	5	23.5851	21.8067	33.5348	16.0945	229.5583	328.0078
71_14_merge.tif	ab59f1be-0c7f-420e-ac04-a5cb38e5db40	Cell		Positive	Annotation	Polygon	2884.6	1703.4	227	71.7972	0.5534	28.72	12.3512	0.9254	84.71	19568	13.6852	112	0	112	39.3723	9095	24.894	120	0	120	489	92.9257	0.7116	35.9064	19.8576	0.8567	48.3116	42.2621	112	0	47.0815	35.4609	151	0	15.9731	31.3263	98	0	53.9308	41.5762	151	2	0.4621	6	123.4331	91.6637	314.3232	15.2984	7279.8208	27874.1035
71_14_merge.tif	2f91cbc1-70be-45a1-be33-803933d5f49d	Cell		Positive	Annotation	Polygon	2941.3	1708.9	199	65.7577	0.5783	22.9609	14.8651	0.8178	88.6404	17994	16.6862	135	62	73	90.1429	18299	29.9241	176	44	132	397	77.2476	0.836	28.0392	21.608	0.5901	61.5113	39.7814	135	0	97.1303	30.8083	180	44	33.4133	37.1737	94	0	104.3673	30.1027	180	45	0.497	4	20.7264	19.475	27.2589	16.6967	205.772	236.7779
71_14_merge.tif	f05ea68f-5798-4f9e-8290-e3879ba8ae44	Cell		Positive	Annotation	Polygon	2919.8	1712	248	72.2621	0.5968	22.7961	18.5498	0.6067	93.7677	23817	13.4774	119	61	58	98.0472	24904	36.107	170	19	151	460	85.759	0.786	29.3781	22.4106	0.3953	70.3075	38.2801	119	0	85.9075	40.7701	180	11	42.0663	39.3938	96	0	71.2938	41.3423	180	11	0.543	6	25.1099	26.2433	31.6645	15.6939	223.3515	425.7736
71_14_merge.tif	9bd03372-a7f3-4a15-97dd-ca26dab4bd60	Cell		Positive	Annotation	Polygon	2967.8	1712.1	289	65.06	0.858	23.6072	16.9741	0.6635	93.8157	27488	19.925	145	61	84	56.3857	16521	32.6598	150	11	139	589	89.9937	0.9139	31.8273	24.3749	0.6163	50.125	47.7621	145	0	59.5287	37.3471	175	2	7.311	20.4723	71	0	62.6087	41.2528	175	2	0.4905	7	75.5431	33.1739	200.9087	23.0055	3408.2512	18008.1211
71_14_merge.tif	de051f3a-18c7-45cb-8e9a-e42094da313f	Cell		Positive	Annotation	Polygon	2902.9	1715.7	82	33.7044	0.9071	12.2177	9	0.5666	96.8118	8229	20.9589	130	61	69	34.6353	2944	10.2037	66	16	50	186	54.5153	0.7865	20.0448	13.9324	0.6943	56.3915	48.0286	130	0	32.9788	16.7001	100	8	23.3558	37.442	105	0	31.625	20.4945	100	8	0.43	5	57.1379	23.3489	190.9301	15.6939	835.713	2598.7371
71_14_merge.tif	002cd6b9-ba82-44c4-94be-9b9f4c0e753e	Cell		Positive	Annotation	Polygon	3168.5	1721.5	35	20.1653	1	6.7265	5.9224	0.3475	53.3714	1868	45.5251	112	0	112	12.9429	453	5.7494	28	3	25	181	47.8088	0.9951	15.7101	14.6135	0.2492	10.2077	28.8132	112	0	18.1093	7.9655	36	3	0	0	0	0	19.3311	7.9406	36	5	0.1712	9	278.6709	257.098	539.3083	191.405	26991.6582	65944.6797
71_14_merge.tif	d8b5a120-8a1c-4c7d-88c2-94b476585a9b	Cell		Positive	Annotation	Polygon	2938.1	1726.4	47	27.2053	0.798	10.7408	6.1375	0.8236	71.48	3574	18.4626	100	0	100	27.84	1392	5.9637	39	13	26	185	51.2343	0.8856	19.0118	12.3997	0.7511	20.8556	33.7783	100	0	26.4706	11.3347	67	6	2.3796	12.3104	74	0	25.9708	12.7262	67	6	0.2499	5	55.8077	33.1739	170.065	16.6967	1179.0309	2756.8486
71_14_merge.tif	fbbaf9dc-2c7d-4cc3-9588-93e91102e4bf	Cell		Positive	Annotation	Polygon	3431.5	1831.4	52	27.2763	0.8783	10.6809	6.8371	0.7112	70.193	4001	18.0054	87	0	87	31.3509	1787	6.0989	45	16	29	236	55.3073	0.9695	19.5469	15	0.6241	16.8819	31.3166	87	0	35.6371	18.9876	86	2	0	0	0	0	36.9944	21.354	86	2	0.2133	3	359.3428	330.1605	462.9107	284.9571	55004.7344	65944.6797
71_14_merge.tif	056e06c0-416a-4f6c-b3ca-46eb6b023e88	Cell		Positive	Annotation	Polygon	2975.4	1891.3	83	33.7911	0.9134	12.8629	8	0.769	84.3855	7004	14.6993	113	61	52	125.012	10376	53.5846	202	33	169	286	61.3871	0.9537	21.3827	16	0.6304	24.4895	39.1681	113	0	107.5245	62.2158	210	17	0	0	0	0	100.3744	64.1769	210	17	0.2836	8	267.262	199.269	646.4417	27.947	20531.6289	100448.5312
71_14_merge.tif	c92b25b9-f593-48f9-ad86-1e63d648f7f8	Cell		Positive	Annotation	Polygon	2994.8	1911.6	324	71.9823	0.7858	25.818	18.9165	0.6973	120.5231	39170	30.9325	178	64	114	104.8985	34092	60.1841	212	12	200	696	97.5836	0.9185	34.851	27	0.6017	61.5108	61.7462	178	0	91.2662	68.435	216	8	9.6757	23.8555	98	0	79.2919	72.9409	216	8	0.4662	5	294.1656	259.4662	660.6073	27.947	24286.4766	71458.4297
71_14_merge.tif	313dc760-6853-40cc-ab3c-f3f641b1b7cc	Cell		Positive	Annotation	Polygon	2347.9	2046	37	22.1264	0.9497	7.6204	6.261	0.4717	66.3171	2719	43.4652	126	0	126	18.4878	758	13.7042	51	2	49	198	50.0179	0.9945	16.4452	15.085	0.3662	13.5274	33.0986	126	0	34.5622	32.4547	126	1	0	0	0	0	38.6813	34.5538	126	1	0.1917	10	817.1393	653.5245	1657.5503	428.3674	180042.5781	708622.5
71_14_merge.tif	16488faa-89e0-49d0-9b61-1c8c2cd47e8d	Cell		Positive	Annotation	Polygon	3205.6	2071.9	95	37.8803	0.832	14.7875	9.2141	0.7917	94.7938	9195	24.1932	150	61	89	95.0619	9221	27.9209	137	36	101	322	65.7471	0.9361	23.9172	17.772	0.6675	28.9689	45.5648	150	0	77.4969	31.6457	137	7	0.5911	6.2573	68	0	69.9244	30.1631	128	7	0.2946	4	245.6758	297.6385	352.6222	34.8042	27526	44064.7891
71_14_merge.tif	0571f16c-3bcc-49da-8b66-979e90045b52	Cell		Positive	Annotation	Polygon	3179.1	2094.1	296	77.178	0.6245	31.6561	14.3055	0.9183	76.6554	22690	14.7176	111	0	111	62.0101	18355	51.1237	177	5	172	691	103.8153	0.8057	40.6013	23.1041	0.8467	34.026	39.0933	111	0	64.3016	51.8329	177	1	2.2418	11.7528	69	0	66.0101	52.3543	167	1	0.4259	4	543.4555	545.9606	1047.0964	34.8042	83533.7891	174649
71_14_merge.tif	ee0753db-3778-4cff-ac2b-7d0eb0814e0c	Cell		Positive	Annotation	Polygon	2178.9	2439.6	69	39.1977	0.5643	17.0502	5.6507	0.9523	51.6479	3667	30.7297	84	0	84	212.0423	15055	4.1865	221	205	16	302	67.0356	0.8445	26.2356	14.5434	0.8416	12.1023	26.4397	84	0	210.4818	9.6254	228	180	0	0	0	0	210.0043	10.7161	228	180	0.2282	3	242.3073	273.3421	428.3674	25.2124	21506.1445	57701.6289
71_14_merge.tif	6cf820c2-dcb0-415d-89d7-c3bad9a64e47	Cell		Positive	Annotation	Polygon	2196.8	2457.9	51	32.1969	0.6182	13.7179	5.5986	0.8948	47.0893	2637	33.1708	85	0	85	182.375	10213	23.0182	200	129	71	259	59.9697	0.905	22.6527	14.1422	0.7682	11.0881	25.5062	85	0	177.3755	28.5951	210	112	1.2537	8.9176	69	0	176.0098	29.8422	210	112	0.1994	5	601.9529	438.367	1203.9695	25.2124	60517.2422	174649
