Image	Object ID	Object type	Name	Classification	Parent	ROI	Centroid X px	Centroid Y px	Nucleus: Area	Nucleus: Perimeter	Nucleus: Circularity	Nucleus: Max caliper	Nucleus: Min caliper	Nucleus: Eccentricity	Nucleus: Channel 1 mean	Nucleus: Channel 1 sum	Nucleus: Channel 1 std dev	Nucleus: Channel 1 max	Nucleus: Channel 1 min	Nucleus: Channel 1 range	Nucleus: Channel 2 mean	Nucleus: Channel 2 sum	Nucleus: Channel 2 std dev	Nucleus: Channel 2 max	Nucleus: Channel 2 min	Nucleus: Channel 2 range	Cell: Area	Cell: Perimeter	Cell: Circularity	Cell: Max caliper	Cell: Min caliper	Cell: Eccentricity	Cell: Channel 1 mean	Cell: Channel 1 std dev	Cell: Channel 1 max	Cell: Channel 1 min	Cell: Channel 2 mean	Cell: Channel 2 std dev	Cell: Channel 2 max	Cell: Channel 2 min	Cytoplasm: Channel 1 mean	Cytoplasm: Channel 1 std dev	Cytoplasm: Channel 1 max	Cytoplasm: Channel 1 min	Cytoplasm: Channel 2 mean	Cytoplasm: Channel 2 std dev	Cytoplasm: Channel 2 max	Cytoplasm: Channel 2 min	Nucleus/Cell area ratio	Delaunay: Num neighbors	Delaunay: Mean distance	Delaunay: Median distance	Delaunay: Max distance	Delaunay: Min distance	Delaunay: Mean triangle area	Delaunay: Max triangle area
71_16_merge.tif	ea81f16a-3f5f-4355-a3e3-03e70e4bfa15	Cell		Positive	Annotation	Polygon	1398.2	432.04	178	59.928	0.6228	25.3251	9.9668	0.9204	64.4153	11788	17.7897	96	0	96	35.0984	6423	17.9811	90	6	84	513	87.4256	0.8434	34.3895	19.0641	0.8392	24.9688	32.4458	96	0	33.3119	25.2481	120	2	3.0939	10.851	47	0	32.3212	28.4681	120	2	0.3498	6	875.4285	909.4857	1120.5612	532.5474	183203.5781	373578.2812
71_16_merge.tif	fe5dce20-cfb9-40ec-85a6-647beb091fa2	Cell		Positive	Annotation	Polygon	941.34	705.86	33	20.7982	0.9587	6.9374	6.0856	0.4604	52.6111	1894	34.4153	115	0	115	21.4722	773	7.6026	37	11	26	186	48.4616	0.9952	15.7132	14.9993	0.1999	10.0745	25.5442	115	0	22.0957	9.1126	48	4	0	0	0	0	22.2434	9.4512	48	4	0.1738	3	407.3816	399.0832	532.5474	290.5142	75651.0859	106254.9219
71_16_merge.tif	7af2717d-7733-47b0-9339-ad995a212e9c	Cell		Positive	Annotation	Polygon	837.62	976.24	101	45.4302	0.615	18.6511	8.028	0.9197	89.8476	9434	39.7044	180	37	143	46.981	4933	15.1162	90	21	69	310	73.3596	0.7239	27.6745	14.8296	0.8782	38.9137	48.965	180	0	47.8275	16.0878	91	16	13.2019	29.0082	174	0	48.2548	16.5756	91	16	0.328	4	460.8822	301.5597	1229.6947	10.7147	15855.9414	45047.2539
71_16_merge.tif	003b7d4b-d0a9-488c-8d70-6c13f8756801	Cell		Positive	Annotation	Polygon	835	989.36	99	35.7133	0.9754	11.9436	10.5557	0.4066	86.5096	8997	36.2194	173	40	133	77.8942	8101	19.8675	128	36	92	256	58.5068	0.9398	20.3922	15.3486	0.6381	41.4514	46.9992	173	0	78.8055	32.6383	160	28	10.8235	22.3157	121	0	79.4248	39.0601	160	28	0.3758	6	616.6413	525.0474	1219.0697	10.7147	43282.7461	91304.3203
71_16_merge.tif	c87f42a4-9878-4bec-9964-035b1319a3b9	Cell		Positive	Annotation	Polygon	1141.8	1050.9	250	56.9525	0.9686	19.5522	16.4401	0.5166	88.9094	22583	26.4704	134	39	95	45.0079	11432	28.1322	110	3	107	558	84.5144	0.9817	28.6237	25.3834	0.4232	43.8342	46.1036	134	0	26.1515	26.298	110	0	6.5407	15.1228	60	0	10.5505	8.4837	40	0	0.449	6	359.4777	312.5111	669.9473	215.6512	47457.0352	106254.9219
71_16_merge.tif	ffd32c54-031f-40df-a4e4-3477ff5f60b5	Cell		Positive	Annotation	Polygon	1317.4	1175.8	75	32.2499	0.9062	12.4576	8.3462	0.7389	78.4103	6116	30.141	139	38	101	14.6795	1145	8.5774	37	2	35	275	59.9836	0.9605	21.2635	16.9706	0.6225	23.0324	38.6599	139	0	14.9532	8.6192	39	1	1.435	7.6201	53	0	15.06	8.6545	39	1	0.2646	5	484.0429	503.1458	748.1064	215.6512	117313.6406	267183.375
71_16_merge.tif	4f2fb3e2-22ad-430b-956a-c70746bb6c50	Cell		Positive	Annotation	Polygon	1120.2	1297.1	48	26.3968	0.8657	9.7595	6.3947	0.7615	39.2963	2122	16.7969	62	0	62	36.7593	1985	9.5896	58	22	36	227	54.1529	0.9727	18.3747	15	0.5217	13.5345	20.5523	62	0	40.1595	22.3377	115	11	5.7191	14.2436	48	0	41.191	24.8811	115	11	0.2113	5	349.2664	411.1953	435.9713	231.7383	56201.5898	91304.3203
71_16_merge.tif	29f68852-d29d-4ca6-b623-1b281c085350	Cell		Positive	Annotation	Polygon	2016.6	1354.7	338	72.3689	0.811	25.0089	18.9848	0.6237	157.7267	54258	48.6618	233	54	179	10.3953	3576	5.5581	29	1	28	726	99.4768	0.9219	34.6953	27.7547	0.5712	86.978	77.9222	233	0	11.8626	6.461	37	1	23.599	29.6937	109	0	13.1771	6.9214	37	2	0.4685	8	787.2164	767.4194	1110.5436	407.1414	221829.375	444479.4375
71_16_merge.tif	494e1c75-0a84-46d6-8807-13ef78b883b7	Cell		Positive	Annotation	Polygon	2508.9	584.59	207	66.1431	0.5946	27.2486	10.5584	0.9118	52.0521	10983	14.4338	94	0	94	64.7536	13663	19.3087	135	36	99	561	92.0635	0.8318	36.513	19.5844	0.8368	20.6909	26.6997	94	0	63.4476	18.9842	135	26	1.892	8.4334	47	0	62.6648	18.7711	129	26	0.367	5	665.9813	670.282	1120.5612	187.3056	42943.7109	98576.7969
71_16_merge.tif	37a836ac-375d-4302-a5c9-843c0b94f30f	Cell		Positive	Annotation	Polygon	2421.2	749.74	214	58.8279	0.7771	22.9233	13.1413	0.827	77.8624	16974	23.7568	126	37	89	82.8165	18054	33.2479	157	28	129	533	85.9616	0.9064	32.2581	21.9966	0.7353	34.416	40.3693	126	0	77.1847	34.2006	157	19	4.6321	13.2701	53	0	73.3239	34.3597	152	19	0.3933	7	597.1582	662.2255	1070.8651	187.3056	118857.4219	373578.2812
71_16_merge.tif	1e90078d-f1bb-49ef-8bbc-699ca8694f79	Cell		Positive	Annotation	Polygon	3155.9	754.7	221	57.9052	0.8283	19.8084	15.983	0.5055	85.8	19305	21.562	131	39	92	86.4444	19450	22.9902	128	35	93	470	82.3476	0.871	28.4281	22.531	0.5867	51.4515	41.004	131	0	84.9979	27.2195	150	21	20.4137	27.371	106	0	83.6908	30.5298	150	21	0.467	5	155.4776	27.098	670.282	20.5086	2278.6038	10805.0879
71_16_merge.tif	af9e5f94-f257-4aa8-bcf4-fa7f89d91c8c	Cell		Positive	Annotation	Polygon	3182.6	755.86	226	70.1112	0.5778	27.7071	14.5858	0.8981	57.8874	13372	14.448	96	37	59	61.2338	14145	14.3189	103	28	75	535	92.1054	0.7925	35.8502	21.3802	0.8011	30.3091	29.3207	96	0	56.4842	18.2837	103	8	9.4902	18.5075	64	0	52.8987	20.072	99	8	0.418	5	291.729	353.11	694.2421	17.6561	2266.2336	4047.4514
71_16_merge.tif	6d19d837-15b6-462e-8ec6-d6e14f2f1365	Cell		Positive	Annotation	Polygon	3152.5	776.54	224	64.1491	0.684	22.1998	13.671	0.8205	91.4933	20586	27.8586	154	44	110	64.7067	14559	15.4961	101	28	73	465	83.4289	0.8395	28.4894	22.382	0.544	57.6745	42.4894	154	0	58.1456	19.4518	105	12	26.2314	26.6258	85	0	52.0455	20.7577	105	12	0.477	3	21.2383	20.5086	24.3267	18.8796	157.5222	239.5691
71_16_merge.tif	9b386889-7eba-4746-bef9-0db0150b7cb9	Cell		Positive	Annotation	Polygon	3177	775.16	105	42.7237	0.7229	15.3202	11.1659	0.6519	45.5225	5053	10.2645	72	0	72	39.2793	4360	11.2655	58	15	43	319	67.7206	0.8741	24.4956	16.5511	0.7083	17.9412	22.7536	72	0	33.1672	10.748	61	12	3.5	11.1994	45	0	29.967	8.9545	61	12	0.3259	7	167.2066	42.6231	358.374	17.6561	9409.2529	61209.4961
71_16_merge.tif	7fa33642-0acb-4244-89f0-b100528b9544	Cell		Positive	Annotation	Polygon	3133.5	783.98	125	43.2203	0.8409	15.5924	10.2031	0.7692	54.969	7091	11.2659	81	37	44	79.8372	10299	24.6658	135	37	98	315	66.0153	0.9083	24.2498	16.9706	0.7112	24.8531	27.6646	81	0	75.6719	31.0187	148	21	4.5131	12.9525	53	0	72.8586	34.4355	148	21	0.3853	7	326.6833	340.2014	714.8054	18.8796	32461.5586	153325.6406
71_16_merge.tif	4e50136b-ad93-4400-b40f-b3bc9d80ad94	Cell		Positive	Annotation	Polygon	3515.2	911.17	183	56.7059	0.7152	22.4982	10.5633	0.896	68.3989	12859	16.3719	104	37	67	8.1968	1541	6.972	33	0	33	449	79.8282	0.8854	29.462	19.3986	0.7378	31.2794	34.8193	104	0	8.8137	7.7248	38	0	4.7452	13.9853	67	0	9.2548	8.2054	38	0	0.4048	4	109.9512	26.488	369.1124	17.7163	1486.3958	4047.4514
71_16_merge.tif	e6865f5c-765e-4978-853b-398f73f17326	Cell		Positive	Annotation	Polygon	3539.2	923.47	320	92.6421	0.4685	30.2553	20.1188	0.7353	69.3127	22388	18.3726	129	0	129	11.1238	3593	9.4197	44	0	44	762	111.3816	0.7719	39.2213	27.974	0.733	34.251	34.9153	129	0	10.6641	8.27	44	0	8.629	17.5252	69	0	10.3281	7.3097	31	0	0.4172	4	64.1426	54.7981	126.0985	20.8756	497.659	845.7234
71_16_merge.tif	c4708a94-4bc4-4648-87fc-e0005a50e888	Cell		Positive	Annotation	Polygon	3491.2	924.25	268	65.0658	0.7955	22.9939	16.2182	0.6171	93.7794	25508	24.8236	136	41	95	22.6066	6149	17.3763	72	0	72	556	88.8361	0.8853	31.2854	24.9031	0.644	56.2594	44.8607	136	0	16.7335	14.677	72	0	20.7003	27.1083	98	0	11.1672	8.3837	38	0	0.4768	7	116.3169	27.0416	353.11	17.6158	1564.2601	4047.4514
71_16_merge.tif	12bdf46b-e68d-46b6-991f-6c6c7e372eaf	Cell		Positive	Annotation	Polygon	3518.4	931.32	75	33.6747	0.8311	11.6817	9.2656	0.5541	55.4872	4328	11.8341	83	38	45	6.8333	533	4.1947	19	0	19	177	51.4293	0.8409	18.3131	14.5141	0.5797	27.895	28.0336	83	0	8.1326	5.8437	27	0	7	16.0642	59	0	9.1165	6.6867	27	0	0.427	5	31.7599	20.8756	81.0481	12.1179	366.0727	845.7234
71_16_merge.tif	2f5cca1f-ea00-4bb4-9526-d7d0e9ce1649	Cell		Positive	Annotation	Polygon	3482.8	944.99	128	50.6953	0.6259	19.573	10.6993	0.8847	54.9167	7249	17.4155	95	0	95	26.0076	3433	9.1247	58	2	56	329	73.149	0.7727	27.0714	18.183	0.7859	29.5569	28.2957	95	0	18.9521	10.9489	58	1	12.9851	20.7469	87	0	14.3416	9.5019	58	1	0.3953	7	201.4143	124.6773	444.099	14.973	13721.6465	61209.4961
71_16_merge.tif	e945992f-5369-43dc-87ee-790e2a3bbe5c	Cell		Positive	Annotation	Polygon	3508.2	937.68	29	21.9551	0.756	8.6338	4.4089	0.8666	40.875	1308	11.5974	55	0	55	6.0312	193	3.4124	14	1	13	116	40.5272	0.8875	14.6166	11.0136	0.6138	11.1157	19.1599	55	0	6.7025	4.7603	22	0	0.4157	3.922	37	0	6.9438	5.1552	22	0	0.2476	5	27.8577	19.5466	77.2777	9.7285	268.6067	634.4476
71_16_merge.tif	4d6949cc-94ac-4e78-a5bb-3671d57768a2	Cell		Positive	Annotation	Polygon	3499	941.21	28	21.3096	0.7748	7.1863	5.7269	0.5447	43	1376	4.0401	54	37	17	15.9688	511	5.9051	25	5	20	101	40.1513	0.7873	14.146	10.7461	0.5891	32.0566	18.1815	54	0	15.2075	6.5461	30	0	27.3243	19.8329	50	0	14.8784	6.8165	30	0	0.2631	4	13.6775	13.6829	17.6158	9.7285	87.1562	124.8534
71_16_merge.tif	b1d66ce4-afa3-4687-9248-0659aefc14d5	Cell		Positive	Annotation	Polygon	3497.1	954.24	85	34.054	0.9211	12.628	9.3121	0.644	51.764	4607	11.6989	76	0	76	15.1798	1351	7.519	31	2	29	245	57.4045	0.9343	19.125	16.1836	0.4575	22.3347	25.8481	76	0	16.1371	7.0088	35	2	5.8616	14.3983	54	0	16.673	6.6708	35	2	0.3412	5	45.2881	19.5466	109.6719	12.3929	333.3343	634.4476
71_16_merge.tif	a28523e7-9600-46a0-a0ea-6276ce916aad	Cell		Positive	Annotation	Polygon	3537.6	1008.3	442	89.036	0.7007	29.3015	21.725	0.5152	68.4135	30444	20.0033	127	38	89	24.9146	11087	15.9724	77	2	75	886	112.1025	0.886	38.3427	30.6824	0.4863	36.991	35.9525	127	0	19.1535	13.6611	77	0	5.2834	13.7784	49	0	13.3401	7.1059	31	0	0.4972	5	70.8097	77.2777	84.176	42.8817	588.314	845.7234
71_16_merge.tif	a5f35c80-efc5-432d-8a80-c81d4d7f4fa8	Cell		Positive	Annotation	Polygon	3548	1050.7	894	131.9217	0.6455	41.7032	32.4341	0.6839	74.3121	66435	19.9091	122	37	85	48.2819	43164	24.6203	162	2	160	1530	153.9165	0.8116	50.5981	41.2452	0.5895	47.6917	36.989	122	0	50.322	33.2566	179	0	10.3312	18.4589	60	0	53.1852	42.3733	179	0	0.5803	6	351.0606	125.3879	1231.0686	42.8817	45558.3047	198861.5781
71_16_merge.tif	f3072169-b49e-4895-b824-a8a9a52bc5e5	Cell		Positive	Annotation	Polygon	3080.7	1118.5	109	40.556	0.8328	14.865	10.8423	0.7311	53.4867	6044	9.6484	73	0	73	17.9292	2026	6.2717	33	7	26	298	64.6446	0.8961	23.5738	16.0278	0.753	23.8467	26.6913	73	0	18.9533	6.621	36	4	5.9358	15.2621	55	0	19.5722	6.7648	36	4	0.3687	5	269.9026	340.2014	439.7063	15.9286	20066.3828	61209.4961
71_16_merge.tif	b60f578c-5ea1-4d6e-b503-9689e76d9b27	Cell		Positive	Annotation	Polygon	2352.4	1124.4	37	21.0885	1	6.9549	6.4179	0	51.2632	1948	22.0622	95	0	95	108.4211	4120	13.5997	125	69	56	186	48.5367	0.9922	15.9077	14.9825	0.1793	10.3617	22.8557	95	0	95.1755	20.0911	138	50	0	0	0	0	91.82	20.1145	138	50	0.1822	3	294.482	381.109	407.1414	95.1955	29835.4492	55070.9062
71_16_merge.tif	ea07304d-dcd0-4914-9978-15ff168707fd	Cell		Positive	Annotation	Polygon	3083.9	1136.3	256	66.9261	0.7182	26.2267	13.3139	0.8831	79.8915	20612	20.6368	121	39	82	50.5194	13034	36.5734	149	9	140	564	91.889	0.8394	35.1795	19.8554	0.8351	41.8103	40.3061	121	0	43.3085	30.7092	149	5	9.7026	19.4672	70	0	37.2288	23.0785	135	5	0.4544	6	380.5218	329.8983	944.0135	15.9286	51653.3789	198861.5781
71_16_merge.tif	4c8a77fe-a98e-4013-8d6f-7b533e4c6902	Cell		Positive	Annotation	Polygon	2425.4	1185.5	64	30.4473	0.8675	11.1077	8.2828	0.5992	63.058	4351	22.6429	108	0	108	82.8841	5719	12.8355	110	59	51	262	58.4667	0.9632	20.0044	17.442	0.4629	16.7932	30.0128	108	0	100.1541	24.5565	157	57	0.5888	4.7497	40	0	106.203	24.8269	157	57	0.2536	6	476.2008	452.9026	940.7422	95.1955	90236.8906	207930.9219
71_16_merge.tif	8b0194e0-12b5-4254-8589-ce6760c8322c	Cell		Positive	Annotation	Polygon	2906.1	1200.7	441	97.3449	0.5848	34.5033	20.9293	0.823	79.8789	35626	23.3704	141	37	104	48.9238	21820	29.3076	130	2	128	839	114.9306	0.7982	41.4468	29.5161	0.7114	49.1492	40.4256	141	0	42.9773	28.5473	130	0	14.1862	23.9594	111	0	36.2117	26.0911	120	0	0.5283	6	338.9918	336.5431	662.2255	27.8149	48918.6055	153325.6406
71_16_merge.tif	7f07b6cc-f830-45ba-806e-54b4bc6063b7	Cell		Positive	Annotation	Polygon	2886.7	1224.5	577	97.2762	0.7663	35.2955	23.7785	0.7623	86.5381	50019	24.2668	141	38	103	19.8962	11500	10.638	83	2	81	967	120.6321	0.835	43.6855	32	0.6966	58.2085	42.6793	141	0	22.7678	16.8736	119	0	16.3299	26.4974	134	0	27.0128	22.5604	119	0	0.5932	4	381.7271	339.5652	819.9633	27.8149	68494.1406	189998.1719
71_16_merge.tif	a0e37eb9-ec36-4347-aaca-08949b840e6b	Cell		Positive	Annotation	Polygon	823.8	1615.8	33	23.2623	0.7663	7.9812	6.6287	0.5348	30.3684	1154	15.9618	44	0	44	131.2368	4987	16.1303	154	94	60	155	46.1024	0.9164	16.653	12.441	0.6677	14.2327	18.9176	50	0	100.0126	29.5845	154	34	9.1653	16.8614	50	0	90.2066	25.8163	141	34	0.2222	5	411.6087	456.5041	629.8299	11.7913	53307.7188	91304.3203
71_16_merge.tif	f144b194-85e5-4ada-90e6-c937d80b558a	Cell		Positive	Annotation	Polygon	827.56	1630.3	110	45.7243	0.6612	17.3983	9.7057	0.8343	37.5652	4320	12.8781	54	0	54	94.7739	10899	14.6306	124	72	52	341	71.1753	0.8459	25.9871	18.9663	0.6475	18.5279	20.3692	54	0	93.2317	14.5585	124	45	8.8407	16.2309	45	0	92.4469	14.491	116	45	0.3315	6	355.5506	388.032	516.1557	11.7913	18766.332	84500.8984
71_16_merge.tif	d9b19578-4723-4591-a703-199877ef499b	Cell		Positive	Annotation	Polygon	1276.8	1677	242	70.0074	0.6205	29.291	12.9909	0.8875	92.7661	23006	38.7952	177	38	139	80.3186	19919	32.8641	131	22	109	614	97.2637	0.8156	38.0602	21.7496	0.8233	42.4251	50.1854	177	0	63.4137	36.3194	143	11	8.3142	17.9641	73	0	51.959	34.0404	143	11	0.3953	9	665.738	626.1668	976.0701	411.1953	152775.8281	393840.3125
71_16_merge.tif	2076947b-6bee-4f2a-b9f7-121d8cfbded4	Cell		Positive	Annotation	Polygon	720.78	1991.2	402	90.7239	0.6138	31.6649	19.486	0.8239	117.8108	47949	32.3683	185	42	143	57.0074	23202	20.5532	122	16	106	762	109.9885	0.7915	37.7734	28.5747	0.6565	79.3045	51.722	185	0	47.5079	19.5362	122	9	35.1577	29.834	108	0	36.6169	10.6431	68	9	0.5283	3	142.1233	30.917	378.4451	17.0078	2678.8679	4701.8345
71_16_merge.tif	ab1c7e99-7653-4633-8ff4-2347b8d53e58	Cell		Positive	Annotation	Polygon	739.31	1994.9	44	25.5211	0.8489	8.5133	6.8667	0.4975	48.7917	2342	11.7726	71	0	71	29.3542	1409	8.5465	46	15	31	158	47.0077	0.8985	16.8574	12	0.6847	20.6211	24.5947	71	0	32.4534	13.233	94	8	8.6549	17.9278	59	0	33.7699	14.6165	94	8	0.2836	7	280.9592	334.997	626.1668	17.0078	33867.0781	116876.3438
71_16_merge.tif	e5e3e590-1e36-4c6c-ba93-9b8684152611	Cell		Positive	Annotation	Polygon	690.14	2003	343	83.8285	0.6134	32.7779	16.5198	0.8806	69.5396	23713	19.4087	130	37	93	41.9736	14313	15.7854	92	8	84	709	103.5657	0.8307	39.8323	25	0.79	41.0874	35.9654	143	0	41.8209	17.547	92	7	14.7228	26.4051	143	0	41.6793	19.0549	91	7	0.4727	6	150.2884	130.3774	397.6188	30.917	6374.7314	26126.709
71_16_merge.tif	d7c6f6d7-d444-4c3c-b8c5-eaee3ac58e84	Cell		Positive	Annotation	Polygon	533	2051.3	288	76.4956	0.6185	23.9525	18.1271	0.6002	43.2042	12486	10.0797	59	0	59	34.7093	10031	10.3053	58	10	48	612	94.5798	0.8597	32.9081	25.9189	0.4882	22.5947	22.537	59	0	34.3229	12.5065	76	7	3.8648	11.8118	50	0	33.9717	14.2221	76	7	0.4724	8	321.7823	147.862	1107.5514	20.3887	20128.7285	89111.1016
71_16_merge.tif	713455c0-8364-4cb1-a4d7-b27f6ab326cc	Cell		Positive	Annotation	Polygon	536.76	2073.8	293	69.8681	0.7543	22.3287	19.9516	0.4482	43.1007	12844	9.551	72	0	72	28.0738	8366	7.9329	50	5	45	491	88.644	0.7852	30.2623	24.5506	0.5293	28.4442	21.63	72	0	29.3144	9.3692	58	5	6.0462	14.5823	48	0	31.2103	10.9682	58	9	0.5967	5	51.4502	35.3032	121.3374	19.4063	1123.1627	3652.366
71_16_merge.tif	72fb286c-e47b-4b96-9aa5-66519d0124e4	Cell		Positive	Annotation	Polygon	573.52	2075.5	182	60.6754	0.6212	23.3021	13.7523	0.8183	38.9683	7365	13.9161	57	0	57	41.672	7876	13.3061	82	16	66	479	84.0083	0.8529	32.2407	21.3091	0.7325	18.2167	21.3669	57	0	40.9854	14.654	83	12	4.7388	12.8691	48	0	40.5395	15.4728	83	12	0.3923	6	26.4022	21.2207	46.2589	14.282	194.9082	339.4867
71_16_merge.tif	de3452f8-8409-4554-85b8-8827c5f6fad8	Cell		Positive	Annotation	Polygon	593.46	2074.6	142	57.9555	0.5313	20.6148	12.6537	0.831	39.5517	5735	8.9791	59	0	59	34.2483	4966	23.5975	98	1	97	415	79.4318	0.8265	27.3555	21	0.6903	16.6492	20.2047	59	0	33.8544	25.417	110	1	4.5292	12.51	49	0	33.646	26.3687	110	2	0.3371	4	56.293	42.1805	122.6141	18.1968	1090.6145	3328.5034
71_16_merge.tif	01a87bdb-2424-417c-a77f-394d8ccb308d	Cell		Positive	Annotation	Polygon	554.27	2085.5	290	87.2848	0.4783	27.0459	20.7641	0.746	39.619	11648	12.5153	60	0	60	51.1837	15048	15.009	86	19	67	599	106.6925	0.6613	36.076	27.8332	0.7131	22.0233	21.5088	60	0	44.005	17.144	86	6	5.1726	13.2211	44	0	37.1303	16.2383	82	6	0.4836	4	25.133	20.0532	44.988	15.4376	213.6818	291.9841
71_16_merge.tif	0642bd90-0779-4eb8-9980-af91833a0ee4	Cell		Positive	Annotation	Polygon	569.22	2091.6	14	15.0942	0.7722	6.023	3.2409	0.8519	35.1176	597	13.4948	46	0	46	58.2353	990	6.933	70	47	23	74	31.8469	0.9169	11.6999	7.7046	0.7481	10.6267	17.8112	47	0	57.64	16.31	90	26	3.4483	11.3758	47	0	57.4655	18.2134	90	26	0.1833	4	21.8162	17.3409	38.3007	14.282	224.4765	367.9653
71_16_merge.tif	2677c662-c3b5-4b06-9506-f57e0ab1521d	Cell		Positive	Annotation	Polygon	587.33	2094.6	79	34.9528	0.8126	12.0906	9.3294	0.6178	34.0976	2796	15.9394	51	0	51	34.5	2829	16.3732	68	9	59	248	57.0718	0.9568	19.6534	16.4494	0.5094	14.3307	19.6706	51	0	39.4502	19.3903	100	7	4.7396	13.0404	51	0	41.8521	20.3097	100	7	0.3193	7	90.5871	41.8975	215.5985	18.1968	3336.0374	17407.1719
71_16_merge.tif	59b3b562-e3dd-41ed-b654-baada60b69c8	Cell		Positive	Annotation	Polygon	563.66	2127.8	52	27.5872	0.8586	10.1328	5.9696	0.7722	34.9286	1956	14.8187	54	0	54	47.4643	2658	14.3919	81	24	57	237	56.3939	0.9365	19.3429	14.9177	0.6105	13.7934	19.0561	54	0	48.7769	31.0165	141	7	7.4301	15.2265	45	0	49.172	34.5105	141	7	0.2152	9	94.8784	114.6115	186.1363	38.3007	2331.6101	6635.7817
71_16_merge.tif	11716d5d-163b-441a-b5b2-62834d0c03f4	Cell		Positive	Annotation	Polygon	435.58	2139.5	405	101.3683	0.4953	27.8217	24.4119	0.4566	68.1605	27605	22.8375	127	0	127	26.9704	10923	25.5643	104	1	103	870	112.1398	0.8694	36.434	33.292	0.3468	35.5098	36.2014	127	0	29.0873	26.6477	114	0	7.133	16.2287	68	0	30.927	27.4495	114	0	0.4611	8	418.6849	133.0414	1229.6947	121.3374	7430.6177	38412.6797
71_16_merge.tif	298cb5f7-1614-4ae1-a35e-cbf7351f5846	Cell		Positive	Annotation	Polygon	510.02	2235.6	51	27.7107	0.8346	9.9617	7.8359	0.3523	54.1429	3032	16.1408	86	0	86	33.4286	1872	6.2896	53	23	30	189	49.6833	0.9622	17.4676	13.7706	0.6026	21.0947	26.8787	86	0	43.2368	17.4505	101	20	7.2836	16.3365	69	0	47.3358	18.9459	101	20	0.2833	4	69.0961	69.5765	122.5076	14.7239	2084.2161	6635.7817
71_16_merge.tif	e6d5b66a-c4c6-4830-8a83-13c127d24b94	Cell		Positive	Annotation	Polygon	537.81	2238.1	52	27.9465	0.8367	10.6756	7.019	0.7395	35.4182	1948	15.0465	48	0	48	14.4364	794	4.3579	21	6	15	192	50.6556	0.9403	18.0308	14	0.6183	13.8763	19.6936	50	0	17.1082	7.1999	43	4	5.3525	13.9891	50	0	18.1655	7.8164	43	4	0.2813	5	64.3974	74.7764	114.6115	11.3558	1541.474	5290.5903
71_16_merge.tif	aed31d35-2f19-4a61-9d75-dfdd7a033eba	Cell		Positive	Annotation	Polygon	525.09	2237.5	30	20.3892	0.9068	7.5175	4.7068	0.7524	53.3125	1706	10.0014	75	38	37	90.875	2908	15.1588	111	53	58	111	38.1153	0.9601	13.2697	10.9747	0.4814	24	25.2666	75	0	79.087	21.1646	111	35	12.6988	19.625	51	0	74.5422	21.4648	109	35	0.2619	5	37.2062	19.9875	117.9952	11.3558	385.5465	855.998
71_16_merge.tif	ac0d1a38-b639-49d9-9bb6-6735e2a6b7bd	Cell		Positive	Annotation	Polygon	507.45	2256.1	593	126.8339	0.4632	40.1853	29.9807	0.714	87.5438	52001	26.9481	144	0	144	23.6869	14070	12.1526	58	0	58	1063	140.0541	0.681	47.4058	37.7468	0.4437	57.6958	42.4662	144	0	22.9221	13.2572	91	0	20.0531	24.907	83	0	21.9575	14.4869	91	0	0.556	7	75.0438	89.3415	136.4245	17.7816	501.3923	826.9518
71_16_merge.tif	c5a1e5ee-a3e9-4797-ba2c-4289bb9a3ac2	Cell		Positive	Annotation	Polygon	536.46	2259.2	133	54.7012	0.5586	22.9459	8.7975	0.9387	55.2464	7624	13.6573	95	37	58	22.1087	3051	7.4605	37	6	31	344	72.8675	0.8141	28.6099	17.5547	0.7852	27.7572	27.6772	95	0	24.1561	11.9367	87	4	9.5192	17.7557	57	0	25.5144	13.9996	87	4	0.3938	5	39.6509	25.6237	73.9787	17.6389	411.9974	826.9518
71_16_merge.tif	49ab6fc8-58a6-4a90-b305-03fe929d9129	Cell		Positive	Annotation	Polygon	615.01	2307.4	430	88.139	0.6956	29.0482	22.9154	0.5941	114.044	49267	35.5947	181	39	142	32.6435	14102	32.3115	133	0	133	884	113.9981	0.8548	38.049	31.9244	0.5093	64.2878	57.3779	181	0	24.965	25.4813	133	0	16.9427	24.8788	100	0	17.6586	12.8622	69	0	0.4877	10	153.2992	144.8703	334.997	39.8175	7739.5488	39102.2148
71_16_merge.tif	70fc670a-1cb5-44d5-bc5f-e1e1656086df	Cell		Positive	Annotation	Polygon	572.92	2303.1	120	44.9464	0.7465	17.0587	10.8829	0.714	59.9444	7553	18.0596	110	37	73	11	1386	5.0072	24	2	22	350	69.6346	0.907	24.1321	20.1424	0.5769	24.5857	30.7115	110	0	11.1914	8.4542	54	0	4.6964	13.767	56	0	11.2991	9.8879	54	0	0.3467	5	43.138	41.8583	74.7764	17.0719	535.9536	1315.6354
71_16_merge.tif	4a5fc09a-7041-4afa-8b46-edbfd9e47305	Cell		Positive	Annotation	Polygon	579.71	2321.8	72	38.0996	0.6233	15.5083	6.2543	0.9314	50.4675	3886	11.3585	73	0	73	10.4026	801	6.4221	23	0	23	218	58.5748	0.7984	22.2367	14.0112	0.7908	18.027	25.0129	73	0	13.6036	8.76	45	0	0.8	5.5259	40	0	15.3034	9.3603	45	1	0.3366	4	24.0116	21.9948	39.8175	12.2391	239.0948	384.6874
71_16_merge.tif	69dacd24-54b8-4e35-865b-57e9a3dbc3e3	Cell		Positive	Annotation	Polygon	564.87	2324.9	71	32.6092	0.8391	12.3643	8.0238	0.7299	47.8158	3634	12.0463	70	0	70	12.8421	976	8.0532	44	3	41	247	57.2492	0.947	19.1597	16.2997	0.269	15.4096	23.2306	70	0	18.4498	13.3829	69	2	1.1734	6.8534	48	0	20.9133	14.4901	69	2	0.2987	5	43.609	21.5284	89.3415	12.2391	435.9123	826.9518
71_16_merge.tif	bf11d9fa-da89-46a9-9ad1-4da8302fc9c1	Cell		Positive	Annotation	Polygon	567.25	2345.6	56	31.7878	0.6964	13.3138	6.1181	0.8806	65.5082	3996	27.9646	122	0	122	10.0164	611	7.2514	30	1	29	252	59.5703	0.8924	22.4787	15.1528	0.7498	16.1673	31.1152	122	0	10.323	8.9987	37	0	0.8112	5.6396	41	0	10.4184	9.4916	37	0	0.2287	5	47.6874	26.9176	107.4407	20.8867	420.5257	570.0457
71_16_merge.tif	1c7bbde1-7a89-4058-a673-b43c21c2bdc6	Cell		Positive	Annotation	Polygon	569.83	2366.7	149	45.4777	0.9053	17.3481	11.2925	0.7462	55.0067	8251	11.1767	77	37	40	7.3667	1105	4.9864	22	0	22	394	71.9698	0.9559	25.3077	20	0.6084	20.9698	27.5533	77	0	8.1662	5.8726	28	0	0.2996	3.3226	37	0	8.6518	6.3111	28	0	0.3718	7	243.3006	262.998	479.8451	20.8867	6635.9878	27779.6543
71_16_merge.tif	2ea24ffa-5157-4a6e-bf6f-25a8a78e390b	Cell		Positive	Annotation	Polygon	842.57	2365.5	73	31.821	0.906	11.8956	8.0498	0.6906	116.8816	8883	40.3514	191	50	141	7.3947	562	4.6161	20	1	19	251	58.1974	0.9313	20.7358	16.9941	0.5663	40.3858	56.6995	191	0	6.5669	4.3956	20	0	7.7247	17.8875	70	0	6.2135	4.2625	20	0	0.2766	6	334.2637	278.113	814.2178	14.2253	44775.8359	116876.3438
71_16_merge.tif	cd4930bd-9391-4c3a-bc37-df4dd916fb96	Cell		Positive	Annotation	Polygon	1913	2376	42	22.922	1	7.5256	6.9909	0.3971	52.2955	2301	26.3276	85	0	85	10.9091	480	6.2796	26	0	26	207	50.6778	1	16.25	15.955	0.1349	11.0625	24.5424	85	0	10.6298	5.7165	28	0	0	0	0	0	10.5549	5.5741	28	1	0.1956	5	809.5439	945.0104	1026.6951	170.4533	272017.7188	444479.4375
71_16_merge.tif	25eddec2-1fcd-44af-9386-e1582fdad91a	Cell		Positive	Annotation	Polygon	843.08	2381.4	73	31.3405	0.9339	10.7298	8.7316	0.5593	119.2133	8941	48.087	204	43	161	8.0933	607	5.6237	20	0	20	236	55.5198	0.9621	19.3322	15	0.5673	42.2134	60.4118	204	0	9.9958	6.6285	26	0	7	17.4187	73	0	10.8659	6.8825	26	0	0.3009	4	194.0897	244.2342	273.665	14.2253	9675.1631	27779.6543
71_16_merge.tif	7b87843c-a468-4b15-9ad1-4ddaa4edc24e	Cell		Positive	Annotation	Polygon	1941.3	2544.1	53	26.8385	0.9246	9.154	8.0473	0.5004	115.2414	6684	40.8954	184	45	139	16.9138	981	16.8588	92	0	92	231	54.3695	0.982	17.9266	16.913	0.2592	31.4915	53.3185	184	0	35.2373	47.197	189	0	4.2022	13.7312	67	0	41.2079	52.1546	189	1	0.2369	3	707.398	941.5696	1010.1712	170.4533	80323.9297	80747.5391
71_16_merge.tif	2b7aba84-4ae8-40fa-b2af-82078203ac18	Cell		Positive	Annotation	Polygon	975.4	2588.9	105	48.435	0.5624	18.1419	8.7137	0.9014	45	4950	7.0607	60	0	60	45.5091	5006	27.8053	131	12	119	333	69.9138	0.8561	24.0732	18.2586	0.6417	20.8209	22.1482	60	0	51.1493	27.6767	138	12	9	16.7249	50	0	53.9067	27.2524	138	15	0.3153	5	205.4367	248.8797	464.3563	17.6571	6416.8257	27779.6543
71_16_merge.tif	0d1e3e56-7cc2-486f-b387-dd73654488f1	Cell		Positive	Annotation	Polygon	983.93	2605.3	305	89.7915	0.4754	31.3323	19.1428	0.8041	49.6688	15447	10.1284	77	0	77	99.9518	31085	38.5223	171	26	145	649	110.4078	0.669	40.4322	25.8874	0.8205	26.9217	25.1405	77	0	80.8064	49.1406	187	0	6.1147	14.4629	49	0	63.2941	51.2764	187	0	0.4724	3	172.0538	18.6591	479.8451	17.6571	1042.4445	2000.7698
71_16_merge.tif	cbd2fe7e-7c19-410e-b944-e846e7980b8c	Cell		Positive	Annotation	Polygon	1005.1	2614.3	88	46.0062	0.5225	16.5837	9.5094	0.8601	44.1158	4191	11.9279	59	0	59	42.7789	4064	20.7965	107	10	97	293	66.7082	0.8274	25.015	17.1138	0.7467	16.9189	22.3314	59	0	40.7838	22.4779	107	7	4.0647	12.3004	48	0	39.8408	23.2206	103	7	0.2978	6	534.5753	618.066	976.0701	18.6591	116801.7656	393840.3125
71_16_merge.tif	558611a4-94ca-4c67-b4d2-721579ace561	Cell		Positive	Annotation	Polygon	2817.4	2040.9	49	25.4879	0.9478	9.7768	6.1283	0.7522	57.7692	3004	19.5404	90	0	90	5.3269	277	3.2883	15	0	15	220	53.0351	0.9829	18.6712	14.6136	0.5818	13.5315	26.2569	90	0	8.2928	7.2486	29	0	0	0	0	0	9.2	7.8684	29	0	0.2067	7	994.9873	964.3857	1231.0686	819.9633	199875.0312	444479.4375
