Image	Object ID	Object type	Name	Classification	Parent	ROI	Centroid X px	Centroid Y px	Nucleus: Area	Nucleus: Perimeter	Nucleus: Circularity	Nucleus: Max caliper	Nucleus: Min caliper	Nucleus: Eccentricity	Nucleus: Channel 1 mean	Nucleus: Channel 1 sum	Nucleus: Channel 1 std dev	Nucleus: Channel 1 max	Nucleus: Channel 1 min	Nucleus: Channel 1 range	Nucleus: Channel 2 mean	Nucleus: Channel 2 sum	Nucleus: Channel 2 std dev	Nucleus: Channel 2 max	Nucleus: Channel 2 min	Nucleus: Channel 2 range	Cell: Area	Cell: Perimeter	Cell: Circularity	Cell: Max caliper	Cell: Min caliper	Cell: Eccentricity	Cell: Channel 1 mean	Cell: Channel 1 std dev	Cell: Channel 1 max	Cell: Channel 1 min	Cell: Channel 2 mean	Cell: Channel 2 std dev	Cell: Channel 2 max	Cell: Channel 2 min	Cytoplasm: Channel 1 mean	Cytoplasm: Channel 1 std dev	Cytoplasm: Channel 1 max	Cytoplasm: Channel 1 min	Cytoplasm: Channel 2 mean	Cytoplasm: Channel 2 std dev	Cytoplasm: Channel 2 max	Cytoplasm: Channel 2 min	Nucleus/Cell area ratio	Delaunay: Num neighbors	Delaunay: Mean distance	Delaunay: Median distance	Delaunay: Max distance	Delaunay: Min distance	Delaunay: Mean triangle area	Delaunay: Max triangle area
85F_1_merge.tif	8036664e-4f35-4d7f-bec7-e32d9ad62747	Cell		Positive	Annotation	Polygon	814.45	221.53	55	28.5922	0.8454	9.5518	8.352	0.3963	71.9836	4391	22.644	116	0	116	156.3115	9535	23.5411	211	118	93	171	50.8544	0.8309	17.8279	14.9091	0.4323	29.8439	37.6014	116	0	164.6647	25.8635	211	102	6.8929	20.1576	86	0	169.2143	26.0334	209	102	0.3058	5	140.7661	92.0013	487.4202	9.6778	3061.0464	11838.6895
85F_1_merge.tif	5f3b6746-af4e-4b5d-b87d-803e5fa3463f	Cell		Positive	Annotation	Polygon	821.86	232.58	88	41.5048	0.6419	15.9108	9.1612	0.8585	74	6808	20.0954	131	0	131	133.9891	12327	50.2098	211	31	180	266	65.8973	0.7698	25.2775	15.4648	0.79	30.1845	37.5336	131	0	125.4502	56.0532	224	27	7.6648	20.6933	87	0	121.0615	58.4809	224	27	0.3369	5	76.1078	80.8023	191.5086	9.6778	1800.4967	6844.5137
85F_1_merge.tif	11e237ee-1534-451c-b062-8f36a4b22b15	Cell		Positive	Annotation	Polygon	804.55	231.58	55	28.0831	0.8764	9.8834	8.0791	0.4927	73.2881	4324	19.1663	121	0	121	114.6271	6763	23.3725	178	70	108	189	50.4978	0.9314	16.988	14.7892	0.4339	22.4041	35.4531	121	0	117.171	35.2802	199	34	0	0	0	0	118.291	39.4271	199	34	0.2894	4	77.3642	52.7602	191.8314	12.1051	2376.1211	7914.3335
85F_1_merge.tif	13c4d0ff-eb2a-4ccd-8973-cc5cf7071249	Cell		Positive	Annotation	Polygon	328.08	237.92	35	20.7985	1	7.4544	6	0.5478	71.8571	2515	51.7824	147	0	147	106.2	3717	40.0785	189	51	138	179	47.9546	0.9781	16.3349	13.9817	0.4738	14.3	36.5068	147	0	106.5667	35.7573	208	41	0.4069	4.8997	59	0	106.6552	34.7857	208	41	0.1804	4	234.5095	217.8752	487.4202	14.8675	5912.8613	11838.6895
85F_1_merge.tif	6b4f7894-f9b1-43b1-a40e-38acf19f0492	Cell		Positive	Annotation	Polygon	314.25	239.24	35	21.0294	0.9945	7.4679	5.8138	0.5808	75.8611	2731	36.3241	124	0	124	92.0556	3314	28.8315	150	32	118	150	45.1234	0.9258	15.207	11.9805	0.6147	18.3487	36.8949	124	0	73.6908	29.7645	150	28	0.5	5.3852	58	0	67.9914	27.7835	129	28	0.2127	3	22.0474	14.8675	44.1658	7.1089	187.8837	240.9294
85F_1_merge.tif	c78e5292-0a5d-46db-b063-72dfb11a5170	Cell		Positive	Annotation	Polygon	305.28	242.93	8	10.7325	0.8728	4.2639	2.3571	0.7823	67.2	672	40.0993	113	0	113	42	420	5.9067	55	35	20	83	34.4416	0.8793	13.2844	7.6297	0.8052	20.7701	38.2673	113	0	63.2529	20.898	115	33	14.7403	33.8551	113	0	66.013	20.5647	115	33	0.0818	4	174.8835	167.1355	358.1539	7.1089	7441.9438	16422.7031
85F_1_merge.tif	1fc7bb79-3174-4a0d-ad58-907bc54d68aa	Cell		Positive	Annotation	Polygon	899.69	259.75	144	47.6614	0.7966	18.3636	10.8964	0.8096	119.1781	17400	46.8045	223	56	167	169.2534	24711	43.5304	254	77	177	373	71.7857	0.9096	26.1667	19	0.688	52.5882	63.463	223	0	177.2513	37.8909	254	64	9.9474	23.2473	85	0	182.3728	32.8825	245	64	0.3908	5	91.2082	83.8127	247.7701	11.6568	312.2453	474.3942
85F_1_merge.tif	a37cabce-1580-4059-935a-3cf1c937f084	Cell		Positive	Annotation	Polygon	347.38	267.97	42	23.5233	0.9538	8.5018	6.0723	0.6042	69.0909	3040	26.1372	128	0	128	124.4545	5476	37.4703	198	74	124	209	51.6608	0.9841	17.297	15.0849	0.492	14.4762	30.5769	128	0	113.9095	49.1963	213	27	0	0	0	0	111.1145	51.5972	213	27	0.1908	7	187.0193	255.4126	379.1549	35.7704	10933.0732	52363.5547
85F_1_merge.tif	3d989e16-3ea7-4c9d-916f-6c96bf830fec	Cell		Positive	Annotation	Polygon	890.99	270.56	16	13.833	1	4.8655	3.8085	0.633	54.4706	926	14.1073	60	0	60	109.2353	1857	23.5439	148	64	84	98	37.2549	0.8873	13.403	9.6686	0.6843	10.8317	22.6235	60	0	128	37.4016	192	58	2	10.4547	56	0	131.7976	38.6242	192	58	0.1352	4	69.2837	47.9256	169.6269	11.6568	2136.344	6844.5137
85F_1_merge.tif	1eb38287-6f70-4143-8999-48ca04fe55a5	Cell		Positive	Annotation	Polygon	726.32	274.96	40	22.5885	0.9851	7.9717	6.1283	0.4687	88.8372	3820	26.2542	134	0	134	69.4419	2986	21.5543	117	35	82	195	50.1094	0.9759	17.1526	14.6136	0.4621	19.005	38.4519	134	0	55.4527	27.5741	125	13	0	0	0	0	51.6456	27.8586	125	13	0.1881	7	249.1788	178.313	418.7035	90.7825	16541.6133	52363.5547
85F_1_merge.tif	77291350-e214-4c9c-b233-18892c1df184	Cell		Positive	Annotation	Polygon	901.76	282.06	51	27.8495	0.8263	11.0781	6.4061	0.8115	97.4906	5167	43.1708	175	0	175	150.5283	7978	39.3918	215	74	141	214	53.6877	0.933	18.6578	15.0582	0.5751	23.7018	46.9424	175	0	136.1193	48.3853	215	53	0	0	0	0	131.4909	50.1704	211	53	0.2263	4	106.7339	92.2643	227.3579	15.049	3864.2275	13743.9375
85F_1_merge.tif	a9468bdd-a9df-4ab7-b2dc-311a9a9cebd2	Cell		Positive	Annotation	Polygon	818.78	422.92	34	21.073	0.9621	7.3086	6.237	0.2488	71.7222	2582	39.2688	126	0	126	86.8333	3126	22.406	138	61	77	188	48.8057	0.9918	16.1811	15	0.3307	13.734	33.0044	126	0	106.6223	26.9003	192	61	0	0	0	0	111.3092	25.7742	192	65	0.17	8	154.3936	168.9182	191.8314	21.3973	5125.5625	13743.9375
85F_1_merge.tif	623785d3-0de5-49c5-81d1-aebb1e5a0d28	Cell		Positive	Annotation	Polygon	802.1	435.9	130	46.4421	0.7574	18.8271	9.5651	0.8581	94.3308	12546	28.5216	157	0	157	137.0902	18233	28.4609	198	85	113	392	73.2962	0.9169	27.8628	18.5924	0.7393	33.0969	47.6479	157	0	130.3291	31.9397	208	68	1.6525	9.9481	66	0	126.8571	33.1049	208	68	0.3278	9	245.339	255.2153	417.3236	21.3973	14722.8232	40551.2109
85F_1_merge.tif	91a47f50-9562-4c4d-8c35-8e337ccc5fc7	Cell		Positive	Annotation	Polygon	969.1	498.59	47	25.2817	0.9241	9.6708	6.0394	0.7432	58.88	2944	23.191	87	0	87	78.32	3916	16.5338	112	51	61	218	52.8764	0.9798	18.6274	14.6136	0.613	13.3818	27.0548	87	0	71.8318	27.6806	180	31	0	0	0	0	69.9235	29.9587	180	31	0.2084	5	156.9855	168.2094	247.7701	57.6817	5482.0405	13743.9375
85F_1_merge.tif	80fb513a-7fa4-4250-8c5c-df1a94a53387	Cell		Positive	Annotation	Polygon	348.6	523.42	37	21.5401	1	7.4581	6.4401	0	69.6667	2717	40.7911	130	0	130	112.9487	4405	36.5772	183	55	128	192	49.4516	0.9866	16.5632	15	0.3588	14.0777	33.4059	130	0	110.9482	37.8492	183	36	0	0	0	0	110.4416	38.2643	182	36	0.1768	5	95.3254	62.2442	255.4126	33.5404	3099.7725	7426.1455
85F_1_merge.tif	4586cbc1-c384-4fd2-8f29-4abd01bfbd60	Cell		Positive	Annotation	Polygon	310.01	528.2	47	27.3586	0.7891	11.3305	5.3168	0.8862	67.08	3354	36.2665	123	0	123	47.38	2369	22.9666	106	16	90	230	55.3549	0.9432	20.2731	14.2582	0.7088	14.4569	32.2964	123	0	40.9784	20.1989	107	7	0	0	0	0	39.2198	19.0651	107	7	0.2054	5	157.2339	126.5298	286.0764	38.9368	6513.7505	16422.7031
85F_1_merge.tif	5d43b873-8c57-470e-99ec-4633d5c7f1b0	Cell		Positive	Annotation	Polygon	373.98	544.58	83	40.1339	0.6475	15.2323	8.3424	0.869	87.6588	7451	39.654	170	0	170	113.2706	9628	53.1862	239	41	198	319	66.7224	0.9004	24.5072	16.9996	0.7413	23.475	43.8224	170	0	105.3438	46.9381	239	31	0.2596	3.9792	61	0	102.4766	44.2374	218	31	0.2576	4	44.0789	32.8447	86.5574	24.0689	722.8389	1423.5254
85F_1_merge.tif	e6746ebc-4116-4eb8-a43d-a41279897741	Cell		Positive	Annotation	Polygon	406.83	545.39	39	22.178	0.9964	8.2864	5.4857	0.7071	90.2	3608	39.3526	155	0	155	148.4	5936	38.0935	213	86	127	195	49.7679	0.9893	17.1205	14.1421	0.5374	18.4082	40.4729	155	0	122.3673	39.2253	213	43	0	0	0	0	115.6923	36.7537	201	43	0.1829	8	189.0527	145.2141	418.7035	15.197	16029.6494	52363.5547
85F_1_merge.tif	1d350568-ffce-4704-829f-8f4da88cadae	Cell		Positive	Annotation	Polygon	950.09	553.02	166	55.6067	0.6746	17.5784	15.5588	0.4435	103.0291	17721	38.57	202	0	202	148.6802	25573	33.4763	200	44	156	483	81.1354	0.922	26.6448	24.2897	0.2354	40.3071	54.0707	202	0	125.3382	49.1116	204	19	5.5065	17.9708	88	0	112.3871	51.6022	204	19	0.3542	3	71.9613	57.6817	111.9942	46.208	1634.0964	1995.2598
85F_1_merge.tif	5c26da33-1834-4d53-a354-40d918b585e0	Cell		Positive	Annotation	Polygon	904.1	551.53	78	36.2816	0.7446	14.4323	7.435	0.8715	59.6627	4952	7.324	68	0	68	211.759	17576	9.6	228	183	45	304	64.6031	0.9153	24.1363	16.2634	0.7481	16.183	26.8395	68	0	204.7712	19.5485	249	127	0	0	0	0	202.1704	21.5853	249	127	0.2513	6	104.4923	94.4162	154.1543	46.208	3057.1726	6759.2231
85F_1_merge.tif	91d16481-adb7-4f13-a3fa-007eaa4d709d	Cell		Positive	Annotation	Polygon	395.68	556.08	39	21.9039	1	8.0116	5.7925	0.715	72.4	2896	39.8399	127	0	127	99.45	3978	11.5558	125	71	54	192	49.1546	0.9986	16.5327	14.7201	0.4124	15.0833	34.5419	127	0	97.9583	22.4576	161	49	0	0	0	0	97.5658	24.5502	161	49	0.1841	4	68.4337	61.0754	136.3872	15.197	2200.2686	6683.1138
85F_1_merge.tif	a440ff11-a120-446f-b53a-fba7ae60b797	Cell		Positive	Annotation	Polygon	195.98	582.78	83	33.9881	0.9029	12.088	8.8212	0.6693	92.0227	8098	25.2341	151	56	95	68.9205	6065	22.2081	109	32	77	292	61.4207	0.9727	20.9116	17.7061	0.5164	27.8407	44.3607	151	0	56.2203	21.6288	109	9	0.5556	5.6384	58	0	50.8213	19.0041	103	9	0.2871	4	214.2595	192.5067	358.1539	113.8708	11079.6719	16422.7031
85F_1_merge.tif	caee0cba-108b-49f9-b093-6b0549d12bb5	Cell		Positive	Annotation	Polygon	308.5	599.83	128	50.3533	0.6344	20.8965	8.6981	0.928	86.9219	11126	17.2283	128	56	72	68.1719	8726	30.8935	164	26	138	409	77.3628	0.8588	29.9266	17.7808	0.8175	27.8456	41.5384	128	0	60.6961	40.0693	208	19	0.8393	6.9874	61	0	57.2786	43.2474	208	19	0.3062	9	132.0984	113.8708	224.6272	71.8278	5181.3501	15237.8516
85F_1_merge.tif	df7ce071-4948-42f3-ace1-fc25ee6243da	Cell		Positive	Annotation	Polygon	876.2	635.91	68	40.1066	0.5312	16.4536	8.039	0.8898	43.8261	3024	25.2871	65	0	65	211.7391	14610	12.7379	254	186	68	267	66.9903	0.7476	25.2881	15.5246	0.8434	14.0037	25.0848	71	0	204.1828	20.6476	254	104	3.6633	14.544	71	0	201.5628	22.1894	234	104	0.2523	3	70.7296	89.9332	111.9942	10.2614	1115.255	1995.2598
85F_1_merge.tif	41a8ca50-435e-499d-ba75-5f9500b40965	Cell		Positive	Annotation	Polygon	867.15	644.69	59	28.9291	0.8859	10.7065	7.2459	0.6926	56.7903	3521	10.6033	64	0	64	217.7581	13501	8.4615	242	204	38	205	53.3378	0.9055	19.89	12.786	0.7588	17.9709	27.1597	64	0	202.5049	28.3904	243	85	1.2569	8.6508	62	0	195.9375	31.3151	243	85	0.2728	5	108.5962	98.8992	217.757	10.2614	4234.6445	9505.2402
85F_1_merge.tif	39c89fe6-c649-48ab-8342-547da828259e	Cell		Positive	Annotation	Polygon	451.65	679.22	132	49.4505	0.6783	17.5278	9.8081	0.8625	133.6643	18713	40.6276	214	56	158	218.0928	30533	13.7265	252	156	96	352	72.6867	0.8372	26.7442	18.0698	0.7665	59.7599	68.1546	214	0	203.1186	41.4626	255	57	11.4112	26.1239	94	0	193.3224	49.8232	255	57	0.3868	5	94.0484	136.3872	164.7495	12.6088	1942.2072	6683.1138
85F_1_merge.tif	5acc6029-4999-41bc-9c4c-837d3186402e	Cell		Positive	Annotation	Polygon	465.9	681.06	43	26.5051	0.7692	11.0883	4.9193	0.9029	93.5	4114	44.3079	170	0	170	213.6364	9400	21.0626	245	155	90	177	50.7737	0.8628	20.0272	11.3019	0.8217	24.743	46.1665	170	0	192.229	32.3825	247	108	2.3333	11.9564	67	0	185.2518	32.4202	247	108	0.2311	8	169.5614	142.6725	417.3236	12.6088	11801.4092	40551.2109
85F_1_merge.tif	f839b66d-1e61-41d8-8611-7da87e1cbd39	Cell		Positive	Annotation	Polygon	792.3	691.07	106	51.4184	0.5038	21.6402	7.8766	0.9527	50.0636	5507	20.0437	64	0	64	223.1727	24549	7.9226	248	201	47	377	75.9646	0.821	28.9883	17.3939	0.8241	16.6905	26.2698	64	0	216.1878	14.5469	248	165	2.9925	12.7755	61	0	213.3209	15.6467	247	165	0.291	4	100.4324	63.4752	255.2153	19.5639	3081.9893	9505.2402
85F_1_merge.tif	92ebee6b-f92d-459c-81ba-1381fa44eee4	Cell		Positive	Annotation	Polygon	442.67	692.48	48	26.8319	0.8378	9.9159	6.0546	0.8015	118.6078	6049	36.6481	191	66	125	227.3922	11597	7.0486	249	217	32	195	51.3739	0.9285	18.2625	14.7941	0.5928	34.7487	55.3073	191	0	220.1949	14.2396	255	179	5.0486	16.8499	71	0	217.6458	15.2542	255	179	0.2471	4	59.7503	30.5549	163.5846	14.3069	1132.8209	2951.1492
85F_1_merge.tif	cc33597c-8c01-410c-9136-ef86e9a24478	Cell		Positive	Annotation	Polygon	773.73	699.03	74	37.7401	0.6529	14.6809	6.8862	0.9012	54.8701	4225	16.3243	69	0	69	218.0909	16793	5.2067	233	205	28	254	62.8764	0.8074	23.7705	14.1421	0.8248	16.4397	26.7089	69	0	214.751	13.611	238	150	0	0	0	0	213.3222	15.7031	238	150	0.2805	4	85.4254	28.857	264.4237	19.5639	1596.6511	3780.2861
85F_1_merge.tif	40b887fd-4ae8-4b2f-9faf-4034e8ed68c3	Cell		Positive	Annotation	Polygon	766.73	718.43	215	72.5375	0.5135	27.5999	13.5535	0.8917	97.5	21450	36.2634	192	0	192	178.5136	39273	46.9498	245	54	191	566	98.9891	0.7259	36.3921	22.5101	0.8124	40.5767	52.1504	192	0	172.6067	52.9494	245	40	4.487	15.8138	68	0	168.8617	56.1681	244	40	0.3863	5	47.3843	29.6957	126.0173	20.4666	242.8838	438.8642
85F_1_merge.tif	038febcd-ac92-4d2b-a855-538906964ca3	Cell		Positive	Annotation	Polygon	742.29	719.1	267	73.7061	0.6176	24.6775	19.2443	0.4928	59.4037	16039	11.7234	72	0	72	203.5222	54951	8.5101	246	180	66	598	100.4536	0.7447	32.648	26.6307	0.502	28.3339	30.6572	72	0	204.5856	14.5838	255	153	2.6012	11.8636	58	0	205.4663	18.1031	255	153	0.4491	5	129.1312	37.2474	289.7092	14.219	9343.043	40551.2109
85F_1_merge.tif	7d2b3785-bc23-4a72-b8a9-950b35163db4	Cell		Positive	Annotation	Polygon	433.34	728.28	49	25.241	0.9665	9.1976	6.9805	0.6354	107.3137	5473	34.6857	169	57	112	110.1569	5618	36.4425	161	42	119	218	52.8757	0.9798	18.2217	15	0.4963	24.9909	48.4014	169	0	105.4795	32.5537	192	36	0	0	0	0	104.0595	31.2578	192	36	0.2108	5	106.5211	86.3533	179.0938	37.9731	5172.5171	15237.8516
85F_1_merge.tif	035128f8-9ab5-40f3-8f4d-bcfa3db4be07	Cell		Positive	Annotation	Polygon	742.16	735.76	52	27.2025	0.8831	10.3988	7.2571	0.5944	61.6481	3329	14.165	91	0	91	157.1111	8484	38.2591	210	81	129	174	49.1034	0.9069	16.5023	14.2302	0.5099	19.6686	29.8027	91	0	142.6171	44.0712	219	61	0.9339	7.2339	57	0	136.1488	45.0897	219	61	0.2967	4	161.7638	155.5897	321.6567	14.219	7136.6719	19248.7656
85F_1_merge.tif	11eaea9c-664b-4e53-ad5e-47795ee23345	Cell		Positive	Annotation	Polygon	429.94	814.56	44	25.0275	0.8827	9.8745	5.7341	0.823	60.0851	2824	41.212	121	0	121	63.3617	2978	25.6637	138	29	109	216	52.7862	0.9741	18.7764	14.4615	0.6165	13.0138	31.2588	121	0	64.424	42.945	162	16	0	0	0	0	64.7176	46.6637	162	16	0.1959	4	171.6138	139.2226	321.6567	86.3533	8863.6348	19248.7656
85F_1_merge.tif	889fd84e-83d8-45e4-8120-648d3e49ab05	Cell		Positive	Annotation	Polygon	288.96	824.06	119	42.215	0.8391	14.0424	12.398	0.2893	129.0244	15870	41.136	194	56	138	49.9024	6138	33.9714	126	7	119	369	69.4732	0.9607	22.8601	21	0.248	45.5176	64.9595	194	0	34.2656	31.746	126	4	3.7642	15.6268	100	0	26.4472	27.4767	119	4	0.3245	4	199.4212	198.931	258.4837	141.3389	11355.8076	15237.8516
