Image	Object ID	Object type	Name	Classification	Parent	ROI	Centroid X px	Centroid Y px	Nucleus: Area	Nucleus: Perimeter	Nucleus: Circularity	Nucleus: Max caliper	Nucleus: Min caliper	Nucleus: Eccentricity	Nucleus: Channel 1 mean	Nucleus: Channel 1 sum	Nucleus: Channel 1 std dev	Nucleus: Channel 1 max	Nucleus: Channel 1 min	Nucleus: Channel 1 range	Nucleus: Channel 2 mean	Nucleus: Channel 2 sum	Nucleus: Channel 2 std dev	Nucleus: Channel 2 max	Nucleus: Channel 2 min	Nucleus: Channel 2 range	Cell: Area	Cell: Perimeter	Cell: Circularity	Cell: Max caliper	Cell: Min caliper	Cell: Eccentricity	Cell: Channel 1 mean	Cell: Channel 1 std dev	Cell: Channel 1 max	Cell: Channel 1 min	Cell: Channel 2 mean	Cell: Channel 2 std dev	Cell: Channel 2 max	Cell: Channel 2 min	Cytoplasm: Channel 1 mean	Cytoplasm: Channel 1 std dev	Cytoplasm: Channel 1 max	Cytoplasm: Channel 1 min	Cytoplasm: Channel 2 mean	Cytoplasm: Channel 2 std dev	Cytoplasm: Channel 2 max	Cytoplasm: Channel 2 min	Nucleus/Cell area ratio	Delaunay: Num neighbors	Delaunay: Mean distance	Delaunay: Median distance	Delaunay: Max distance	Delaunay: Min distance	Delaunay: Mean triangle area	Delaunay: Max triangle area
86D_4_merge.tif	408bc013-6dcc-45d5-ae12-97aaf931e29e	Cell		Positive	Annotation	Polygon	788.18	222.84	34	20.501	1	6.8798	6.2529	0.4238	75.6286	2647	64.9466	185	0	185	88.3143	3091	23.1056	143	46	97	183	48.2495	0.9878	15.74	14.9827	0.2333	14.6541	40.9116	185	0	80.6919	27.8481	167	35	0.4267	5.2256	64	0	78.9133	28.6187	167	35	0.1751	4	254.2733	229.2924	360.7292	197.7789	21125.0449	35655.9141
86D_4_merge.tif	1e9c3abb-928e-4e27-9c13-5f79a822d7c8	Cell		Positive	Annotation	Polygon	547.75	259.9	87	41.7414	0.6275	16.6458	7.7538	0.9179	94.0213	8838	33.8482	164	0	164	96.4681	9068	48.0411	206	16	190	345	70.1507	0.881	26.4018	16.7092	0.7765	25.6571	45.4047	164	0	84.6888	46.8766	206	12	0.2569	4.0865	65	0	80.3123	45.7642	194	12	0.2598	5	113.106	54.5082	243.2131	39.5255	1301.3287	3204.5132
86D_4_merge.tif	991ca70e-3c52-4604-b215-802a3da3196e	Cell		Positive	Annotation	Polygon	580.95	281.42	35	21.212	0.9775	7.1377	6.1283	0.5745	62.3947	2371	54.4578	141	0	141	90.5789	3442	46.2453	221	34	187	190	48.9245	0.9975	16.0982	15	0.3376	12.349	34.5796	141	0	79.5312	54.6334	249	22	0	0	0	0	76.8052	56.313	249	22	0.1746	4	139.1144	140.167	236.5979	39.5255	8981.7939	24514.707
86D_4_merge.tif	14652602-fcde-42a2-ba42-8452caabdf07	Cell		Positive	Annotation	Polygon	506.29	296.01	97	42.743	0.6672	16.6883	9.1483	0.8692	86.5446	8741	19.697	127	0	127	153.3861	15492	26.8808	198	103	95	319	67.7619	0.873	24.4711	17.8111	0.6852	27.433	41.7557	127	0	124.6542	43.1466	199	24	0.2955	4.3823	65	0	111.4636	42.8338	199	24	0.3049	4	64.0916	59.3964	121.5688	16.0047	600.0858	934.8031
86D_4_merge.tif	c82b6722-42f2-4a24-abfe-3a4cc5566428	Cell		Positive	Annotation	Polygon	521.32	306.04	64	30.9304	0.8407	12.4864	6.7668	0.839	104.3284	6990	34.6705	187	64	123	158.8955	10646	20.8517	192	97	95	219	54.179	0.9375	19.2675	15.4479	0.552	31.4865	51.6032	187	0	120.4685	47.4362	200	36	0	0	0	0	103.8581	46.0728	200	36	0.2893	5	84.8528	64.9623	221.5892	16.0047	3289.2656	7310.958
86D_4_merge.tif	1f52bb89-b9da-423b-8b74-04f94ec2c5a1	Cell		Positive	Annotation	Polygon	946.53	341.39	31	19.6939	1	6.5353	5.895	0.4434	57.4545	1896	70.6165	211	0	211	83.5758	2758	16.0079	124	66	58	181	47.4467	1	15.311	14.6136	0.029	10.4751	37.1668	211	0	84.5359	25.9349	140	33	0	0	0	0	84.75	27.7052	140	33	0.1644	6	177.035	128.433	406.0965	98.5434	13801.7451	35655.9141
86D_4_merge.tif	ed54644f-23a2-4ef0-87b1-95c043dbda3d	Cell		Positive	Annotation	Polygon	462.53	342.48	35	20.1652	1	6.7264	5.9224	0.3475	61.4571	2151	55.0552	150	0	150	63.5714	2225	15.145	104	43	61	181	47.8088	0.9951	15.7101	14.6135	0.2492	11.7541	33.9657	150	0	71.6776	30.0479	155	23	0	0	0	0	73.5946	32.3335	155	23	0.1712	5	127.2825	69.001	230.0585	61.1173	6509.1499	17721.291
86D_4_merge.tif	09885134-09c1-441a-befa-c26867227823	Cell		Positive	Annotation	Polygon	404.04	360.93	63	32.868	0.7328	13.25	6.0848	0.8853	131.6429	9215	42.557	220	64	156	121.0857	8476	26.92	181	75	106	272	60.909	0.9213	22.0826	15.0821	0.7241	36.2065	61.416	220	0	86.0616	33.2197	181	27	3.7767	16.8346	87	0	74.1602	25.9855	145	27	0.2412	6	160.8947	187.0635	206.1405	61.1173	4249.3794	12678.5693
86D_4_merge.tif	42f51789-208e-4b3f-bedd-dcdc2a284bbd	Cell		Positive	Annotation	Polygon	1017.5	408.07	34	20.036	1	6.7263	5.7797	0.4327	80.9412	2752	35.5254	134	0	134	104.8235	3564	35.5898	181	41	140	151	45.2649	0.9261	15.6764	11.6276	0.6461	18.6954	38.0054	134	0	80.3841	40.1484	193	20	0.6068	6.564	71	0	73.2821	38.7049	193	20	0.1932	4	39.3127	25.041	98.5434	8.6255	466.6021	1427.0647
86D_4_merge.tif	4c16c900-4a7b-4481-a67f-b17f625e7ce4	Cell		Positive	Annotation	Polygon	1027.2	413.06	31	19.8407	0.9896	7.0387	5.355	0.6961	77.4688	2479	30.6394	115	0	115	48.1562	1541	25.0446	105	18	87	134	42.9032	0.9148	14.8014	11.971	0.5882	18.2279	36.1027	115	0	51.3676	43.3415	193	9	0	0	0	0	52.3558	47.6353	193	9	0.216	3	43.7691	15.7713	106.9105	8.6255	84.1199	107.5486
86D_4_merge.tif	1e809a19-a45a-402f-82f7-1581a3753055	Cell		Positive	Annotation	Polygon	1026.1	428.36	63	36.0706	0.6085	14.1397	6.1587	0.9345	86.9048	5475	36.5534	146	0	146	60.0794	3785	25.3265	140	27	113	276	63.6227	0.8568	23.2505	15.0581	0.7908	19.7653	40.3979	146	0	55.2238	36.6123	198	16	0	0	0	0	53.7944	39.2581	198	16	0.2228	5	79.3386	26.8086	277.8509	15.7713	697.8785	1741.2158
86D_4_merge.tif	66d4f471-0d1e-422b-be81-91ed2a080910	Cell		Positive	Annotation	Polygon	998.94	429.69	41	24.2351	0.8772	8.8601	6.5745	0.6189	71.7826	3302	45.7179	152	0	152	73.6304	3387	13.8425	113	53	60	208	51.7904	0.9745	17.7521	15	0.5142	15.5755	36.4055	152	0	66.283	13.9262	113	32	0	0	0	0	64.247	13.2863	106	32	0.1977	5	53.5799	53.8361	102.9252	26.8086	922.2195	1618.443
86D_4_merge.tif	84d6bbdc-cd0a-45db-b36a-b8ad97ceacdd	Cell		Positive	Annotation	Polygon	1015.1	482.8	138	62.642	0.4419	22.107	10.9042	0.8465	103.6993	14829	42.2753	197	0	197	100.7413	14406	41.1147	188	25	163	472	82.8444	0.8642	31.3378	19.6082	0.7612	34.3779	53.2666	197	0	72.6391	41.0119	188	17	4.1555	16.8633	91	0	60.3872	34.4605	147	17	0.2958	5	112.209	55.3654	224.4999	21.5765	1525.9811	2390.3298
86D_4_merge.tif	016570d7-8ddb-41e3-8606-e7f606f01366	Cell		Positive	Annotation	Polygon	994.03	483.3	61	28.879	0.9191	10.5212	7.9085	0.6572	123.7424	8167	35.7966	183	65	118	64.6667	4268	20.3177	123	39	84	247	56.4369	0.9745	19.7083	16	0.5259	33.1895	57.7867	183	0	61.496	22.833	161	25	0.3516	4.744	64	0	60.3462	23.6264	161	25	0.2442	6	206.9088	177.3309	414.5769	21.5765	21072.7227	69277.125
86D_4_merge.tif	9637af3d-3543-464b-ad75-ce01b743595b	Cell		Positive	Annotation	Polygon	277.24	513.86	115	39.8797	0.9087	15.3951	10.0862	0.7484	107.4914	12469	26.4734	155	64	91	104.3621	12106	15.3081	141	78	63	343	67.2142	0.9541	24.3081	18.8562	0.6157	36.6243	53.0398	155	0	88.737	19.8962	141	34	0.8826	7.7001	70	0	80.8565	17.1072	116	34	0.3234	3	121.2555	134.2883	198.5504	30.9279	7095.2036	12678.5693
86D_4_merge.tif	877aec4d-6b42-4fe7-bf08-fd354f8e8acc	Cell		Positive	Annotation	Polygon	581.08	518.2	45	23.9249	0.9879	8.3969	6.5848	0.5396	92.383	4342	29.1037	141	0	141	111.8298	5256	37.358	193	57	136	209	51.4382	0.9926	17.4031	15.085	0.4452	20.7751	41.0139	141	0	111.5455	48.5419	229	44	0	0	0	0	111.463	51.4335	229	44	0.2053	8	302.1339	298.6636	414.5769	175.7084	28012.6855	69277.125
86D_4_merge.tif	0eb570b5-b93d-4122-a383-104690a314fa	Cell		Positive	Annotation	Polygon	288.71	542.5	41	22.5767	1	8.0768	5.8138	0.6657	48.5854	1992	38.5324	109	0	109	81.8537	3356	10.5725	100	58	42	196	49.9957	0.9854	17.0182	14.758	0.4554	10.1117	26.3444	109	0	68.533	13.6253	100	39	0	0	0	0	65.0321	12.1094	100	39	0.1872	4	219.4964	120.5864	605.8849	30.9279	4638.9404	12307.0889
86D_4_merge.tif	5db4f7e4-a735-4b94-8956-0de0a8401e24	Cell		Positive	Annotation	Polygon	400.66	562.99	59	32.5456	0.7	12.208	6.7273	0.8215	77.6452	4814	27.1288	123	0	123	85.0323	5272	34.3005	168	32	136	230	57.8482	0.8637	20.9006	15.7405	0.6225	21.3707	37.4061	123	0	73.3362	30.0856	182	29	0.8471	7.8348	80	0	69.0706	27.2774	182	29	0.2503	4	115.6736	124.7969	202.4144	10.6863	3827.7339	12678.5693
86D_4_merge.tif	41f4b973-bcb6-42e5-ab73-aeedc32e0cef	Cell		Positive	Annotation	Polygon	413.5	567.53	40	23.298	0.926	8.1998	6	0.6757	97.9524	4114	39.9029	164	0	164	105.2619	4421	43.6723	187	33	154	154	46.2115	0.9062	17.0138	12.5132	0.6526	31.2166	49.2366	164	0	79.6178	41.2576	196	19	6.8435	22.4646	100	0	70.2522	36.2297	196	19	0.2449	7	245.0458	206.1405	488.4463	10.6863	10163.3838	32254.9629
86D_4_merge.tif	38f2704d-ba8b-4ffd-95f0-e59456b8bed9	Cell		Positive	Annotation	Polygon	1015.1	686.91	35	21.0485	0.9927	7.9287	5.6667	0.6952	56.4571	1976	45.5718	114	0	114	39.7143	1390	11.7262	67	25	42	182	47.8929	0.9971	16.522	14	0.4966	10.6811	29.5863	114	0	32.9676	10.3235	86	17	0	0	0	0	31.3933	9.3298	86	17	0.1817	7	134.6559	122.1497	253.5194	30.0153	5520.8955	22561.1523
86D_4_merge.tif	c696a8b6-7eb1-4bc8-be30-6ecc7bae2e99	Cell		Positive	Annotation	Polygon	1038.7	705.42	355	82.4782	0.6558	31.0129	16.8411	0.87	78.9888	28278	11.6576	114	0	114	129.1285	46228	29.1366	204	54	150	743	105.308	0.8419	39.7194	24.5131	0.7797	39.7074	40.037	114	0	108.5799	44.173	216	22	3.3695	14.4567	70	0	89.5711	47.1372	216	22	0.4839	4	138.0745	127.2576	277.8509	19.9319	1448.0209	2390.3298
86D_4_merge.tif	efcac72a-22c8-4b12-a971-329d998e8908	Cell		Positive	Annotation	Polygon	1041.4	726.5	36	22.4057	0.9011	8.4822	5.9752	0.5909	83.8421	3186	39.4821	151	0	151	50.5	1919	9.7752	72	37	35	157	45.5759	0.9498	15.7093	12.4543	0.5947	20.1646	40.7379	151	0	45.2089	25.9397	156	13	0	0	0	0	43.5333	29.0904	156	13	0.2101	3	37.8354	46.2629	47.3113	19.9319	574.8649	937.2128
86D_4_merge.tif	5e34e64f-94a2-4be3-a074-368df7796c83	Cell		Positive	Annotation	Polygon	1020	768.12	35	21.0858	0.9892	7.8344	5.6084	0.6623	65.8611	2371	57.0063	168	0	168	59.0833	2127	34.5182	165	28	137	184	48.4872	0.9835	16.8634	14	0.5508	13.1183	36.2163	168	0	57.414	31.8146	177	23	0.46	5.6338	69	0	57.0133	31.241	177	23	0.1682	4	65.0357	65.6761	81.4794	47.3113	1381.7432	2190.3425
86D_4_merge.tif	fb6a4fb2-ae60-4d92-bcf0-b508dc940204	Cell		Positive	Annotation	Polygon	968.26	799.78	45	23.4576	1	8.2018	6.8144	0.5254	118.587	5455	51.421	208	0	208	56.3696	2593	20.3594	105	29	76	206	51.0684	0.9926	17.362	15	0.416	26.4806	55.0576	208	0	46.5243	27.5248	154	15	0	0	0	0	43.6937	28.6947	154	15	0.1989	5	108.1571	122.1497	162.893	33.5567	2997.7058	8150.8398
86D_4_merge.tif	0420f154-f805-4b91-88e8-24e2d4159c0b	Cell		Positive	Annotation	Polygon	984.26	829.29	55	26.4484	0.988	8.8045	7.8207	0.2679	130.1207	7547	51.8629	226	0	226	73	4234	27.5363	122	30	92	232	54.4924	0.9818	18.0559	16	0.2835	32.2521	61.871	226	0	56.5128	31.0103	143	13	0	0	0	0	51.0795	30.2259	143	13	0.2224	3	91.944	70.6403	171.6349	33.5567	1833.731	2649.7876
86D_4_merge.tif	0545d131-f404-4e57-810b-add4233d2a2d	Cell		Positive	Annotation	Polygon	808.84	833.99	92	47.2798	0.5172	16.4046	11.5952	0.8102	103.6875	9954	30.6379	191	0	191	76.9583	7388	40.3638	175	25	150	313	74.2401	0.7136	25.3035	19.6706	0.7248	33.4281	50.677	191	0	85.2344	43.4199	198	19	3.317	15.4279	87	0	88.7812	44.2798	198	19	0.2901	6	282.2707	321.6706	478.4133	12.1751	22481.8359	69277.125
86D_4_merge.tif	b39859e5-c0e6-4fa6-9fed-ea34e093e28d	Cell		Positive	Annotation	Polygon	813.96	847.14	61	31.4172	0.7766	12.4663	7.2291	0.79	152.5373	10220	44.6414	232	70	162	64.9254	4350	39.2538	164	20	144	208	52.3067	0.9553	18.9674	14.0911	0.6177	52.9906	74.6212	232	0	42.5472	30.8905	164	13	6.9931	22.4631	88	0	32.2069	18.7431	136	13	0.2963	5	287.9231	171.6349	605.8849	12.1751	4400.9531	12307.0889
