Image	Object ID	Object type	Name	Classification	Parent	ROI	Centroid X px	Centroid Y px	Nucleus: Area	Nucleus: Perimeter	Nucleus: Circularity	Nucleus: Max caliper	Nucleus: Min caliper	Nucleus: Eccentricity	Nucleus: Channel 1 mean	Nucleus: Channel 1 sum	Nucleus: Channel 1 std dev	Nucleus: Channel 1 max	Nucleus: Channel 1 min	Nucleus: Channel 1 range	Nucleus: Channel 2 mean	Nucleus: Channel 2 sum	Nucleus: Channel 2 std dev	Nucleus: Channel 2 max	Nucleus: Channel 2 min	Nucleus: Channel 2 range	Cell: Area	Cell: Perimeter	Cell: Circularity	Cell: Max caliper	Cell: Min caliper	Cell: Eccentricity	Cell: Channel 1 mean	Cell: Channel 1 std dev	Cell: Channel 1 max	Cell: Channel 1 min	Cell: Channel 2 mean	Cell: Channel 2 std dev	Cell: Channel 2 max	Cell: Channel 2 min	Cytoplasm: Channel 1 mean	Cytoplasm: Channel 1 std dev	Cytoplasm: Channel 1 max	Cytoplasm: Channel 1 min	Cytoplasm: Channel 2 mean	Cytoplasm: Channel 2 std dev	Cytoplasm: Channel 2 max	Cytoplasm: Channel 2 min	Nucleus/Cell area ratio	Delaunay: Num neighbors	Delaunay: Mean distance	Delaunay: Median distance	Delaunay: Max distance	Delaunay: Min distance	Delaunay: Mean triangle area	Delaunay: Max triangle area
88_5_merge.tif	b52c7eae-cac2-4e52-a251-51286363eb67	Cell		Positive	Annotation	Polygon	2149.3	609.25	217	67.7444	0.5942	21.0372	17.3916	0.5045	64.7215	14174	14.0206	93	0	93	62.3516	13655	26.0499	166	24	142	545	90.2709	0.8404	30.1703	26.0754	0.4358	27.6892	33.15	93	0	61.6709	31.124	188	18	2.9634	13.1209	67	0	61.2165	34.1255	188	18	0.3953	6	799.7618	861.271	1456.5237	17.4932	45526.2266	113680.9453
88_5_merge.tif	36c67dcb-b57d-43ec-9d1e-6a623778e039	Cell		Positive	Annotation	Polygon	2350.1	604.03	40	22.4841	0.9943	7.8477	6.261	0.6045	98.9286	4155	33.363	154	0	154	66.5	2793	16.6004	101	38	63	199	50.1862	0.9929	16.6581	15.0849	0.3611	20.5693	42.9751	154	0	74.505	25.4483	132	26	0	0	0	0	76.6062	26.9491	132	26	0.1902	5	537.2159	366.2597	1095.6775	197.2989	32660.5176	78022.4922
88_5_merge.tif	06f7386f-0899-4db8-9ba0-b1900c0ae4f1	Cell		Positive	Annotation	Polygon	2154.6	628.25	61	29.5711	0.8766	10.8749	7.673	0.7245	56.3281	3605	16.773	69	0	69	186.7031	11949	23.0332	214	131	83	216	54.0911	0.9277	19.7486	13.2502	0.7336	16.9909	27.4524	69	0	154.411	36.7752	214	86	0.7484	6.5669	58	0	141.0774	32.9412	210	86	0.2791	4	337.9796	322.712	689.0013	17.4932	47601.6562	148778.9688
88_5_merge.tif	fb84370e-d8f5-47d6-8491-68be6e06547a	Cell		Positive	Annotation	Polygon	2461.4	952.83	198	59.1309	0.7116	17.8214	16.2179	0.4004	86.322	17696	30.7682	165	0	165	190.4439	39041	15.7388	214	137	77	525	83.4169	0.9481	27.273	25.101	0.0613	36.2665	45.929	165	0	169.4688	31.0747	214	68	4.5957	15.9389	67	0	156.1975	31.0831	201	68	0.3842	7	451.5098	370.4351	714.6473	356.0784	67045.4922	148778.9688
88_5_merge.tif	89e1a892-6e2b-4a1f-ba80-7493cb7f8385	Cell		Positive	Annotation	Polygon	2971.7	1147.4	38	21.9376	0.9922	7.7111	6.2097	0.4733	64.7	2588	36.1608	116	0	116	39.8	1592	6.3051	51	28	23	196	50.0679	0.9825	17.1847	15	0.4496	13.0707	30.6124	116	0	42.9949	8.3857	64	18	0	0	0	0	43.8038	8.6661	64	18	0.1859	5	578.6675	601.106	825.7647	271.8639	83456.8828	136432.2656
88_5_merge.tif	01d08b43-af6b-49bc-abb7-530de87bfa5b	Cell		Positive	Annotation	Polygon	1797.8	1216.8	93	39.7682	0.739	16.9158	7.9684	0.8929	50.6383	4760	27.1352	84	0	84	22.9681	2159	7.7826	38	6	32	328	67.6708	0.9001	26.1875	16.9706	0.7739	14.6951	27.2201	84	0	24.9634	10.3849	55	6	0.2564	3.9223	60	0	25.765	11.1771	55	7	0.2889	9	439.6437	564.0877	714.6473	55.8219	47780.3555	148778.9688
88_5_merge.tif	ef23ef9a-cc85-4cbd-abb5-04f39ea85f1b	Cell		Positive	Annotation	Polygon	1753.3	1249.8	182	55.2678	0.7487	22.0576	11.8348	0.828	72.4595	13405	8.7003	92	57	35	34.9784	6471	19.6303	112	3	109	444	80.5725	0.8594	29.9014	20.7582	0.6414	32.651	36.0488	92	0	32.7718	23.1141	137	3	4.542	15.8384	64	0	31.2137	25.2072	137	4	0.4145	5	56.0678	55.8219	100.7047	15.3502	618.5353	960.2098
88_5_merge.tif	1f64a69c-9e31-457e-b3bf-8fba5c49d13c	Cell		Positive	Annotation	Polygon	1756.8	1268.3	51	28.2044	0.8056	9.6293	7.8404	0.3359	64.9464	3637	17.6917	88	0	88	88.6429	4964	36.4694	154	26	128	151	47.1409	0.8539	16.4541	12.1089	0.623	24.3355	33.2976	88	0	60.3935	36.9048	154	15	1.3636	9.5452	68	0	44.4141	26.0737	144	15	0.3365	4	52.8532	51.0867	100.2111	9.0284	610.2222	1467.5667
88_5_merge.tif	e61f0ee3-3f2d-4d4e-b75b-c5ae724cd0da	Cell		Positive	Annotation	Polygon	1768.6	1264.1	29	19.4635	0.962	7.3058	4.8436	0.6853	69.2581	2147	16.1987	94	0	94	73.5806	2281	27.0712	120	35	85	120	40.1286	0.9364	13.451	11.4226	0.5294	17.3145	31.1559	94	0	73	42.0866	161	19	0	0	0	0	72.8064	46.1411	161	19	0.2112	6	243.5931	82.3655	634.7708	9.0284	22255.0547	81020.7188
88_5_merge.tif	877277d5-29c6-46ab-b643-225f29c32611	Cell		Positive	Annotation	Polygon	1657.2	1284.1	596	116.8485	0.5485	39.7397	27.2991	0.7996	101.6549	60688	21.0208	151	0	151	58.4707	34907	49.6963	178	0	178	1114	141.6369	0.6978	48.8147	32.72	0.7861	59.2361	51.0006	151	0	57.7801	45.5261	178	0	10.2534	24.7846	122	0	56.9826	40.2094	157	4	0.5376	6	102.6946	76.0525	245.4582	23.0442	1761.3422	5594.5381
88_5_merge.tif	f57902cf-3522-4f5b-b442-ad68d669a737	Cell		Positive	Annotation	Polygon	2355.6	1295.5	122	42.2515	0.8588	13.5235	12.0327	0.3187	117.352	14669	13.6891	142	85	57	32.072	4009	7.3695	47	12	35	318	65.7545	0.9242	22.4265	17.345	0.6107	82.3072	41.3527	142	0	30.7555	10.1447	62	7	59.7268	37.2727	134	0	29.9072	11.5252	62	7	0.3834	5	230.9782	196.8035	564.0877	12.7546	31933.9648	100072.8672
88_5_merge.tif	7937b9d9-3bc5-46b3-9e7c-e250f4a5ce09	Cell		Positive	Annotation	Polygon	1678.3	1299.1	171	48.177	0.9258	16.9977	13.6217	0.5194	91.64	16037	17.5247	127	58	69	16.84	2947	8.5667	37	2	35	387	72.5975	0.9227	24.9	20.7417	0.4513	45.8355	46.2069	127	0	16.1645	7.8115	42	2	8.3785	22.4723	101	0	15.6121	7.1078	42	2	0.4397	5	55.5966	43.6696	89.815	23.0442	815.3054	1467.5667
88_5_merge.tif	831bdf09-6eda-4b30-9c0d-b06dfc0bd364	Cell		Positive	Annotation	Polygon	2379.1	1298.3	123	47.3969	0.688	15.6769	12.858	0.4987	116.36	14545	13.9078	142	77	65	130.248	16281	45.9687	213	54	159	308	64.7248	0.9239	21.5494	19.1928	0.4194	84.6129	44.4755	142	0	123.1032	43.6672	213	51	63.1622	45.2126	125	0	118.2757	41.4735	210	51	0.4017	5	88.2104	22	356.0784	16.0672	1608.941	3891.4695
88_5_merge.tif	845a433e-c9a4-48c9-8026-91e6bab56974	Cell		Positive	Annotation	Polygon	3199.1	1296.5	46	24.6064	0.9547	8.7643	6.6743	0.6376	78.2653	3835	28.9373	127	0	127	97.7551	4790	16.5423	133	61	72	212	52.2258	0.9767	17.6925	15	0.4929	18.1023	35.7258	127	0	112.0791	37.1098	208	61	0.3434	4.4241	57	0	116.3072	40.3433	208	62	0.2044	5	719.9142	764.1505	1095.6775	271.8639	97247.6016	209026.2812
88_5_merge.tif	75c257d2-de69-4023-8bfb-25e55a6f59d4	Cell		Positive	Annotation	Polygon	1623.1	1304.5	91	42.2652	0.6402	17.5808	7.4179	0.9108	62.5	6000	13.3093	88	0	88	25.375	2436	5.9987	35	10	25	346	70.8155	0.867	26.8248	16.4928	0.7901	17.341	28.8817	88	0	22.8844	10.4323	64	4	0	0	0	0	21.928	11.5652	64	4	0.2732	5	134.9201	182.6891	207.6535	40.8675	4244.8096	11935.2139
88_5_merge.tif	9ed3be0b-18d6-465d-8134-2f2e161312f0	Cell		Positive	Annotation	Polygon	2362.9	1308.3	100	42.3849	0.6995	16.6514	10.0569	0.8276	129.2243	13827	9.1747	144	100	44	62.8411	6724	40.0189	178	21	157	203	58.063	0.7567	23.7791	12.4169	0.8354	113.1394	23.8606	144	63	81.4952	50.9957	194	21	96.099	22.7853	143	63	101.2574	54.0257	194	28	0.5131	4	58.6595	17.6174	186.6486	12.7546	552.4315	1219.3079
88_5_merge.tif	e97535fa-3649-4fa6-960b-f960a47d232f	Cell		Positive	Annotation	Polygon	2376.1	1322.4	258	73.3412	0.6027	24.8388	14.4321	0.8468	123.2252	32285	14.9991	150	81	69	87.7328	22986	39.7533	179	17	162	493	89.41	0.775	31.6687	21.4146	0.7662	98.2667	42.6746	150	0	76.4505	43.153	195	6	70.2017	46.1532	135	0	63.764	43.3809	195	6	0.5116	4	58.2812	20.5663	173.1174	18.875	782.7055	1561.65
88_5_merge.tif	d5a52ba0-951a-421c-8940-5e3b0e5a97f0	Cell		Positive	Annotation	Polygon	2397.7	1317.5	206	70.1402	0.5262	27.4343	14.5671	0.8984	116.9619	24562	23.8638	159	64	95	97.0191	20374	32.0703	170	37	133	507	91.1965	0.7661	34.6057	22.0219	0.8273	77.0804	49.1501	159	0	105.1725	38.1481	182	34	49.1633	42.6059	130	0	110.88	40.9766	182	34	0.4066	6	278.2068	275.004	601.106	18.875	45234.3125	136432.2656
88_5_merge.tif	1457c66f-2db4-45f1-be26-32a8f9f69ba8	Cell		Positive	Annotation	Polygon	1416.2	1321.1	81	35.4668	0.8092	12.6946	9.659	0.5591	61.3933	5464	14.2196	76	0	76	109.0674	9707	27.4974	145	45	100	265	60.113	0.9216	20.0501	17	0.4536	22.2963	30.7115	76	0	80.9852	41.1431	160	7	3.0718	13.538	73	0	67.1768	39.7294	160	7	0.3203	9	327.5087	245.4582	1021.6844	23.445	26512.75	113680.9453
88_5_merge.tif	b897f7bd-b3bb-4656-a90a-d0f0ae5e82e9	Cell		Positive	Annotation	Polygon	1684.4	1331.7	355	76.3375	0.7655	25.5628	19.9635	0.5464	87.7242	31493	18.552	125	0	125	36.3203	13039	32.9824	168	5	163	644	99.1715	0.8229	34.5934	24.5854	0.6633	50.9736	44.8259	125	0	39.3814	36.1242	175	5	4.8427	16.4711	82	0	43.2238	39.4417	175	7	0.5537	7	210.4519	107.9459	655.0613	28.0819	18581.3379	87987.2734
88_5_merge.tif	d080d2ef-7e37-4717-922a-1180f768b52b	Cell		Positive	Annotation	Polygon	1652.6	1336.3	684	118.6696	0.6104	46.7036	22.4852	0.8927	88.9579	61292	27.7244	166	0	166	53.4862	36852	27.2614	145	12	133	1163	139.7396	0.7484	53.6808	31.3611	0.8275	57.0954	46.6643	166	0	47.6363	26.0434	152	8	10.7806	24.5574	86	0	39.1329	21.516	152	8	0.5913	7	112.4314	51.4002	252.4474	28.0819	3210.3936	12197.042
88_5_merge.tif	8a7702fa-6f75-490c-9969-2ce2cddabaec	Cell		Positive	Annotation	Polygon	1405.5	1345.4	472	105.8173	0.5297	33.726	22.697	0.7379	77.566	36456	13.6203	104	0	104	44.0298	20694	38.0109	163	2	161	876	115.2546	0.8287	41.9045	31.2472	0.6378	47.0709	38.2167	104	0	33.8331	31.4418	163	1	11.6815	24.6353	78	0	22	14.1442	77	1	0.5337	5	126.1894	151.0045	227.759	21.6731	5815.9258	17041.293
88_5_merge.tif	caacb35c-5036-4e81-8e47-ba7c6c19a601	Cell		Positive	Annotation	Polygon	1430.3	1346.5	219	60.4904	0.7521	20.5721	17.2324	0.436	85.6773	18849	13.5781	112	58	54	62.3727	13722	38.6862	178	19	159	470	84.1294	0.8345	29.2208	24.2353	0.5352	44.3312	42.7557	112	0	66.4423	37.1443	186	19	8.9377	22.6853	79	0	69.9261	35.4774	186	23	0.4561	4	95.5949	81.03	198.6464	21.6731	3953.2903	11935.2139
88_5_merge.tif	56941243-43eb-41a6-af79-ecafabd1f54a	Cell		Positive	Annotation	Polygon	1049.9	1413.9	430	93.872	0.6132	32.2306	20.6514	0.7585	65.7229	28458	16.181	93	0	93	113.6305	49202	26.795	166	42	124	838	114.9366	0.7971	39.7978	29	0.5897	36.452	34.5262	93	0	98.4413	33.0925	166	15	5.539	17.6778	81	0	82.4	31.5269	164	15	0.5102	5	133.1464	49.8867	375.7711	25.6533	3543.0798	13837.6621
88_5_merge.tif	bb7a83fc-9d49-4a8c-9a55-7f81d3a68c36	Cell		Positive	Annotation	Polygon	1001.7	1414.7	78	35.1568	0.793	13.3753	8.388	0.7999	52.8642	4282	21.3698	73	0	73	86.8889	7038	6.0166	102	74	28	300	63.5028	0.9349	22.9716	18	0.5974	15.9801	26.8973	73	0	88.3854	13.7934	141	63	2.4	11.6531	63	0	88.9364	15.693	141	63	0.2604	6	341.0334	67.2822	1400.9327	36.3447	21484.0137	113680.9453
88_5_merge.tif	382f59a2-497b-4ddd-9de0-e855a439f988	Cell		Positive	Annotation	Polygon	1074.1	1426.9	215	59.6928	0.7582	22.1737	12.5339	0.7976	70.055	15272	8.4497	93	0	93	86.9404	18953	12.7471	110	55	55	412	76.4404	0.8861	25.8788	21.1059	0.3665	41.019	34.5005	93	0	73.5833	21.9242	113	15	9.6832	22.4262	73	0	59.1683	20.5971	113	15	0.5204	5	59.4689	25.6533	154.4485	15.7389	660.7792	1972.0841
88_5_merge.tif	c7bee381-dcc0-46b8-80ef-99c622933384	Cell		Positive	Annotation	Polygon	947.65	1434.3	63	30.6429	0.8431	11.0912	7.7657	0.7583	64.1449	4426	13.1499	85	0	85	109.5072	7556	27.5359	149	59	90	266	58.9232	0.9628	20.7847	16.7723	0.5846	17.3843	29.2384	85	0	97.7948	33.7117	161	35	1.1709	8.199	61	0	93.7337	34.7526	161	35	0.2412	5	634.5684	390.2405	1456.5237	30.1209	15115.25	45854.5273
88_5_merge.tif	aa72e9d8-07f0-47f1-a7be-17bd60b34fcf	Cell		Positive	Annotation	Polygon	977.7	1441.1	227	71.4586	0.5586	30.6873	11.4381	0.9333	101.7269	23092	27.7647	153	0	153	106.3745	24147	43.9058	207	25	182	599	98.3173	0.7787	39.1536	19.8467	0.8772	40.67	51.8947	153	0	75.045	39.9065	207	11	3.5121	14.4501	73	0	55.9786	20.7297	128	11	0.3805	4	132.4346	66.4104	366.7966	30.1209	4861.2852	14089.9121
88_5_merge.tif	cf533036-f5ff-4287-a9e9-997c34d07682	Cell		Positive	Annotation	Polygon	1086.3	1441.4	46	29.6587	0.6571	11.6099	5.815	0.9057	53.8039	2744	20.1614	72	0	72	87.8627	4481	12.2524	112	68	44	169	48.6311	0.898	17.2176	13.4316	0.5495	16.6512	27.305	72	0	88.0872	15.7264	123	58	0.9917	7.6914	63	0	88.1818	17.025	123	58	0.2808	3	32.7014	16.6305	70.303	11.1706	203.7731	309.2471
88_5_merge.tif	d6981b53-93ab-4840-98f4-fa8b49b511de	Cell		Positive	Annotation	Polygon	1227.1	1445.8	101	37.0993	0.9221	13.4251	10.493	0.5985	89.7941	9159	20.6998	130	57	73	123.7941	12627	42.2858	198	49	149	321	64.7345	0.9626	22.1279	19	0.4363	28.6366	43.431	130	0	91.6708	46.3387	198	10	0.2818	4.18	62	0	76.7773	40.2404	187	10	0.3093	6	155.4775	166.2997	225.8998	77.8179	5124.2681	13837.6621
88_5_merge.tif	0294d14c-20ff-4b98-a68a-129c61fe81e5	Cell		Positive	Annotation	Polygon	1072.3	1444	24	22.5485	0.5932	9.5163	3.7599	0.9238	45.2593	1222	27.4641	68	0	68	47.2593	1276	10.1322	67	31	36	132	43.6087	0.8722	17.0035	10.1509	0.8074	10.4887	23.0719	68	0	48.6015	9.838	74	29	1.6321	9.6098	59	0	48.9434	9.7813	74	29	0.1884	7	90.6297	77.043	317.866	11.1706	3431.1033	14089.9121
88_5_merge.tif	03a8d306-1e9a-43ab-a085-df79370e84ac	Cell		Positive	Annotation	Polygon	1513.2	1449.6	34	22.602	0.8364	8.7924	4.7595	0.8368	63.973	2367	24.9003	95	0	95	14.0811	521	6.3569	27	2	25	160	45.4529	0.9732	15.2564	13.6421	0.3895	14.7019	29.4688	95	0	20.8323	12.3538	53	1	0	0	0	0	22.8468	12.996	53	1	0.203	6	153.1016	166.6036	255.8537	12.0796	6106.7817	17041.293
88_5_merge.tif	d49aab34-6f9e-4f0e-8904-8d0ad94bad6f	Cell		Positive	Annotation	Polygon	1520.7	1462.7	66	31.7972	0.8203	12.7372	7.2447	0.8339	77.1831	5480	13.4316	105	57	48	10.8451	770	5.8399	26	2	24	229	55.3758	0.9384	19.3829	16.017	0.4762	23.7229	36.4507	105	0	13.0649	6.8111	33	2	0	0	0	0	14.05	6.994	33	2	0.2939	8	143.4341	136.9134	258.9317	12.0796	4970.0332	20389.3164
88_5_merge.tif	46e4f36f-b40d-4f5b-856a-36c86752da4c	Cell		Positive	Annotation	Polygon	1150.9	1462.3	47	24.6651	0.9708	8.0524	7.5422	0.4363	62.8776	3081	26.1921	97	0	97	162.3673	7956	24.6954	197	105	92	218	52.7055	0.9862	17.1791	16	0.2751	14.6484	29.3451	97	0	124.4429	48.0667	208	41	0.7471	6.8674	64	0	113.5118	47.6431	208	41	0.2059	7	139.6086	84.8732	278.2476	70.303	4217.3794	11890.1934
88_5_merge.tif	2075ffc8-ace4-45a5-80b1-e35baff6f978	Cell		Positive	Annotation	Polygon	2358.2	1492.6	85	37.7427	0.7498	15.1857	7.7733	0.8404	78.2727	6888	12.0799	101	57	44	150.0909	13208	35.6024	186	47	139	314	65.7683	0.9122	24.2252	16.222	0.7306	21.9363	35.7816	101	0	112.1624	51.427	186	4	0	0	0	0	97.3938	49.0641	179	4	0.2729	9	325.0487	260.9283	634.381	173.1174	27205.4199	81020.7188
88_5_merge.tif	6fac58c6-7001-427d-91cd-a075015d3b9f	Cell		Positive	Annotation	Polygon	1268.9	1525.2	115	43.8261	0.7524	18.2993	8.4853	0.8886	81.4696	9369	15.1503	116	57	59	132.3652	15222	24.8028	175	71	104	366	71.4773	0.9002	27.305	16.9706	0.7738	25.8556	38.8116	116	0	113.2262	39.2475	180	14	0.4762	5.3376	62	0	104.4921	41.5005	180	14	0.305	7	203.352	227.759	274.0402	89.4822	12632.4395	24990.0879
88_5_merge.tif	d1ecef6f-5bd8-4e27-be60-d703fc38349b	Cell		Positive	Annotation	Polygon	1574.3	1577.2	108	42.2022	0.762	15.6084	9.9769	0.7336	59.713	6867	13.5107	76	0	76	139.087	15995	11.0791	172	106	66	239	62.5279	0.7682	23.953	15.6725	0.7477	32.3719	31.2858	76	0	137.5289	19.9539	180	71	7.6142	20.1719	67	0	136.1181	25.422	180	71	0.4633	4	41.6364	13.4499	129.2018	10.4438	442.9914	860.9877
88_5_merge.tif	2ad3a431-97ff-4457-89e2-b1646bcb71db	Cell		Positive	Annotation	Polygon	1559.6	1583.4	137	49.923	0.6908	17.7068	12.3713	0.7201	67.2797	9621	10.8779	89	0	89	154.007	22023	20.6365	181	84	97	367	73.4587	0.8547	26.5352	19.2595	0.6845	28.5425	33.8081	89	0	144.1616	34.4516	184	56	3.5901	14.496	75	0	137.8198	39.726	184	56	0.3761	5	41.8775	23.1284	127.7006	13.5079	532.0538	1367.4528
88_5_merge.tif	8f82f2c6-2ba3-41ef-99f7-550b83d997ec	Cell		Positive	Annotation	Polygon	1588.3	1577.8	35	22.4014	0.8765	7.5665	6.2951	0.4329	59.9231	2337	14.8242	76	0	76	48.2564	1882	18.3213	104	19	85	131	44.1062	0.8462	16.4095	11.6417	0.6763	19.6194	29.261	76	0	62.3881	26.3419	135	19	3.0737	13.1143	61	0	68.1895	27.0041	135	20	0.2571	7	103.268	26.0936	264.4763	13.3919	2712.3643	12197.042
88_5_merge.tif	f17ace57-3a09-45c9-ab74-31e98977c18f	Cell		Positive	Annotation	Polygon	1592.6	1591.6	133	52.4073	0.6085	16.2031	13.751	0.6622	65.563	8851	17.6929	96	0	96	129.6074	17497	41.7814	199	60	139	342	70.8176	0.8569	25.3491	18.1282	0.7482	27.3536	34.0349	96	0	132.1159	39.4174	199	52	2.7905	12.5154	62	0	133.7286	37.834	199	52	0.3788	4	16.3729	16.4089	20.2448	12.4292	91.4119	186.5487
88_5_merge.tif	c021c0f0-6623-4c27-b71f-3207011de9af	Cell		Positive	Annotation	Polygon	1574.4	1591	26	17.4693	1	5.8468	5.175	0.2409	46.3846	1206	26.0815	68	0	68	169.3846	4404	4.119	177	163	14	98	36.4435	0.9272	12.8478	9.968	0.5851	14.8812	26.129	68	0	170.1188	6.4997	184	147	3.96	14.9399	65	0	170.3733	7.1486	184	147	0.2127	7	24.1036	19.0696	43.5408	10.4438	227.8452	631.9022
88_5_merge.tif	e8cfd524-903e-4827-a1e5-451a3e93548f	Cell		Positive	Annotation	Polygon	1543.5	1597	41	22.3479	1	7.6434	6.6388	0.503	60.8293	2494	18.0512	75	0	75	126.1219	5171	23.8613	167	88	79	169	47.4516	0.9432	16.4324	13.324	0.5691	14.5	27.4212	75	0	120.5407	37.069	180	46	0	0	0	0	118.7939	40.2417	180	46	0.212	4	51.5097	27.2795	138.1036	13.3764	817.2232	1581.9062
88_5_merge.tif	1763f72c-1a4d-43cb-b06b-5fe7fc217edc	Cell		Positive	Annotation	Polygon	1601.6	1603.4	54	32.6318	0.6373	12.9654	5.9936	0.9211	53.9107	3019	20.9521	73	0	73	134.6786	7542	22.5655	178	89	89	162	53.5188	0.7107	20.7487	12.3134	0.8385	19.7284	28.8816	73	0	138.0062	23.598	191	87	1.6698	9.8336	60	0	139.7641	24.0438	191	87	0.3243	6	166.1579	32.0896	627.2676	10.3152	17077.8477	87987.2734
88_5_merge.tif	bb756d6a-13ab-48d4-bd4c-74e9c3108647	Cell		Positive	Annotation	Polygon	1548.6	1610.8	120	54.3603	0.5103	20.7974	10.9863	0.8888	42.7025	5167	28.0914	72	0	72	182.1157	22036	10.3491	208	152	56	385	77.6643	0.8021	29.3116	17.8692	0.8293	13.9278	25.626	72	0	177.6108	16.0166	208	118	0.8876	7.2175	63	0	175.5693	17.6492	201	118	0.3108	5	24.6313	26.5251	33.0908	13.3764	220.3773	305.5159
88_5_merge.tif	585aac54-eadf-40c2-a203-0678b58192fd	Cell		Positive	Annotation	Polygon	1594.5	1613.8	60	31.7356	0.7486	11.6062	6.7338	0.8425	41.3231	2686	27.8624	70	0	70	141.5538	9201	12.3289	168	117	51	217	53.9451	0.9371	18.5125	15.9617	0.3992	13.5409	25.0596	70	0	152.5	18.942	194	117	1.8903	10.3933	61	0	157.0903	19.3724	194	121	0.281	6	29.3682	29.993	43.3252	10.3152	316.0944	659.1633
88_5_merge.tif	b5f69cdd-5b1f-4564-bcd9-59d9f928b983	Cell		Positive	Annotation	Polygon	1524.9	1622.4	62	34.1877	0.6666	13.1238	7.7854	0.8539	55.8451	3965	23.3768	80	0	80	179.0704	12714	8.2346	195	159	36	287	62.367	0.9272	22.3918	16.934	0.6798	13.7674	26.7321	80	0	181.2465	12.4871	200	148	0	0	0	0	181.9585	13.533	200	148	0.2228	7	121.9608	31.4305	309.886	19.8981	7246.9214	24990.0879
88_5_merge.tif	7427eaa4-4a58-4d02-910e-431117ef410c	Cell		Positive	Annotation	Polygon	1555.1	1628	63	34.6786	0.6583	13.3362	7.57	0.84	53.1096	3877	21.6459	73	0	73	163.0274	11901	12.4275	186	138	48	263	60.3951	0.9061	21.8103	16.731	0.5542	16.0112	27.0553	73	0	162.791	21.5468	201	120	2.1231	11.0353	61	0	162.7026	24.1166	201	120	0.2511	7	31.3409	31.4148	43.5408	17.4471	372.162	659.1633
88_5_merge.tif	0275637c-8a3c-4dc9-8d50-3b3589d6175e	Cell		Positive	Annotation	Polygon	1599.1	1640.2	278	70.0612	0.7117	25.4646	16.4994	0.7514	74.1779	20844	10.8547	103	57	46	139.5267	39207	18.7157	182	78	104	592	94.0665	0.8407	33.3022	25.466	0.593	38.0084	37.3368	103	0	141.2766	21.7571	204	78	5.4327	17.3463	65	0	142.8526	24.0926	204	96	0.468	6	320.5992	316.522	622.386	21.9356	30160.9863	124994.9844
88_5_merge.tif	7ce06aaa-4275-444f-89b2-a73beb37170f	Cell		Positive	Annotation	Polygon	1526.5	1642.7	76	35.5277	0.7566	12.5531	9.3852	0.3642	57.2805	4697	23.9754	88	0	88	157.9756	12954	18.2554	185	109	76	297	63.5179	0.9251	21.8713	18.6817	0.406	17.3522	29.1965	88	0	155.2625	32.0759	198	62	2.4018	11.6309	61	0	154.2466	35.892	198	62	0.2682	7	146.3445	33.2471	313.287	19.8981	6411.5986	31380.5527
88_5_merge.tif	0ecba2c2-421e-4076-8687-21a5ea38d133	Cell		Positive	Annotation	Polygon	1553	1645.7	134	49.4838	0.6877	17.8327	10.7772	0.7756	62.7447	8847	15.3378	83	0	83	147.0213	20730	15.7487	184	114	70	351	71.343	0.8666	26.523	18.2748	0.726	27.1921	32.5069	83	0	153.1638	19.3318	196	97	3.6573	14.3868	64	0	157.23	20.4152	196	97	0.3907	5	20.7468	17.5587	27.8964	15.434	189.0388	244.8666
88_5_merge.tif	be408661-7801-412a-b779-f7aa9eb9927e	Cell		Positive	Annotation	Polygon	1579.3	1651	167	53.9422	0.7212	19.4675	12.3689	0.8185	65.5385	11076	12.1288	87	0	87	164.6982	27834	12.4283	189	137	52	356	73.4334	0.8296	26.7608	19.7093	0.7054	35.0392	33.4388	87	0	161.0084	13.3805	189	122	7.6223	20.0035	68	0	157.6915	13.3681	183	122	0.449	8	142.7013	31.3254	617.7125	14.4814	11452.0996	91388.3281
88_5_merge.tif	ef8b3d07-6fd8-4a53-8bd0-cc9fe23e75ed	Cell		Positive	Annotation	Polygon	1566.8	1657.7	98	36.4258	0.9281	13.2514	9.7779	0.5346	68.3137	6968	6.8592	86	57	29	177.5098	18106	8.5882	192	159	33	179	51.5341	0.847	19.5112	12.6977	0.7465	40.4022	33.679	86	0	176.1196	9.1662	192	151	5.6829	17.3958	61	0	174.3902	9.6119	190	151	0.5385	3	14.8983	14.7793	15.434	14.4814	73.852	107.8555
88_5_merge.tif	766ecea6-631f-45e6-a7eb-4539d41d9d5b	Cell		Positive	Annotation	Polygon	1551.2	1663.8	114	45.7588	0.6842	18.5211	7.9566	0.8925	67.1933	7996	11.7345	88	0	88	191.0588	22736	4.5664	199	174	25	331	68.2411	0.8932	26.2632	16.2777	0.78	24.9433	33.1371	88	0	186.3672	9.3007	199	152	1.6667	9.8957	65	0	183.7824	10.2	199	152	0.3487	7	149.445	33.2471	335.519	14.7793	2556.7561	10565.5801
88_5_merge.tif	17dec0b6-635b-46e1-90d0-355f1c66b631	Cell		Positive	Annotation	Polygon	1225.5	1703.5	166	50.732	0.8105	19.8542	11.0559	0.8266	100.2412	17041	30.3101	172	57	115	69.8824	11880	55.1337	185	7	178	449	78.5088	0.9154	28.9575	19.9042	0.7244	39.2411	51.833	172	0	52.8164	43.8874	185	2	2.4681	12.3002	69	0	42.5284	31.3174	137	2	0.3744	7	166.5012	183.8915	309.886	32.2076	6373.4868	24990.0879
88_5_merge.tif	1cd114ac-70e7-4a86-af97-e2da4f1d5e6c	Cell		Positive	Annotation	Polygon	2216.9	1712	81	39.6674	0.6469	17.4932	6.1976	0.9429	61.5904	5112	12.9991	80	0	80	63.6024	5279	9.7028	85	47	38	315	67.4348	0.8705	26.6161	15.0672	0.8354	18.4843	29.149	80	0	61.978	18.8326	107	10	3.2596	14.1408	77	0	61.4043	21.1236	107	10	0.2558	7	458.8633	622.386	655.0613	125.3871	43329.3867	87987.2734
88_5_merge.tif	1d7a3f28-1539-4f77-b98a-c2f8ce22f731	Cell		Positive	Annotation	Polygon	2655.1	1713.7	73	30.7897	0.9677	10.2177	9.1048	0.4867	87.0263	6614	23.0136	121	0	121	47.6447	3621	6.9199	59	30	29	269	58.4306	0.9901	19.1851	18	0.203	24.5874	41.0993	121	0	50.8587	8.9177	85	30	0	0	0	0	52.1244	9.3059	85	33	0.2643	6	428.7261	422.077	685.6204	161.5031	62212.3047	136432.2656
88_5_merge.tif	1e379943-671e-4efd-97fb-e29ebbbabe4a	Cell		Positive	Annotation	Polygon	1208.1	1730.7	128	43.3127	0.8574	16.8166	11.0407	0.7485	73.2273	9666	11.7666	106	57	49	48.4394	6394	27.2159	162	17	145	326	67.6759	0.8945	23.083	19.893	0.4264	30.9666	36.6576	106	0	48.6109	30.9881	170	2	2.6497	12.1451	61	0	48.7259	33.3448	170	2	0.3913	3	23.0208	20.7079	32.9547	15.3997	184.4339	319.648
88_5_merge.tif	140c164d-defa-4cc6-b3aa-36a8e45c5a5b	Cell		Positive	Annotation	Polygon	1228.1	1736	174	49.295	0.8998	17.5368	13.5903	0.6682	74.9056	13483	16.6158	116	0	116	51.6056	9289	31.4299	141	12	129	435	76.0742	0.9445	26.6586	22	0.5281	31.4142	38.4072	116	0	42.2082	29.3098	141	2	0.9533	7.6033	65	0	35.6265	25.8224	130	2	0.3993	5	125.0496	34.3664	313.287	20.7079	6688.4648	31380.5527
88_5_merge.tif	8d8d0c18-4d21-40dc-a547-2e589aa34aab	Cell		Positive	Annotation	Polygon	1192.5	1738.2	54	31.1511	0.6993	13.184	5.6494	0.897	56.0172	3249	17.6033	69	0	69	92.1552	5345	17.3527	155	71	84	213	54.0528	0.9161	19.8273	14.9076	0.6611	15.6837	26.8567	69	0	94.8	23.0556	164	40	0.7834	6.9248	64	0	95.7771	24.8115	164	40	0.2472	13	338.5684	317.866	858.4855	15.3997	9480.9443	45854.5273
88_5_merge.tif	236a7137-9fbd-4cf4-a4aa-e2d460d0f455	Cell		Positive	Annotation	Polygon	2499.6	1756.9	58	27.3187	0.9766	10.0559	6.8554	0.728	80.7627	4765	15.3256	110	57	53	46	2714	7.0711	64	36	28	233	54.7351	0.9773	18.8349	15	0.5699	20.2766	35.9153	110	0	45.2851	8.9548	72	21	0	0	0	0	45.0455	9.509	72	21	0.2313	6	305.3043	297.8232	445.8466	161.5031	34739.8828	75871.5312
88_5_merge.tif	90b021df-bb94-4d32-b647-6e96aa8d768e	Cell		Positive	Annotation	Polygon	2163.8	1825.9	98	38.1578	0.8458	13.8345	9.8341	0.687	83.5865	8693	19.5734	131	57	74	168.125	17485	20.6184	197	114	83	339	67.3499	0.9392	24.2919	18.6737	0.6207	26.0176	40.0725	131	0	164.1701	32.5528	210	82	0.7553	6.698	65	0	162.4346	36.4857	210	82	0.2949	6	425.022	447.3664	594.9583	125.3871	65788.3281	133365.1875
88_5_merge.tif	75d8bcb1-864f-46dd-ae9c-de784c94cf2f	Cell		Positive	Annotation	Polygon	1384.3	1895.2	64	31.5618	0.8074	12.1306	6.9783	0.8165	65.8308	4279	13.7609	86	0	86	35.3692	2299	8.2813	53	20	33	223	55.4948	0.9099	19.2083	15	0.5016	19.2756	30.8781	86	0	38.5156	14.4491	100	10	0.3625	4.5853	58	0	39.7938	16.1503	100	10	0.2788	6	190.5418	236.7858	291.3597	10.4692	8440.4805	31380.5527
88_5_merge.tif	b86f14dc-4b97-4a09-965b-f74b8c2c4ff9	Cell		Positive	Annotation	Polygon	1386	1908.8	39	22.6723	0.9534	7.977	6.3686	0.6749	66.0244	2707	16.7175	84	0	84	38.0732	1561	18.9412	91	14	77	148	45.4097	0.9019	15.7863	11.8829	0.6425	17.9272	30.7005	84	0	57.5497	38.0494	156	10	0	0	0	0	64.8091	40.8019	156	10	0.2578	4	107.5089	81.4251	256.7162	10.4692	1605.2854	4843.8828
88_5_merge.tif	017a10d9-8244-4ce2-87cc-8676b5698f38	Cell		Positive	Annotation	Polygon	2739.8	1930	106	39.9428	0.8349	13.9752	10.0849	0.6755	96.1518	10769	30.3657	162	57	105	55.125	6174	7.4157	75	36	39	359	68.6236	0.958	23.1565	18.8823	0.5528	31.125	47.6936	162	0	58.3528	7.9012	84	36	1.7581	10.4144	78	0	59.8105	7.692	84	44	0.3074	7	410.2027	333.9534	782.2592	232.2543	65011.8125	209026.2812
88_5_merge.tif	da14690c-9c5a-4d9a-9e38-619d41929427	Cell		Positive	Annotation	Polygon	1425.2	1964.2	63	30.8378	0.8325	10.8987	7.3713	0.7185	65.5588	4458	10.7055	82	0	82	195	13260	16.6285	219	149	70	215	54.0738	0.924	18.3306	15.5128	0.3287	21.2385	31.2171	82	0	183.5183	34.641	222	54	1.1467	8.0538	58	0	178.3133	39.1903	222	54	0.2997	5	102.8619	70.6627	328.1507	9.9981	2486.9187	10565.5801
88_5_merge.tif	31bb5461-1c16-4b30-a73e-3628537368f0	Cell		Positive	Annotation	Polygon	1431.1	1976.1	26	19.37	0.8708	6.9821	5.1663	0.5609	54.6207	1584	19.1282	69	0	69	116.7241	3385	19.9032	145	66	79	103	36.4161	0.976	12.5521	9.9398	0.6001	16.375	27.1569	69	0	79.2404	33.5726	145	17	1.5867	9.6536	61	0	64.7467	25.6009	135	17	0.2537	5	246.2331	335.519	511.9691	9.9981	20035.4707	91388.3281
88_5_merge.tif	f63af2b3-414f-434c-8ca5-0bc320910aa7	Cell		Positive	Annotation	Polygon	1423.5	1991	260	79.7034	0.5143	32.3033	13.0165	0.914	94.6151	25073	34.5481	160	0	160	56.7811	15047	31.7577	161	7	154	623	103.9333	0.7248	40.8112	21.9167	0.8486	43.384	51.2341	160	0	58.672	37.2716	170	4	5.6722	17.9249	72	0	60.0639	40.8456	170	4	0.4209	6	212.5439	190.1351	510.1945	16.5852	16688.123	63245.7148
88_5_merge.tif	026f723b-31eb-4027-a26b-2e0675ba2550	Cell		Positive	Annotation	Polygon	3311.4	2052.4	44	24.6854	0.9074	8.9626	6.9059	0.6806	76.8958	3691	25.2353	111	0	111	4.625	222	4.2307	15	0	15	216	52.5309	0.9836	17.673	15.8365	0.411	16.9312	34.0276	111	0	4.9404	4.2417	18	0	0	0	0	0	5.0294	4.253	18	0	0.2092	5	561.6855	573.1465	764.1505	331.7106	67762.75	209026.2812
88_5_merge.tif	291560c7-80f1-43e3-a2aa-17b0352a219d	Cell		Positive	Annotation	Polygon	2638.6	2180.6	405	76.089	0.8791	26.09	21.8764	0.4818	150.1244	61551	40.6855	227	69	158	13.961	5724	7.2452	37	0	37	802	102.9767	0.9504	35.0144	30	0.4502	83.2531	76.7884	227	0	16.1135	7.849	42	0	13.3112	27.4682	103	0	18.3648	7.8331	42	1	0.5096	10	375.6118	262.7158	751.7477	146.9573	42572.918	133365.1875
88_5_merge.tif	fb4d651f-585e-4257-b744-95f5779eb096	Cell		Positive	Annotation	Polygon	1898.1	2180.7	216	65.9846	0.6234	27.6459	12.6673	0.8762	65.9318	14505	15.5361	88	0	88	204.1455	44912	20.3853	230	103	127	568	93.6472	0.8139	36.337	21.6779	0.8163	26.2912	33.6477	88	0	195.7	33.5161	230	78	1.3743	9.0113	65	0	190.3914	38.697	229	78	0.3834	9	420.5102	443.7098	617.7125	28.701	39204.0273	124994.9844
88_5_merge.tif	4daadca5-7a2d-4fc0-9c63-cc7e4e92e48b	Cell		Positive	Annotation	Polygon	3008.6	2187.4	38	21.3159	1	7.1385	6.1261	0.3197	62.1053	2360	47.0967	140	0	140	103.4737	3932	15.7338	134	66	68	182	48.2944	0.9806	15.9982	14.6137	0.3033	12.5532	32.6227	140	0	99.7979	22.8387	143	56	0	0	0	0	98.8667	24.2661	143	56	0.1906	6	219.9467	182.6334	371.8693	124.2116	12261.9629	57125.2812
88_5_merge.tif	6fa5f119-8b38-4e91-b42e-d2301b2c4e58	Cell		Positive	Annotation	Polygon	1916.1	2202.3	252	72.5966	0.6009	25.0546	15.7247	0.7114	67.3822	17452	13.803	97	0	97	109.4556	28349	30.9317	201	62	139	627	93.5444	0.9004	34.7198	24	0.6949	28.5446	34.39	97	0	113.7882	41.0368	215	50	1.2846	8.6457	63	0	116.8293	46.6474	215	50	0.4052	4	343.965	312.2495	722.6597	28.701	50953.4805	133365.1875
88_5_merge.tif	688c6593-5dd5-4b24-839f-c1969c0ac3e9	Cell		Positive	Annotation	Polygon	2888.3	2228.1	134	43.8747	0.8748	15.8712	11.4832	0.6406	95.2426	12953	13.7224	122	67	55	102.6176	13956	32.8936	153	49	104	337	68.4877	0.9028	25.0844	18.3848	0.7014	55.59	42.637	122	0	91.6844	31.0678	154	38	29.0246	33.8851	89	0	84.3596	27.5236	154	38	0.3901	6	131.2379	79.2621	333.9534	11.9395	8636.0508	33831.707
88_5_merge.tif	30809223-dd03-4afb-9de3-9ae5f0d2d681	Cell		Positive	Annotation	Polygon	2897.8	2238.9	59	30.8735	0.7778	11.8672	6.5557	0.865	84.0161	5209	9.2921	102	58	44	88.8548	5509	22.3033	133	47	86	164	50.4082	0.8111	19.6415	12.3485	0.7886	43.3795	41.2883	102	0	82.2229	31.2517	177	35	19.1538	33.0627	100	0	78.2692	35.0387	177	35	0.338	3	52.1328	20.2471	124.2116	11.9395	532.5612	758.6481
88_5_merge.tif	72147ebd-f9d3-4fd4-a1e7-ce6ba0103b79	Cell		Positive	Annotation	Polygon	2861.6	2245.7	247	63.5086	0.7696	24.1156	14.9301	0.7702	94.254	23375	10.9158	118	73	45	107.5524	26673	24.7094	198	75	123	529	86.9028	0.8802	32.1839	20.7851	0.7737	77.0396	28.476	118	0	123.3528	34.2431	212	75	61.9007	30.5003	102	0	137.2482	35.4498	212	84	0.4651	6	74.0978	39.362	233.5573	18.5748	1700.9381	5927.2607
88_5_merge.tif	70687097-a917-4b81-8b8f-70fad8b6f596	Cell		Positive	Annotation	Polygon	2886.9	2257.3	397	83.7256	0.7117	28.954	19.1292	0.7971	101.2317	40189	11.0735	125	63	62	128.5869	51049	42.6523	201	44	157	708	102.7706	0.8424	35.002	27.1771	0.6442	83.7856	30.8336	125	0	121.8364	44.6788	201	42	61.5865	33.5449	111	0	113.2468	45.7796	198	42	0.5621	6	53.3145	26.6991	140.8893	20.2471	499.8707	1597.6837
88_5_merge.tif	cf7000ed-8a46-4787-bec6-d47d42f7bbf3	Cell		Positive	Annotation	Polygon	2865.2	2267.6	131	53.6802	0.5713	21.6853	9.2812	0.9205	96.2117	13181	13.8184	133	69	64	148.5912	20357	14.4536	190	121	69	336	73.07	0.7908	27.4739	15.2089	0.8438	70.0178	35.3216	133	0	149.287	21.3446	195	85	52.1642	34.3809	102	0	149.7612	25.0013	195	85	0.4009	4	36.5638	32.7067	62.2671	18.5748	351.3584	639.9757
88_5_merge.tif	b47c4513-d08c-46bb-ab01-12a22f865e2a	Cell		Positive	Annotation	Polygon	2778.8	2274.9	510	99.5172	0.6471	36.9776	22.1461	0.8275	85.3485	43101	19.6167	124	0	124	108.0396	54560	32.934	187	47	140	956	125.9536	0.7573	45.8835	31.1127	0.7772	49.4325	43.3387	124	0	104.3068	38.3375	206	30	9.1267	21.9034	73	0	100.1178	43.2674	206	30	0.5308	6	74.591	65.1754	169.1343	17.3834	2480.4192	6349.7847
88_5_merge.tif	63c7fc7a-dde7-4e94-a6b8-78d5e381408c	Cell		Positive	Annotation	Polygon	2822.4	2271.3	202	70.7378	0.5073	28.7345	12.9636	0.9187	94.5124	18997	13.9993	122	61	61	152.0796	30568	22.6897	199	117	82	565	95.4905	0.7786	37.272	21	0.8406	70.5352	29.3843	122	0	152.6039	24.8705	199	101	57.4033	27.2375	100	0	152.891	26.013	196	101	0.3452	5	38.9624	43.6342	46.8219	29.0042	410.7296	639.9757
88_5_merge.tif	6f1f7019-a102-4e48-b72a-1f8dcad05899	Cell		Positive	Annotation	Polygon	1467.9	2275.7	67	31.2281	0.8634	11.2768	8.2262	0.7025	67.1918	4905	13.7201	86	0	86	183.8904	13424	11.8375	203	162	41	269	59.0695	0.9688	20.2767	16.9706	0.5409	18.0996	30.6926	86	0	192.1845	20.2297	242	132	0	0	0	0	195.2424	21.7895	242	132	0.251	5	288.8788	288.0829	604.4716	37.521	21931.457	63245.7148
88_5_merge.tif	73676909-b00c-4a09-97dd-6d2be9de58ca	Cell		Positive	Annotation	Polygon	2797.1	2281.6	44	29.2605	0.6458	11.8291	5.4006	0.8836	51.6383	2427	20.0254	63	0	63	158.1277	7432	11.0859	183	139	44	180	49.3597	0.9284	17.5642	12.8298	0.6655	17.8579	27.3412	66	0	159.4481	15.9248	187	109	6.1838	18.3461	66	0	159.9044	17.2973	187	109	0.2317	5	29.5049	29.3944	40.1835	17.3834	302.2698	386.7227
88_5_merge.tif	019d7916-70ef-4c6e-982c-917b69b44e61	Cell		Positive	Annotation	Polygon	2701.3	2313.9	804	127.3397	0.6231	44.4832	30.0432	0.6851	123.444	99249	41.1667	211	57	154	60.4838	48629	33.1978	164	9	155	1415	150.7786	0.7821	53.3017	39.0863	0.6346	77.235	64.4457	211	0	48.2895	29.7471	164	5	16.2299	29.2539	110	0	32.1905	11.968	79	5	0.568	4	87.9822	81.8207	146.9573	41.3299	3005.0383	6349.7847
88_5_merge.tif	1b9d8905-590d-459d-a668-de9a88ab686e	Cell		Positive	Annotation	Polygon	2817	2301.7	79	33.875	0.8651	13.2449	7.7038	0.817	68.5854	5624	15.0489	104	0	104	51.8902	4255	16.1153	95	23	72	238	57.9732	0.8899	19.8068	16.542	0.387	23.2397	33.6795	104	0	62.1777	29.0106	136	14	0	0	0	0	67.45	32.57	136	14	0.3215	7	143.4729	62.2671	555.1857	18.0811	955.0541	4312.2954
88_5_merge.tif	36cf6b3a-7598-4f30-81dd-d2c79d64b77b	Cell		Positive	Annotation	Polygon	1473.3	2311.7	520	97.628	0.6856	34.7322	24.444	0.7675	100.0498	52226	24.3386	146	0	146	187.6303	97943	27.2022	232	73	159	946	120.0464	0.8249	43.5952	32.9051	0.6923	60.6177	50.7345	146	0	170.8384	48.6751	236	49	12.1859	27.3783	143	0	150.2141	60.0283	236	49	0.5459	5	194.1252	42.7779	640.4075	28.6682	3833.6436	13838.5352
88_5_merge.tif	47ea5ad7-1e3a-493b-98f3-b0e9d3e43214	Cell		Positive	Annotation	Polygon	2800.8	2312.1	203	61.345	0.6779	24.8176	12.4881	0.8937	72	15264	9.7742	94	0	94	52.316	11091	21.3306	110	7	103	438	81.7879	0.8228	32.3509	19.8107	0.7715	36.7596	36.287	94	0	55.6689	38.1905	192	2	4.1354	15.1305	64	0	58.7729	48.7183	192	2	0.4743	4	161.3725	27.1313	573.1465	18.0811	401.9002	587.1486
88_5_merge.tif	38824798-4657-469c-a63c-9176afe1a497	Cell		Positive	Annotation	Polygon	2777.3	2317	274	65.9805	0.7909	23.8707	16.7533	0.721	90.724	25312	20.6448	135	0	135	89.5305	24979	35.3032	169	28	141	566	88.2651	0.913	30.4649	25.6857	0.5154	47.2895	46.773	135	0	81.6316	47.9469	200	7	5.646	18.1308	78	0	74.0584	56.5535	200	7	0.4933	5	57.9786	42.4067	107.3885	22.7038	902.7472	1635.5184
88_5_merge.tif	748740f7-9c52-4593-bfff-2780495eb643	Cell		Positive	Annotation	Polygon	1492.9	2337	343	80.3878	0.667	32.413	15.8237	0.8763	113.6841	39221	29.568	185	57	128	181.1623	62501	29.5916	230	102	128	640	100.718	0.7928	39.1072	24.6595	0.7667	68.7302	56.4461	185	0	172.6868	40.9122	235	48	17.0333	29.0412	94	0	162.94	49.1881	235	48	0.5254	4	100.5813	94.8836	195.1592	17.3989	1756.6304	4473.8843
88_5_merge.tif	127fe3a1-7776-44ac-a492-e2e715fd93ce	Cell		Positive	Annotation	Polygon	1510.2	2336.4	27	19.555	0.8873	7.7581	4.3742	0.7992	55.0333	1651	26.0364	84	0	84	203.1	6093	5.9559	213	193	20	132	42.9616	0.8987	16.7986	10.3476	0.7935	13.9778	27.0537	84	0	206.8667	7.0919	222	192	2.2476	11.3517	61	0	207.9429	7.0463	222	192	0.197	6	185.0687	113.0114	418.9454	17.3989	13895.1025	39123.2344
88_5_merge.tif	539d67dd-18a9-4315-a078-24086d5b2c33	Cell		Positive	Annotation	Polygon	2674.8	2345	50	25.9111	0.9359	9.7494	6.4928	0.7146	64.7308	3366	25.7827	93	0	93	57.1154	2970	17.1117	95	30	65	226	53.7215	0.9841	18.4149	15.4866	0.5147	15.1504	30.0573	93	0	63.354	29.9613	149	22	0.3333	4.397	58	0	65.2184	32.6495	149	22	0.2144	6	481.9644	459.8731	1060.6991	41.3299	37714.8164	88240.7812
88_5_merge.tif	c4426986-4431-4681-9731-7a5e20d9e279	Cell		Positive	Annotation	Polygon	1912.7	2376.1	43	22.7832	1	7.8348	6.7812	0.5285	45.6591	2009	33.7446	89	0	89	197.75	8701	3.5967	207	191	16	199	50.1497	0.9943	16.4252	15	0.3145	9.9455	24.5063	89	0	191.6584	11.9375	218	156	0	0	0	0	189.962	12.8687	218	156	0.1889	8	389.905	358.578	762.6225	113.0184	41140.7656	88240.7812
88_5_merge.tif	de50b1e2-0286-4211-b840-867a4bc3ec8c	Cell		Positive	Annotation	Polygon	1567.5	2478	221	65.4991	0.6473	23.8249	14.2301	0.7904	77.9824	17702	20.1799	124	0	124	182.4846	41424	27.9915	223	111	112	574	91.3457	0.8645	32.7291	22.9569	0.6868	32.4348	40.1185	124	0	165.5861	38.1629	223	65	2.7241	12.4395	67	0	154.5632	39.8772	220	65	0.3908	5	179.3701	161.099	359.6336	61.322	13162.7803	28473.8672
88_5_merge.tif	fb0fc806-a9d8-4934-80c6-22e9ff1f904d	Cell		Positive	Annotation	Polygon	1937.1	2486.8	238	68.6292	0.635	23.0735	14.9489	0.7729	77.5042	18601	13.0887	110	0	110	118.2042	28369	36.7635	203	55	148	584	88.5137	0.9367	32.1891	23.8671	0.6709	33.1556	39.0004	110	0	121.1402	44.8217	219	29	2.3043	11.681	67	0	123.1826	49.6123	219	29	0.4088	3	393.3956	315.74	751.4284	113.0184	29413.5918	42449.7773
88_5_merge.tif	ab9e304b-3b85-4f14-9618-2d0572672915	Cell		Positive	Annotation	Polygon	1530.7	2527.2	205	65.8759	0.5936	25.4984	11.989	0.883	62.5024	13063	16.4922	85	0	85	76.5598	16001	49.8123	191	17	174	566	94.6358	0.7942	34.7943	21.0707	0.7923	23.7637	31.9288	85	0	74.4515	54.3257	210	11	1.148	8.1452	62	0	73.2207	56.8267	210	11	0.3618	6	454.1645	208.2053	1238.4357	61.322	14001.875	45854.5273
88_5_merge.tif	c38b1c37-63c5-4d06-9f73-6fe53079cfab	Cell		Positive	Annotation	Polygon	1650.2	2618.7	126	42.8292	0.8632	15.783	11.3457	0.6653	75.6279	9756	13.1566	106	57	49	102.4341	13214	53.5673	214	34	180	373	70.5479	0.9418	24.714	20	0.5776	25.9468	36.7639	106	0	104.5346	50.4154	214	29	0	0	0	0	105.6316	48.7646	202	29	0.3309	5	409.4796	315.74	1060.6991	150.3334	33422.9258	88240.7812
